MARKER	CHR	MALE_POS	FEMALE_POS	P1xP2	P1xP2	P1xP2	P1xP2	P1xP2	P1xP2	P1xP2	P1xP2	P1xP2	P1xP2	P1xP2	P1xP2	P1xP2	P1xP2	P1xP2	P1xP2	P1xP2	P1xP2	P1xP2	P1xP2	P1xP2	P1xP2	P1xP2	P1xP2	P1xP2	P1xP2	P1xP2	P1xP2	P1xP2	P1xP2	P1xP2	P1xP2	P1xP2	P1xP2	P1xP2	P1xP2	P1xP2	P1xP2	P1xP2	P1xP2	P1xP2	P1xP2	P1xP2	P1xP2	P1xP2	P1xP2	P1xP2	P1xP2	P1xP2	P1xP2	P1xP2	P1xP2	P1xP2	P1xP2	P1xP2	P1xP2	P1xP2	P1xP2	P1xP2	P1xP2	P1xP2	P1xP2	P1xP2	P1xP2	P1xP2	P1xP2	P1xP2	P1xP2	P1xP2	P1xP2	P1xP2	P1xP2	P1xP2	P1xP2	P1xP2	P1xP2	P1xP2	P1xP2	P1xP2	P1xP2	P1xP2	P1xP2	P1xP2	P1xP2	P1xP2	P1xP2	P1xP2	P1xP2
MARKER	CHR	MALE_POS	FEMALE_POS	P1	P2	C1	C2	C3	C4	C5	C6	C7	C8	C9	C10	C11	C12	C13	C14	C15	C16	C17	C18	C19	C20	C21	C22	C23	C24	C25	C26	C27	C28	C29	C30	C31	C32	C33	C34	C35	C36	C37	C38	C39	C40	C41	C42	C43	C44	C45	C46	C47	C48	C49	C50	C51	C52	C53	C54	C55	C56	C57	C58	C59	C60	C61	C62	C63	C64	C65	C66	C67	C68	C69	C70	C71	C72	C73	C74	C75	C76	C77	C78	C79	C80	C81	C82	C83	C84	C85	C86
MARKER	CHR	MALE_POS	FEMALE_POS	0	0	P1	P1	P1	P1	P1	P1	P1	P1	P1	P1	P1	P1	P1	P1	P1	P1	P1	P1	P1	P1	P1	P1	P1	P1	P1	P1	P1	P1	P1	P1	P1	P1	P1	P1	P1	P1	P1	P1	P1	P1	P1	P1	P1	P1	P1	P1	P1	P1	P1	P1	P1	P1	P1	P1	P1	P1	P1	P1	P1	P1	P1	P1	P1	P1	P1	P1	P1	P1	P1	P1	P1	P1	P1	P1	P1	P1	P1	P1	P1	P1	P1	P1	P1	P1	P1	P1
MARKER	CHR	MALE_POS	FEMALE_POS	0	0	P2	P2	P2	P2	P2	P2	P2	P2	P2	P2	P2	P2	P2	P2	P2	P2	P2	P2	P2	P2	P2	P2	P2	P2	P2	P2	P2	P2	P2	P2	P2	P2	P2	P2	P2	P2	P2	P2	P2	P2	P2	P2	P2	P2	P2	P2	P2	P2	P2	P2	P2	P2	P2	P2	P2	P2	P2	P2	P2	P2	P2	P2	P2	P2	P2	P2	P2	P2	P2	P2	P2	P2	P2	P2	P2	P2	P2	P2	P2	P2	P2	P2	P2	P2	P2	P2
MARKER	CHR	MALE_POS	FEMALE_POS	1	2	0	0	0	0	0	0	0	0	0	0	0	0	0	0	0	0	0	0	0	0	0	0	0	0	0	0	0	0	0	0	0	0	0	0	0	0	0	0	0	0	0	0	0	0	0	0	0	0	0	0	0	0	0	0	0	0	0	0	0	0	0	0	0	0	0	0	0	0	0	0	0	0	0	0	0	0	0	0	0	0	0	0	0	0	0	0
MARKER	CHR	MALE_POS	FEMALE_POS	0	0	0	0	0	0	0	0	0	0	0	0	0	0	0	0	0	0	0	0	0	0	0	0	0	0	0	0	0	0	0	0	0	0	0	0	0	0	0	0	0	0	0	0	0	0	0	0	0	0	0	0	0	0	0	0	0	0	0	0	0	0	0	0	0	0	0	0	0	0	0	0	0	0	0	0	0	0	0	0	0	0	0	0	0	0	0	0
118	0	0.000	0.000	12	12	11	11	12	22	22	12	21	12	21	22	22	22	12	11	22	12	12	22	12	22	12	12	21	22	21	11	21	22	12	21	22	12	11	21	12	11	11	21	11	21	22	22	21	12	12	22	12	21	21	22	22	12	11	12	12	21	11	12	22	21	22	21	21	11	12	22	22	11	22	21	12	22	21	22	12	22	22	22	21	12	21	11	12	11	22	11
121	0	0.000	2.381	12	12	11	11	12	22	22	12	21	12	21	22	22	22	12	11	22	12	12	21	12	22	12	12	21	22	21	11	21	22	12	21	22	12	11	21	12	11	11	21	11	21	22	22	21	12	12	22	12	21	21	22	22	12	11	12	12	21	11	12	22	22	22	21	21	11	12	22	22	11	22	21	12	22	21	22	12	22	22	22	21	12	21	11	12	11	22	11
119	0	0.000	2.381	12	12	11	11	12	22	22	12	21	12	21	22	22	22	12	11	22	12	12	21	12	22	12	12	21	22	21	11	21	22	12	21	22	12	11	21	12	11	11	21	11	21	22	22	21	12	12	22	12	21	21	22	22	12	11	12	12	21	11	12	22	22	22	21	21	11	12	22	22	11	22	21	12	22	21	22	12	22	22	22	21	12	21	11	12	11	22	11
120	0	0.000	2.381	12	12	11	11	12	22	22	12	21	12	21	22	22	22	12	11	22	12	12	21	12	22	12	12	21	22	21	11	21	22	12	21	22	12	11	21	12	11	11	21	11	21	22	22	21	12	12	22	12	21	21	22	22	12	11	12	12	21	11	12	22	22	22	21	21	11	12	22	22	11	22	21	12	22	21	22	12	22	22	22	21	12	21	11	12	11	22	11
116	0	0.000	3.558	12	12	11	11	12	22	22	12	21	12	21	22	22	22	12	11	22	12	12	21	12	22	12	12	21	22	21	11	22	22	12	21	22	12	11	21	12	11	11	21	11	21	22	22	21	12	12	22	12	21	21	22	22	12	11	12	12	21	11	12	22	22	22	21	21	11	12	22	22	11	22	21	12	22	21	22	12	22	22	22	21	12	21	11	12	11	22	11
117	0	0.000	3.558	12	12	11	11	12	22	22	12	21	12	21	22	22	22	12	11	22	12	12	21	12	22	12	12	21	22	21	11	22	22	12	21	22	12	11	21	12	11	11	21	11	21	22	22	21	12	12	22	12	21	21	22	22	12	11	12	12	21	11	12	22	22	22	21	21	11	12	22	22	11	22	21	12	22	21	22	12	22	22	22	21	12	21	11	12	11	22	11
122	0	0.000	3.558	12	12	11	11	12	22	22	12	21	12	21	22	22	22	12	11	22	12	12	21	12	22	12	12	21	22	21	11	22	22	12	21	22	12	11	21	12	11	11	21	11	21	22	22	21	12	12	22	12	21	21	22	22	12	11	12	12	21	11	12	22	22	22	21	21	11	12	22	22	11	22	21	12	22	21	22	12	22	22	22	21	12	21	11	12	11	22	11
123	0	0.000	3.558	12	12	11	11	12	22	22	12	21	12	21	22	22	22	12	11	22	12	12	21	12	22	12	12	21	22	21	11	22	22	12	21	22	12	11	21	12	11	11	21	11	21	22	22	21	12	12	22	12	21	21	22	22	12	11	12	12	21	11	12	22	22	22	21	21	11	12	22	22	11	22	21	12	22	21	22	12	22	22	22	21	12	21	11	12	11	22	11
115	0	0.000	5.939	12	12	11	11	12	22	22	12	21	12	21	22	22	22	12	11	22	12	12	21	12	22	12	12	21	22	21	11	22	22	12	21	22	12	11	21	12	11	11	21	11	21	22	22	21	12	12	22	12	21	21	22	22	12	12	12	12	21	11	12	22	22	22	21	21	11	12	22	22	11	22	21	12	22	21	22	12	22	22	22	22	12	21	11	12	11	22	11
114	0	1.177	8.321	12	12	11	11	12	22	22	12	21	12	21	22	22	21	12	11	22	12	12	21	12	22	12	12	21	22	21	11	22	22	12	21	22	12	11	21	12	11	11	21	11	21	22	22	21	12	12	22	12	21	21	22	22	12	12	12	12	21	11	12	22	22	22	21	21	11	12	12	22	11	22	22	12	22	21	22	12	22	22	22	22	12	21	11	12	11	22	11
113	0	1.177	8.321	12	12	11	11	12	22	22	12	21	12	21	22	22	21	12	11	22	12	12	21	12	22	12	12	21	22	21	11	22	22	12	21	22	12	11	21	12	11	11	21	11	21	22	22	21	12	12	22	12	21	21	22	22	12	12	12	12	21	11	12	22	22	22	21	21	11	12	12	22	11	22	22	12	22	21	22	12	22	22	22	22	12	21	11	12	11	22	11
111	0	1.177	9.497	12	12	11	11	12	22	22	12	21	12	21	22	22	21	12	11	22	12	12	21	12	22	12	12	21	22	21	11	22	22	12	21	22	12	11	21	12	11	11	21	11	21	22	22	21	12	12	22	12	21	21	22	22	12	12	12	12	21	11	12	22	22	22	21	21	11	12	12	22	12	22	22	12	22	21	22	12	22	22	22	22	12	21	11	12	11	22	11
112	0	1.177	9.497	12	12	11	11	12	22	22	12	21	12	21	22	22	21	12	11	22	12	12	21	12	22	12	12	21	22	21	11	22	22	12	21	22	12	11	21	12	11	11	21	11	21	22	22	21	12	12	22	12	21	21	22	22	12	12	12	12	21	11	12	22	22	22	21	21	11	12	12	22	12	22	22	12	22	21	22	12	22	22	22	22	12	21	11	12	11	22	11
109	0	2.353	10.674	12	12	11	11	12	22	22	12	21	12	21	22	22	21	12	11	22	12	12	21	12	22	12	12	21	22	21	11	22	22	12	21	22	12	11	21	12	11	11	21	11	21	22	22	21	12	12	22	12	21	21	22	22	12	12	12	12	21	11	12	22	12	22	21	21	11	12	11	22	12	22	22	12	22	21	22	12	22	22	22	22	12	21	11	12	11	22	11
108	0	2.353	10.674	12	12	11	11	12	22	22	12	21	12	21	22	22	21	12	11	22	12	12	21	12	22	12	12	21	22	21	11	22	22	12	21	22	12	11	21	12	11	11	21	11	21	22	22	21	12	12	22	12	21	21	22	22	12	12	12	12	21	11	12	22	12	22	21	21	11	12	11	22	12	22	22	12	22	21	22	12	22	22	22	22	12	21	11	12	11	22	11
107	0	2.353	10.674	12	12	11	11	12	22	22	12	21	12	21	22	22	21	12	11	22	12	12	21	12	22	12	12	21	22	21	11	22	22	12	21	22	12	11	21	12	11	11	21	11	21	22	22	21	12	12	22	12	21	21	22	22	12	12	12	12	21	11	12	22	12	22	21	21	11	12	11	22	12	22	22	12	22	21	22	12	22	22	22	22	12	21	11	12	11	22	11
106	0	2.353	10.674	12	12	11	11	12	22	22	12	21	12	21	22	22	21	12	11	22	12	12	21	12	22	12	12	21	22	21	11	22	22	12	21	22	12	11	21	12	11	11	21	11	21	22	22	21	12	12	22	12	21	21	22	22	12	12	12	12	21	11	12	22	12	22	21	21	11	12	11	22	12	22	22	12	22	21	22	12	22	22	22	22	12	21	11	12	11	22	11
110	0	3.530	10.674	12	12	11	11	12	22	22	12	21	12	21	22	22	21	12	11	22	12	12	21	12	22	12	12	21	22	21	11	22	22	12	21	22	12	11	21	12	11	11	21	11	21	22	22	21	12	12	22	12	21	21	22	22	12	12	12	12	21	11	12	22	12	22	21	21	11	12	21	22	12	22	22	12	22	21	22	12	22	22	22	22	12	21	11	12	11	22	11
105	0	4.706	13.055	12	12	11	11	12	22	22	22	22	12	21	22	22	21	12	11	21	12	12	21	12	22	12	12	21	22	21	11	22	22	12	21	22	12	11	21	12	11	11	21	11	21	22	22	21	12	12	22	12	21	21	22	22	12	12	12	12	21	11	12	22	12	22	21	21	11	12	21	22	12	22	22	12	22	21	22	12	22	22	22	22	12	21	11	12	11	22	11
104	0	4.706	13.055	12	12	11	11	12	22	22	22	22	12	21	22	22	21	12	11	21	12	12	21	12	22	12	12	21	22	21	11	22	22	12	21	22	12	11	21	12	11	11	21	11	21	22	22	21	12	12	22	12	21	21	22	22	12	12	12	12	21	11	12	22	12	22	21	21	11	12	21	22	12	22	22	12	22	21	22	12	22	22	22	22	12	21	11	12	11	22	11
103	0	5.883	14.232	12	12	11	11	12	22	22	22	22	12	21	22	22	21	12	11	21	12	12	21	12	22	12	12	21	22	21	11	22	22	12	21	22	12	11	21	12	11	11	21	11	21	22	22	21	12	12	22	12	11	21	22	22	12	12	12	12	21	12	12	22	12	22	21	21	11	12	21	22	12	22	22	12	22	21	22	12	22	22	22	22	12	21	11	12	11	22	11
97	0	5.883	19.114	12	12	11	11	12	22	22	22	22	12	21	22	22	21	12	11	21	11	12	21	12	22	12	12	21	22	21	11	22	22	12	21	22	12	11	21	12	11	11	21	11	21	22	22	21	12	12	22	12	11	21	22	21	12	12	11	12	21	12	12	22	12	22	21	21	11	11	21	22	12	22	22	12	22	21	22	12	22	22	22	22	12	21	11	12	11	22	11
99	0	5.883	19.114	12	12	11	11	12	22	22	22	22	12	21	22	22	21	12	11	21	11	12	21	12	22	12	12	21	22	21	11	22	22	12	21	22	12	11	21	12	11	11	21	11	21	22	22	21	12	12	22	12	11	21	22	21	12	12	11	12	21	12	12	22	12	22	21	21	11	11	21	22	12	22	22	12	22	21	22	12	22	22	22	22	12	21	11	12	11	22	11
98	0	5.883	19.114	12	12	11	11	12	22	22	22	22	12	21	22	22	21	12	11	21	11	12	21	12	22	12	12	21	22	21	11	22	22	12	21	22	12	11	21	12	11	11	21	11	21	22	22	21	12	12	22	12	11	21	22	21	12	12	11	12	21	12	12	22	12	22	21	21	11	11	21	22	12	22	22	12	22	21	22	12	22	22	22	22	12	21	11	12	11	22	11
100	0	5.883	19.114	12	12	11	11	12	22	22	22	22	12	21	22	22	21	12	11	21	11	12	21	12	22	12	12	21	22	21	11	22	22	12	21	22	12	11	21	12	11	11	21	11	21	22	22	21	12	12	22	12	11	21	22	21	12	12	11	12	21	12	12	22	12	22	21	21	11	11	21	22	12	22	22	12	22	21	22	12	22	22	22	22	12	21	11	12	11	22	11
102	0	8.264	19.114	12	12	11	11	12	22	22	22	22	12	21	22	22	21	12	11	21	21	12	21	12	22	12	12	21	22	21	11	22	22	12	21	22	12	11	21	12	11	11	21	11	21	22	22	21	12	12	22	12	11	21	22	21	12	12	11	12	21	12	12	22	12	22	21	21	11	21	21	22	12	22	22	12	22	21	22	12	22	22	22	22	12	21	11	12	11	22	11
101	0	8.264	20.290	12	12	11	11	12	22	22	22	22	12	21	22	22	21	12	11	21	21	12	21	12	22	12	12	21	22	21	11	22	22	12	21	22	12	11	21	12	11	11	21	11	21	22	22	21	12	12	22	12	11	21	22	21	12	12	11	12	21	12	12	22	12	21	21	21	11	21	21	22	12	22	22	12	22	21	22	12	22	22	22	22	12	21	11	12	11	22	11
96	0	8.264	20.290	12	12	11	11	12	22	22	22	22	12	21	22	22	21	12	11	21	21	12	21	12	22	12	12	21	22	21	11	22	22	12	21	22	12	11	21	12	11	11	21	11	21	22	22	21	12	12	22	12	11	21	22	21	12	12	11	12	21	12	12	22	12	21	21	21	11	21	21	22	12	22	22	12	22	21	22	12	22	22	22	22	12	21	11	12	11	22	11
94	0	9.441	21.467	12	12	11	11	12	22	22	22	22	12	21	22	22	21	12	11	21	21	12	21	12	22	12	12	21	22	21	11	22	22	12	21	22	12	11	21	12	11	11	21	11	21	22	22	21	12	12	22	12	11	21	22	21	12	12	11	12	21	22	12	22	12	21	21	21	11	21	21	22	12	22	22	12	22	21	22	12	22	22	22	22	12	22	11	12	11	22	11
95	0	9.441	21.467	12	12	11	11	12	22	22	22	22	12	21	22	22	21	12	11	21	21	12	21	12	22	12	12	21	22	21	11	22	22	12	21	22	12	11	21	12	11	11	21	11	21	22	22	21	12	12	22	12	11	21	22	21	12	12	11	12	21	22	12	22	12	21	21	21	11	21	21	22	12	22	22	12	22	21	22	12	22	22	22	22	12	22	11	12	11	22	11
93	0	9.441	21.467	12	12	11	11	12	22	22	22	22	12	21	22	22	21	12	11	21	21	12	21	12	22	12	12	21	22	21	11	22	22	12	21	22	12	11	21	12	11	11	21	11	21	22	22	21	12	12	22	12	11	21	22	21	12	12	11	12	21	22	12	22	12	21	21	21	11	21	21	22	12	22	22	12	22	21	22	12	22	22	22	22	12	22	11	12	11	22	11
89	0	9.441	23.848	12	12	11	11	12	22	22	22	22	12	21	22	22	21	12	11	21	21	11	21	11	22	12	12	21	22	21	11	22	22	12	21	22	12	11	21	12	11	11	21	11	21	22	22	21	12	12	22	12	11	21	22	21	12	12	11	12	21	22	12	22	12	21	21	21	11	21	21	22	12	22	22	12	22	21	22	12	22	22	22	22	12	22	11	12	11	22	11
92	0	9.441	23.848	12	12	11	11	12	22	22	22	22	12	21	22	22	21	12	11	21	21	11	21	11	22	12	12	21	22	21	11	22	22	12	21	22	12	11	21	12	11	11	21	11	21	22	22	21	12	12	22	12	11	21	22	21	12	12	11	12	21	22	12	22	12	21	21	21	11	21	21	22	12	22	22	12	22	21	22	12	22	22	22	22	12	22	11	12	11	22	11
87	0	9.441	25.025	12	12	11	11	12	22	22	21	22	12	21	22	22	21	12	11	21	21	11	21	11	22	12	12	21	22	21	11	22	22	12	21	22	12	11	21	12	11	11	21	11	21	22	22	21	12	12	22	12	11	21	22	21	12	12	11	12	21	22	12	22	12	21	21	21	11	21	21	22	12	22	22	12	22	21	22	12	22	22	22	22	12	22	11	12	11	22	11
91	0	9.441	25.025	12	12	11	11	12	22	22	21	22	12	21	22	22	21	12	11	21	21	11	21	11	22	12	12	21	22	21	11	22	22	12	21	22	12	11	21	12	11	11	21	11	21	22	22	21	12	12	22	12	11	21	22	21	12	12	11	12	21	22	12	22	12	21	21	21	11	21	21	22	12	22	22	12	22	21	22	12	22	22	22	22	12	22	11	12	11	22	11
90	0	9.441	25.025	12	12	11	11	12	22	22	21	22	12	21	22	22	21	12	11	21	21	11	21	11	22	12	12	21	22	21	11	22	22	12	21	22	12	11	21	12	11	11	21	11	21	22	22	21	12	12	22	12	11	21	22	21	12	12	11	12	21	22	12	22	12	21	21	21	11	21	21	22	12	22	22	12	22	21	22	12	22	22	22	22	12	22	11	12	11	22	11
88	0	9.441	25.025	12	12	11	11	12	22	22	21	22	12	21	22	22	21	12	11	21	21	11	21	11	22	12	12	21	22	21	11	22	22	12	21	22	12	11	21	12	11	11	21	11	21	22	22	21	12	12	22	12	11	21	22	21	12	12	11	12	21	22	12	22	12	21	21	21	11	21	21	22	12	22	22	12	22	21	22	12	22	22	22	22	12	22	11	12	11	22	11
82	0	9.441	31.205	12	12	11	11	11	22	22	21	22	12	21	22	22	21	11	11	21	21	11	21	11	22	12	12	21	21	21	11	22	22	12	21	22	12	11	21	12	11	11	21	11	21	22	22	21	12	12	22	12	11	21	21	21	12	12	11	12	22	22	12	22	12	21	21	21	11	21	21	22	12	22	22	12	22	21	22	12	22	22	22	22	12	22	11	12	11	22	11
81	0	9.441	31.205	12	12	11	11	11	22	22	21	22	12	21	22	22	21	11	11	21	21	11	21	11	22	12	12	21	21	21	11	22	22	12	21	22	12	11	21	12	11	11	21	11	21	22	22	21	12	12	22	12	11	21	21	21	12	12	11	12	22	22	12	22	12	21	21	21	11	21	21	22	12	22	22	12	22	21	22	12	22	22	22	22	12	22	11	12	11	22	11
83	0	9.441	31.205	12	12	11	11	11	22	22	21	22	12	21	22	22	21	11	11	21	21	11	21	11	22	12	12	21	21	21	11	22	22	12	21	22	12	11	21	12	11	11	21	11	21	22	22	21	12	12	22	12	11	21	21	21	12	12	11	12	22	22	12	22	12	21	21	21	11	21	21	22	12	22	22	12	22	21	22	12	22	22	22	22	12	22	11	12	11	22	11
79	0	10.617	31.205	12	12	11	11	11	22	22	21	22	12	21	22	22	11	11	11	21	21	11	21	11	22	12	12	21	21	21	11	22	22	12	21	22	12	11	21	12	11	11	21	11	21	22	22	21	12	12	22	12	11	21	21	21	12	12	11	12	22	22	12	22	12	21	21	21	11	21	21	22	12	22	22	12	22	21	22	12	22	22	22	22	12	22	11	12	11	22	11
84	0	10.617	31.205	12	12	11	11	11	22	22	21	22	12	21	22	22	11	11	11	21	21	11	21	11	22	12	12	21	21	21	11	22	22	12	21	22	12	11	21	12	11	11	21	11	21	22	22	21	12	12	22	12	11	21	21	21	12	12	11	12	22	22	12	22	12	21	21	21	11	21	21	22	12	22	22	12	22	21	22	12	22	22	22	22	12	22	11	12	11	22	11
80	0	10.617	31.205	12	12	11	11	11	22	22	21	22	12	21	22	22	11	11	11	21	21	11	21	11	22	12	12	21	21	21	11	22	22	12	21	22	12	11	21	12	11	11	21	11	21	22	22	21	12	12	22	12	11	21	21	21	12	12	11	12	22	22	12	22	12	21	21	21	11	21	21	22	12	22	22	12	22	21	22	12	22	22	22	22	12	22	11	12	11	22	11
86	0	10.617	32.382	12	12	11	12	11	22	22	21	22	12	21	22	22	11	11	11	21	21	11	21	11	22	12	12	21	21	21	11	22	22	12	21	22	12	11	21	12	11	11	21	11	21	22	22	21	12	12	22	12	11	21	21	21	12	12	11	12	22	22	12	22	12	21	21	21	11	21	21	22	12	22	22	12	22	21	22	12	22	22	22	22	12	22	11	12	11	22	11
85	0	10.617	32.382	12	12	11	12	11	22	22	21	22	12	21	22	22	11	11	11	21	21	11	21	11	22	12	12	21	21	21	11	22	22	12	21	22	12	11	21	12	11	11	21	11	21	22	22	21	12	12	22	12	11	21	21	21	12	12	11	12	22	22	12	22	12	21	21	21	11	21	21	22	12	22	22	12	22	21	22	12	22	22	22	22	12	22	11	12	11	22	11
78	0	10.617	33.558	12	12	11	12	11	22	22	21	22	12	21	22	22	11	11	11	21	21	11	21	11	22	12	12	21	21	21	11	22	22	12	21	22	12	11	21	12	11	11	21	11	21	22	22	21	12	12	22	12	12	21	21	21	12	12	11	12	22	22	12	22	12	21	21	21	11	21	21	22	12	22	22	12	22	21	22	12	22	22	22	22	12	22	11	12	11	22	11
77	0	10.617	33.558	12	12	11	12	11	22	22	21	22	12	21	22	22	11	11	11	21	21	11	21	11	22	12	12	21	21	21	11	22	22	12	21	22	12	11	21	12	11	11	21	11	21	22	22	21	12	12	22	12	12	21	21	21	12	12	11	12	22	22	12	22	12	21	21	21	11	21	21	22	12	22	22	12	22	21	22	12	22	22	22	22	12	22	11	12	11	22	11
76	0	11.794	34.735	12	12	11	11	11	22	22	21	22	12	21	22	22	11	11	11	21	21	11	21	11	22	12	12	21	21	21	11	22	22	12	11	22	12	11	21	12	11	11	21	11	21	22	22	21	12	12	22	12	12	21	21	21	12	12	11	12	22	22	12	22	12	21	21	21	11	21	21	22	12	22	22	12	22	21	22	12	22	22	22	22	12	22	11	12	11	22	11
75	0	11.794	35.911	12	12	11	11	11	22	22	21	22	12	21	22	22	11	11	11	21	21	11	21	11	22	12	12	21	21	21	11	22	22	12	11	22	12	11	21	12	11	11	21	11	21	22	22	21	12	12	22	12	12	21	21	21	12	12	11	12	22	22	12	22	12	21	21	21	11	21	21	22	12	22	22	12	22	22	22	12	22	22	22	22	12	22	11	12	11	22	11
74	0	11.794	39.527	12	12	11	11	11	22	22	21	22	12	21	22	22	11	11	11	21	21	11	21	11	22	12	12	21	21	21	11	22	22	12	11	22	12	11	21	12	11	11	21	11	21	22	22	22	12	11	22	12	12	21	21	21	12	12	11	12	22	22	12	22	12	21	21	21	11	21	21	22	12	22	22	12	21	22	22	12	22	22	22	22	12	22	11	12	11	22	11
63	0	12.970	40.704	12	12	11	11	11	22	22	21	22	12	21	22	22	11	11	11	21	21	11	21	11	22	12	12	21	21	21	11	22	22	12	11	22	12	11	21	12	11	11	21	11	21	22	22	22	12	11	22	12	12	21	21	21	12	12	11	12	22	22	12	22	12	11	21	21	11	21	21	22	12	22	22	12	21	22	22	12	22	22	21	22	12	22	11	12	11	22	11
67	0	12.970	40.704	12	12	11	11	11	22	22	21	22	12	21	22	22	11	11	11	21	21	11	21	11	22	12	12	21	21	21	11	22	22	12	11	22	12	11	21	12	11	11	21	11	21	22	22	22	12	11	22	12	12	21	21	21	12	12	11	12	22	22	12	22	12	11	21	21	11	21	21	22	12	22	22	12	21	22	22	12	22	22	21	22	12	22	11	12	11	22	11
72	0	12.970	41.880	12	12	11	11	11	22	22	21	22	11	21	22	22	11	11	11	21	21	11	21	11	22	12	12	21	21	21	11	22	22	12	11	22	12	11	21	12	11	11	21	11	21	22	22	22	12	11	22	12	12	21	21	21	12	12	11	12	22	22	12	22	12	11	21	21	11	21	21	22	12	22	22	12	21	22	22	12	22	22	21	22	12	22	11	12	11	22	11
69	0	14.147	41.880	12	12	11	11	11	22	22	21	22	11	21	22	22	11	11	11	21	21	11	21	11	22	12	12	21	21	21	11	22	22	12	11	22	12	11	21	12	11	11	21	11	21	22	22	22	12	11	22	12	12	11	21	21	12	12	11	12	22	22	12	22	12	11	21	21	11	21	21	22	12	22	22	12	21	22	22	12	22	22	21	22	12	22	11	12	11	22	11
70	0	14.147	41.880	12	12	11	11	11	22	22	21	22	11	21	22	22	11	11	11	21	21	11	21	11	22	12	12	21	21	21	11	22	22	12	11	22	12	11	21	12	11	11	21	11	21	22	22	22	12	11	22	12	12	11	21	21	12	12	11	12	22	22	12	22	12	11	21	21	11	21	21	22	12	22	22	12	21	22	22	12	22	22	21	22	12	22	11	12	11	22	11
73	0	14.147	43.057	12	12	11	11	11	22	22	21	22	11	21	22	22	11	11	11	21	21	11	21	11	22	12	12	21	21	21	11	22	22	12	11	22	12	11	21	12	11	11	21	11	21	22	22	22	12	11	22	12	12	12	21	21	12	12	11	12	22	22	12	22	12	11	21	21	11	21	21	22	12	22	22	12	21	22	22	12	22	22	21	22	12	22	11	12	11	22	11
65	0	14.147	43.057	12	12	11	11	11	22	22	21	22	11	21	22	22	11	11	11	21	21	11	21	11	22	12	12	21	21	21	11	22	22	12	11	22	12	11	21	12	11	11	21	11	21	22	22	22	12	11	22	12	12	12	21	21	12	12	11	12	22	22	12	22	12	11	21	21	11	21	21	22	12	22	22	12	21	22	22	12	22	22	21	22	12	22	11	12	11	22	11
68	0	14.147	43.057	12	12	11	11	11	22	22	21	22	11	21	22	22	11	11	11	21	21	11	21	11	22	12	12	21	21	21	11	22	22	12	11	22	12	11	21	12	11	11	21	11	21	22	22	22	12	11	22	12	12	12	21	21	12	12	11	12	22	22	12	22	12	11	21	21	11	21	21	22	12	22	22	12	21	22	22	12	22	22	21	22	12	22	11	12	11	22	11
66	0	14.147	43.057	12	12	11	11	11	22	22	21	22	11	21	22	22	11	11	11	21	21	11	21	11	22	12	12	21	21	21	11	22	22	12	11	22	12	11	21	12	11	11	21	11	21	22	22	22	12	11	22	12	12	12	21	21	12	12	11	12	22	22	12	22	12	11	21	21	11	21	21	22	12	22	22	12	21	22	22	12	22	22	21	22	12	22	11	12	11	22	11
71	0	14.147	43.057	12	12	11	11	11	22	22	21	22	11	21	22	22	11	11	11	21	21	11	21	11	22	12	12	21	21	21	11	22	22	12	11	22	12	11	21	12	11	11	21	11	21	22	22	22	12	11	22	12	12	12	21	21	12	12	11	12	22	22	12	22	12	11	21	21	11	21	21	22	12	22	22	12	21	22	22	12	22	22	21	22	12	22	11	12	11	22	11
64	0	14.147	44.234	12	12	11	11	11	22	22	21	22	11	21	22	22	11	11	11	21	21	11	21	11	22	12	12	21	21	21	11	22	22	12	11	22	12	11	21	12	11	11	21	11	22	22	22	22	12	11	22	12	12	12	21	21	12	12	11	12	22	22	12	22	12	11	21	21	11	21	21	22	12	22	22	12	21	22	22	12	22	22	21	22	12	22	11	12	11	22	11
62	0	14.147	45.410	12	12	11	11	11	22	22	21	22	11	21	22	22	11	11	11	21	21	11	21	11	22	12	12	21	21	21	11	22	22	12	11	22	12	11	21	12	11	11	21	11	22	22	22	22	12	11	22	12	12	12	21	21	12	12	11	12	22	22	12	22	12	11	21	22	11	21	21	22	12	22	22	12	21	22	22	12	22	22	21	22	12	22	11	12	11	22	11
61	0	15.323	45.410	12	12	11	11	11	22	22	21	22	11	21	22	22	11	11	11	11	21	11	21	11	22	12	12	21	21	21	11	22	22	12	11	22	12	11	21	12	11	11	21	11	22	22	22	22	12	11	22	12	12	12	21	21	12	12	11	12	22	22	12	22	12	11	21	22	11	21	21	22	12	22	22	12	21	22	22	12	22	22	21	22	12	22	11	12	11	22	11
60	0	15.323	46.587	12	12	11	11	11	22	22	21	22	11	21	22	22	11	11	11	11	21	11	21	11	22	12	12	21	21	21	11	22	22	12	11	21	12	11	21	12	11	11	21	11	22	22	22	22	12	11	22	12	12	12	21	21	12	12	11	12	22	22	12	22	12	11	21	22	11	21	21	22	12	22	22	12	21	22	22	12	22	22	21	22	12	22	11	12	11	22	11
59	0	15.323	46.587	12	12	11	11	11	22	22	21	22	11	21	22	22	11	11	11	11	21	11	21	11	22	12	12	21	21	21	11	22	22	12	11	21	12	11	21	12	11	11	21	11	22	22	22	22	12	11	22	12	12	12	21	21	12	12	11	12	22	22	12	22	12	11	21	22	11	21	21	22	12	22	22	12	21	22	22	12	22	22	21	22	12	22	11	12	11	22	11
58	0	16.500	47.763	12	12	11	11	11	22	21	21	22	11	21	22	22	11	11	11	11	21	11	21	11	22	12	12	21	21	21	11	22	22	12	11	21	12	11	21	12	11	11	21	11	22	22	22	22	12	11	22	12	12	12	21	21	12	12	11	12	22	22	12	22	12	11	11	22	11	21	21	22	12	22	22	12	21	22	22	12	22	22	21	22	12	22	11	12	11	22	11
57	0	16.500	47.763	12	12	11	11	11	22	21	21	22	11	21	22	22	11	11	11	11	21	11	21	11	22	12	12	21	21	21	11	22	22	12	11	21	12	11	21	12	11	11	21	11	22	22	22	22	12	11	22	12	12	12	21	21	12	12	11	12	22	22	12	22	12	11	11	22	11	21	21	22	12	22	22	12	21	22	22	12	22	22	21	22	12	22	11	12	11	22	11
56	0	16.500	48.940	12	12	11	11	11	22	21	21	22	11	21	22	22	11	11	11	11	21	11	21	11	22	12	12	21	21	21	11	22	22	12	11	21	12	11	21	12	11	11	21	11	22	22	22	22	12	11	22	12	12	12	21	21	12	12	11	12	22	22	12	22	12	11	12	22	11	21	21	22	12	22	22	12	21	22	22	12	22	22	21	22	12	22	11	12	11	22	11
55	0	16.500	48.940	12	12	11	11	11	22	21	21	22	11	21	22	22	11	11	11	11	21	11	21	11	22	12	12	21	21	21	11	22	22	12	11	21	12	11	21	12	11	11	21	11	22	22	22	22	12	11	22	12	12	12	21	21	12	12	11	12	22	22	12	22	12	11	12	22	11	21	21	22	12	22	22	12	21	22	22	12	22	22	21	22	12	22	11	12	11	22	11
53	0	17.676	50.116	12	12	11	11	11	22	21	21	22	11	21	22	22	11	11	11	11	21	11	21	11	22	12	12	21	21	21	11	22	22	12	11	21	12	11	21	12	12	11	21	11	22	22	22	22	12	11	22	12	12	12	21	21	12	12	11	12	22	22	12	22	12	11	12	22	11	21	21	22	12	22	22	12	11	22	22	12	22	22	21	22	12	22	11	12	11	22	11
52	0	17.676	50.116	12	12	11	11	11	22	21	21	22	11	21	22	22	11	11	11	11	21	11	21	11	22	12	12	21	21	21	11	22	22	12	11	21	12	11	21	12	12	11	21	11	22	22	22	22	12	11	22	12	12	12	21	21	12	12	11	12	22	22	12	22	12	11	12	22	11	21	21	22	12	22	22	12	11	22	22	12	22	22	21	22	12	22	11	12	11	22	11
54	0	17.676	50.116	12	12	11	11	11	22	21	21	22	11	21	22	22	11	11	11	11	21	11	21	11	22	12	12	21	21	21	11	22	22	12	11	21	12	11	21	12	12	11	21	11	22	22	22	22	12	11	22	12	12	12	21	21	12	12	11	12	22	22	12	22	12	11	12	22	11	21	21	22	12	22	22	12	11	22	22	12	22	22	21	22	12	22	11	12	11	22	11
49	0	17.676	51.293	12	12	11	11	11	22	21	21	22	11	21	22	22	11	11	11	11	21	11	21	11	22	12	12	21	21	21	11	22	22	12	11	21	12	11	21	12	12	11	21	11	22	22	22	22	12	11	22	12	12	12	21	21	12	12	11	12	22	22	12	22	12	11	12	22	11	21	21	22	12	22	22	12	11	22	22	12	21	22	21	22	12	22	11	12	11	22	11
47	0	17.676	51.293	12	12	11	11	11	22	21	21	22	11	21	22	22	11	11	11	11	21	11	21	11	22	12	12	21	21	21	11	22	22	12	11	21	12	11	21	12	12	11	21	11	22	22	22	22	12	11	22	12	12	12	21	21	12	12	11	12	22	22	12	22	12	11	12	22	11	21	21	22	12	22	22	12	11	22	22	12	21	22	21	22	12	22	11	12	11	22	11
48	0	17.676	51.293	12	12	11	11	11	22	21	21	22	11	21	22	22	11	11	11	11	21	11	21	11	22	12	12	21	21	21	11	22	22	12	11	21	12	11	21	12	12	11	21	11	22	22	22	22	12	11	22	12	12	12	21	21	12	12	11	12	22	22	12	22	12	11	12	22	11	21	21	22	12	22	22	12	11	22	22	12	21	22	21	22	12	22	11	12	11	22	11
50	0	17.676	51.293	12	12	11	11	11	22	21	21	22	11	21	22	22	11	11	11	11	21	11	21	11	22	12	12	21	21	21	11	22	22	12	11	21	12	11	21	12	12	11	21	11	22	22	22	22	12	11	22	12	12	12	21	21	12	12	11	12	22	22	12	22	12	11	12	22	11	21	21	22	12	22	22	12	11	22	22	12	21	22	21	22	12	22	11	12	11	22	11
51	0	17.676	51.293	12	12	11	11	11	22	21	21	22	11	21	22	22	11	11	11	11	21	11	21	11	22	12	12	21	21	21	11	22	22	12	11	21	12	11	21	12	12	11	21	11	22	22	22	22	12	11	22	12	12	12	21	21	12	12	11	12	22	22	12	22	12	11	12	22	11	21	21	22	12	22	22	12	11	22	22	12	21	22	21	22	12	22	11	12	11	22	11
46	0	17.676	53.674	12	12	11	11	11	22	21	21	22	11	21	22	22	11	11	11	11	21	11	21	11	22	12	12	21	21	21	11	22	22	12	11	21	12	11	21	12	12	11	21	11	22	22	21	22	12	11	22	12	12	12	21	21	12	12	11	11	22	22	12	22	12	11	12	22	11	21	21	22	12	22	22	12	11	22	22	12	21	22	21	22	12	22	11	12	11	22	11
43	0	17.676	53.674	12	12	11	11	11	22	21	21	22	11	21	22	22	11	11	11	11	21	11	21	11	22	12	12	21	21	21	11	22	22	12	11	21	12	11	21	12	12	11	21	11	22	22	21	22	12	11	22	12	12	12	21	21	12	12	11	11	22	22	12	22	12	11	12	22	11	21	21	22	12	22	22	12	11	22	22	12	21	22	21	22	12	22	11	12	11	22	11
45	0	17.676	53.674	12	12	11	11	11	22	21	21	22	11	21	22	22	11	11	11	11	21	11	21	11	22	12	12	21	21	21	11	22	22	12	11	21	12	11	21	12	12	11	21	11	22	22	21	22	12	11	22	12	12	12	21	21	12	12	11	11	22	22	12	22	12	11	12	22	11	21	21	22	12	22	22	12	11	22	22	12	21	22	21	22	12	22	11	12	11	22	11
44	0	17.676	53.674	12	12	11	11	11	22	21	21	22	11	21	22	22	11	11	11	11	21	11	21	11	22	12	12	21	21	21	11	22	22	12	11	21	12	11	21	12	12	11	21	11	22	22	21	22	12	11	22	12	12	12	21	21	12	12	11	11	22	22	12	22	12	11	12	22	11	21	21	22	12	22	22	12	11	22	22	12	21	22	21	22	12	22	11	12	11	22	11
41	0	17.676	56.055	12	12	11	11	11	22	21	21	22	11	22	22	22	11	11	11	11	21	11	21	11	22	12	12	21	21	21	11	22	22	12	11	21	12	11	21	12	12	11	21	11	22	22	21	22	12	11	22	12	12	12	21	21	12	12	11	11	22	22	12	22	12	11	12	22	11	21	21	21	12	22	22	12	11	22	22	12	21	22	21	22	12	22	11	12	11	22	11
37	0	17.676	57.232	12	12	11	11	11	22	21	21	22	11	22	22	22	11	11	11	11	21	11	21	11	22	12	12	21	21	21	11	22	21	12	11	21	12	11	21	12	12	11	21	11	22	22	21	22	12	11	22	12	12	12	21	21	12	12	11	11	22	22	12	22	12	11	12	22	11	21	21	21	12	22	22	12	11	22	22	12	21	22	21	22	12	22	11	12	11	22	11
36	0	17.676	57.232	12	12	11	11	11	22	21	21	22	11	22	22	22	11	11	11	11	21	11	21	11	22	12	12	21	21	21	11	22	21	12	11	21	12	11	21	12	12	11	21	11	22	22	21	22	12	11	22	12	12	12	21	21	12	12	11	11	22	22	12	22	12	11	12	22	11	21	21	21	12	22	22	12	11	22	22	12	21	22	21	22	12	22	11	12	11	22	11
42	0	18.853	57.232	12	12	11	11	11	22	21	21	22	21	22	22	22	11	11	11	11	21	11	21	11	22	12	12	21	21	21	11	22	21	12	11	21	12	11	21	12	12	11	21	11	22	22	21	22	12	11	22	12	12	12	21	21	12	12	11	11	22	22	12	22	12	11	12	22	11	21	21	21	12	22	22	12	11	22	22	12	21	22	21	22	12	22	11	12	11	22	11
35	0	18.853	57.232	12	12	11	11	11	22	21	21	22	21	22	22	22	11	11	11	11	21	11	21	11	22	12	12	21	21	21	11	22	21	12	11	21	12	11	21	12	12	11	21	11	22	22	21	22	12	11	22	12	12	12	21	21	12	12	11	11	22	22	12	22	12	11	12	22	11	21	21	21	12	22	22	12	11	22	22	12	21	22	21	22	12	22	11	12	11	22	11
40	0	18.853	57.232	12	12	11	11	11	22	21	21	22	21	22	22	22	11	11	11	11	21	11	21	11	22	12	12	21	21	21	11	22	21	12	11	21	12	11	21	12	12	11	21	11	22	22	21	22	12	11	22	12	12	12	21	21	12	12	11	11	22	22	12	22	12	11	12	22	11	21	21	21	12	22	22	12	11	22	22	12	21	22	21	22	12	22	11	12	11	22	11
38	0	18.853	57.232	12	12	11	11	11	22	21	21	22	21	22	22	22	11	11	11	11	21	11	21	11	22	12	12	21	21	21	11	22	21	12	11	21	12	11	21	12	12	11	21	11	22	22	21	22	12	11	22	12	12	12	21	21	12	12	11	11	22	22	12	22	12	11	12	22	11	21	21	21	12	22	22	12	11	22	22	12	21	22	21	22	12	22	11	12	11	22	11
39	0	18.853	57.232	12	12	11	11	11	22	21	21	22	21	22	22	22	11	11	11	11	21	11	21	11	22	12	12	21	21	21	11	22	21	12	11	21	12	11	21	12	12	11	21	11	22	22	21	22	12	11	22	12	12	12	21	21	12	12	11	11	22	22	12	22	12	11	12	22	11	21	21	21	12	22	22	12	11	22	22	12	21	22	21	22	12	22	11	12	11	22	11
34	0	18.853	58.409	12	12	11	11	11	22	21	21	22	21	22	22	22	11	11	11	11	21	11	21	11	22	12	12	22	21	21	11	22	21	12	11	21	12	11	21	12	12	11	21	11	22	22	21	22	12	11	22	12	12	12	21	21	12	12	11	11	22	22	12	22	12	11	12	22	11	21	21	21	12	22	22	12	11	22	22	12	21	22	21	22	12	22	11	12	11	22	11
28	0	18.853	60.790	12	12	11	11	11	22	21	21	22	21	22	22	22	11	11	11	11	21	11	21	11	22	12	12	22	21	21	11	22	21	12	11	21	12	11	21	12	12	11	22	11	22	22	21	22	12	11	22	12	12	12	21	21	12	12	11	11	22	22	12	22	12	11	12	22	11	21	21	21	12	22	22	12	11	22	22	12	21	22	21	22	12	22	11	12	11	21	11
27	0	18.853	60.790	12	12	11	11	11	22	21	21	22	21	22	22	22	11	11	11	11	21	11	21	11	22	12	12	22	21	21	11	22	21	12	11	21	12	11	21	12	12	11	22	11	22	22	21	22	12	11	22	12	12	12	21	21	12	12	11	11	22	22	12	22	12	11	12	22	11	21	21	21	12	22	22	12	11	22	22	12	21	22	21	22	12	22	11	12	11	21	11
33	0	18.853	60.790	12	12	11	11	11	22	21	21	22	21	22	22	22	11	11	11	11	21	11	21	11	22	12	12	22	21	21	11	22	21	12	11	21	12	11	21	12	12	11	22	11	22	22	21	22	12	11	22	12	12	12	21	21	12	12	11	11	22	22	12	22	12	11	12	22	11	21	21	21	12	22	22	12	11	22	22	12	21	22	21	22	12	22	11	12	11	21	11
32	0	18.853	60.790	12	12	11	11	11	22	21	21	22	21	22	22	22	11	11	11	11	21	11	21	11	22	12	12	22	21	21	11	22	21	12	11	21	12	11	21	12	12	11	22	11	22	22	21	22	12	11	22	12	12	12	21	21	12	12	11	11	22	22	12	22	12	11	12	22	11	21	21	21	12	22	22	12	11	22	22	12	21	22	21	22	12	22	11	12	11	21	11
31	0	20.029	60.790	12	12	11	21	11	22	21	21	22	21	22	22	22	11	11	11	11	21	11	21	11	22	12	12	22	21	21	11	22	21	12	11	21	12	11	21	12	12	11	22	11	22	22	21	22	12	11	22	12	12	12	21	21	12	12	11	11	22	22	12	22	12	11	12	22	11	21	21	21	12	22	22	12	11	22	22	12	21	22	21	22	12	22	11	12	11	21	11
29	0	20.029	60.790	12	12	11	21	11	22	21	21	22	21	22	22	22	11	11	11	11	21	11	21	11	22	12	12	22	21	21	11	22	21	12	11	21	12	11	21	12	12	11	22	11	22	22	21	22	12	11	22	12	12	12	21	21	12	12	11	11	22	22	12	22	12	11	12	22	11	21	21	21	12	22	22	12	11	22	22	12	21	22	21	22	12	22	11	12	11	21	11
30	0	20.029	60.790	12	12	11	21	11	22	21	21	22	21	22	22	22	11	11	11	11	21	11	21	11	22	12	12	22	21	21	11	22	21	12	11	21	12	11	21	12	12	11	22	11	22	22	21	22	12	11	22	12	12	12	21	21	12	12	11	11	22	22	12	22	12	11	12	22	11	21	21	21	12	22	22	12	11	22	22	12	21	22	21	22	12	22	11	12	11	21	11
26	0	20.029	63.171	12	12	11	21	11	22	21	21	22	21	22	22	22	11	11	11	11	21	11	21	11	22	12	12	22	21	22	11	22	21	12	11	21	12	11	21	12	12	11	22	11	22	22	21	22	12	11	22	12	12	12	21	21	12	12	11	11	22	22	12	22	12	11	12	22	11	21	21	21	12	22	22	12	11	22	21	12	21	22	21	22	12	22	11	12	11	21	11
22	0	22.411	63.171	12	12	11	21	11	22	11	21	22	21	22	22	22	11	11	11	11	11	11	21	11	22	12	12	22	21	22	11	22	21	12	11	21	12	11	21	12	12	11	22	11	22	22	21	22	12	11	22	12	12	12	21	21	12	12	11	11	22	22	12	22	12	11	12	22	11	21	21	21	12	22	22	12	11	22	21	12	21	22	21	22	12	22	11	12	11	21	11
23	0	22.411	63.171	12	12	11	21	11	22	11	21	22	21	22	22	22	11	11	11	11	11	11	21	11	22	12	12	22	21	22	11	22	21	12	11	21	12	11	21	12	12	11	22	11	22	22	21	22	12	11	22	12	12	12	21	21	12	12	11	11	22	22	12	22	12	11	12	22	11	21	21	21	12	22	22	12	11	22	21	12	21	22	21	22	12	22	11	12	11	21	11
24	0	23.587	63.171	12	12	11	11	11	22	11	21	22	21	22	22	22	11	11	11	11	11	11	21	11	22	12	12	22	21	22	11	22	21	12	11	21	12	11	21	12	12	11	22	11	22	22	21	22	12	11	22	12	12	12	21	21	12	12	11	11	22	22	12	22	12	11	12	22	11	21	21	21	12	22	22	12	11	22	21	12	21	22	21	22	12	22	11	12	11	21	11
25	0	24.764	63.171	12	12	11	11	11	22	11	11	22	21	22	22	22	11	11	11	11	11	11	21	11	22	12	12	22	21	22	11	22	21	12	11	21	12	11	21	12	12	11	22	11	22	22	21	22	12	11	22	12	12	12	21	21	12	12	11	11	22	22	12	22	12	11	12	22	11	21	21	21	12	22	22	12	11	22	21	12	21	22	21	22	12	22	11	12	11	21	11
21	0	27.145	64.348	12	12	11	11	11	22	11	11	22	21	22	22	22	11	11	11	11	11	11	21	11	22	12	12	22	21	22	11	22	21	12	11	21	12	11	21	12	12	11	22	11	22	22	21	22	12	11	22	12	12	12	21	21	12	12	11	11	22	22	12	22	12	11	12	22	11	11	11	21	12	22	22	12	11	22	21	11	21	22	21	22	12	22	11	12	11	21	11
20	0	27.145	65.524	12	12	11	11	11	22	11	11	22	21	22	21	22	11	11	11	11	11	11	21	11	22	12	12	22	21	22	11	22	21	12	11	21	12	11	21	12	12	11	22	11	22	22	21	22	12	11	22	12	12	12	21	21	12	12	11	11	22	22	12	22	12	11	12	22	11	11	11	21	12	22	22	12	11	22	21	11	21	22	21	22	12	22	11	12	11	21	11
18	0	28.322	69.140	12	12	11	11	11	22	11	11	22	21	12	21	22	11	11	12	11	11	11	21	11	22	12	12	22	21	22	11	22	21	12	12	21	12	11	21	12	12	11	22	11	22	22	21	22	12	11	22	12	12	12	21	21	12	12	11	11	22	22	12	22	12	11	12	22	11	11	11	21	12	22	22	12	11	22	21	11	21	22	21	22	12	22	11	12	11	21	12
16	0	28.322	69.140	12	12	11	11	11	22	11	11	22	21	12	21	22	11	11	12	11	11	11	21	11	22	12	12	22	21	22	11	22	21	12	12	21	12	11	21	12	12	11	22	11	22	22	21	22	12	11	22	12	12	12	21	21	12	12	11	11	22	22	12	22	12	11	12	22	11	11	11	21	12	22	22	12	11	22	21	11	21	22	21	22	12	22	11	12	11	21	12
17	0	28.322	69.140	12	12	11	11	11	22	11	11	22	21	12	21	22	11	11	12	11	11	11	21	11	22	12	12	22	21	22	11	22	21	12	12	21	12	11	21	12	12	11	22	11	22	22	21	22	12	11	22	12	12	12	21	21	12	12	11	11	22	22	12	22	12	11	12	22	11	11	11	21	12	22	22	12	11	22	21	11	21	22	21	22	12	22	11	12	11	21	12
15	0	28.322	69.140	12	12	11	11	11	22	11	11	22	21	12	21	22	11	11	12	11	11	11	21	11	22	12	12	22	21	22	11	22	21	12	12	21	12	11	21	12	12	11	22	11	22	22	21	22	12	11	22	12	12	12	21	21	12	12	11	11	22	22	12	22	12	11	12	22	11	11	11	21	12	22	22	12	11	22	21	11	21	22	21	22	12	22	11	12	11	21	12
19	0	28.322	69.140	12	12	11	11	11	22	11	11	22	21	12	21	22	11	11	12	11	11	11	21	11	22	12	12	22	21	22	11	22	21	12	12	21	12	11	21	12	12	11	22	11	22	22	21	22	12	11	22	12	12	12	21	21	12	12	11	11	22	22	12	22	12	11	12	22	11	11	11	21	12	22	22	12	11	22	21	11	21	22	21	22	12	22	11	12	11	21	12
13	0	28.322	70.317	12	12	11	11	11	22	11	11	22	21	12	21	22	11	11	12	11	11	11	21	11	22	12	12	22	21	22	11	22	21	12	12	21	12	11	21	12	12	11	22	11	22	22	21	22	12	11	22	11	12	12	21	21	12	12	11	11	22	22	12	22	12	11	12	22	11	11	11	21	12	22	22	12	11	22	21	11	21	22	21	22	12	22	11	12	11	21	12
12	0	29.498	70.317	12	12	11	11	11	22	11	11	22	21	12	21	22	11	11	12	11	11	11	21	11	22	12	12	22	21	22	11	22	21	12	12	21	12	11	21	12	12	11	22	11	22	22	21	22	12	11	22	11	12	12	21	21	12	12	11	11	22	22	12	22	12	11	12	22	11	11	11	21	12	22	22	12	11	22	21	11	21	22	21	22	12	12	11	12	11	21	12
10	0	29.498	70.317	12	12	11	11	11	22	11	11	22	21	12	21	22	11	11	12	11	11	11	21	11	22	12	12	22	21	22	11	22	21	12	12	21	12	11	21	12	12	11	22	11	22	22	21	22	12	11	22	11	12	12	21	21	12	12	11	11	22	22	12	22	12	11	12	22	11	11	11	21	12	22	22	12	11	22	21	11	21	22	21	22	12	12	11	12	11	21	12
11	0	29.498	71.493	12	12	11	11	11	22	11	12	22	21	12	21	22	11	11	12	11	11	11	21	11	22	12	12	22	21	22	11	22	21	12	12	21	12	11	21	12	12	11	22	11	22	22	21	22	12	11	22	11	12	12	21	21	12	12	11	11	22	22	12	22	12	11	12	22	11	11	11	21	12	22	22	12	11	22	21	11	21	22	21	22	12	12	11	12	11	21	12
14	0	29.498	71.493	12	12	11	11	11	22	11	12	22	21	12	21	22	11	11	12	11	11	11	21	11	22	12	12	22	21	22	11	22	21	12	12	21	12	11	21	12	12	11	22	11	22	22	21	22	12	11	22	11	12	12	21	21	12	12	11	11	22	22	12	22	12	11	12	22	11	11	11	21	12	22	22	12	11	22	21	11	21	22	21	22	12	12	11	12	11	21	12
8	0	31.880	71.493	12	12	11	11	11	22	11	12	22	21	12	11	22	11	11	12	11	11	11	21	11	22	12	12	22	21	22	11	22	21	12	12	21	12	11	11	12	12	11	22	11	22	22	21	22	12	11	22	11	12	12	21	21	12	12	11	11	22	22	12	22	12	11	12	22	11	11	11	21	12	22	22	12	11	22	21	11	21	22	21	22	12	12	11	12	11	21	12
9	0	31.880	71.493	12	12	11	11	11	22	11	12	22	21	12	11	22	11	11	12	11	11	11	21	11	22	12	12	22	21	22	11	22	21	12	12	21	12	11	11	12	12	11	22	11	22	22	21	22	12	11	22	11	12	12	21	21	12	12	11	11	22	22	12	22	12	11	12	22	11	11	11	21	12	22	22	12	11	22	21	11	21	22	21	22	12	12	11	12	11	21	12
6	0	33.056	75.110	12	12	11	11	11	22	11	12	22	21	12	11	22	11	11	12	11	11	11	21	11	22	11	11	22	21	22	11	22	21	12	12	21	12	11	11	12	12	11	22	11	22	22	21	22	12	11	21	11	12	12	21	21	12	12	11	11	22	22	12	22	12	11	12	22	11	11	11	21	12	22	22	12	11	22	21	11	21	22	11	22	12	12	11	12	11	21	12
5	0	33.056	76.286	12	12	11	11	11	22	11	12	22	21	12	11	22	11	11	12	11	11	11	21	11	22	11	11	22	21	22	11	22	21	12	12	21	12	11	12	12	12	11	22	11	22	22	21	22	12	11	21	11	12	12	21	21	12	12	11	11	22	22	12	22	12	11	12	22	11	11	11	21	12	22	22	12	11	22	21	11	21	22	11	22	12	12	11	12	11	21	12
1	0	34.233	76.286	12	12	11	11	11	22	11	12	22	21	12	11	22	11	11	12	11	11	11	21	11	22	11	11	22	21	12	11	22	21	12	12	21	12	11	12	12	12	11	22	11	22	22	21	22	12	11	21	11	12	12	21	21	12	12	11	11	22	22	12	22	12	11	12	22	11	11	11	21	12	22	22	12	11	22	21	11	21	22	11	22	12	12	11	12	11	21	12
7	0	34.233	76.286	12	12	11	11	11	22	11	12	22	21	12	11	22	11	11	12	11	11	11	21	11	22	11	11	22	21	12	11	22	21	12	12	21	12	11	12	12	12	11	22	11	22	22	21	22	12	11	21	11	12	12	21	21	12	12	11	11	22	22	12	22	12	11	12	22	11	11	11	21	12	22	22	12	11	22	21	11	21	22	11	22	12	12	11	12	11	21	12
4	0	34.233	76.286	12	12	11	11	11	22	11	12	22	21	12	11	22	11	11	12	11	11	11	21	11	22	11	11	22	21	12	11	22	21	12	12	21	12	11	12	12	12	11	22	11	22	22	21	22	12	11	21	11	12	12	21	21	12	12	11	11	22	22	12	22	12	11	12	22	11	11	11	21	12	22	22	12	11	22	21	11	21	22	11	22	12	12	11	12	11	21	12
2	0	36.614	77.463	12	12	11	11	11	22	11	12	22	11	22	11	22	11	11	12	11	11	11	21	11	22	11	11	22	21	12	12	22	21	12	12	21	12	11	12	12	12	11	22	11	22	22	21	22	12	11	21	11	12	12	21	21	12	12	11	11	22	22	12	22	12	11	12	22	11	11	11	21	12	22	22	12	11	22	21	11	21	22	11	22	12	12	11	12	11	21	12
3	0	36.614	77.463	12	12	11	11	11	22	11	12	22	11	22	11	22	11	11	12	11	11	11	21	11	22	11	11	22	21	12	12	22	21	12	12	21	12	11	12	12	12	11	22	11	22	22	21	22	12	11	21	11	12	12	21	21	12	12	11	11	22	22	12	22	12	11	12	22	11	11	11	21	12	22	22	12	11	22	21	11	21	22	11	22	12	12	11	12	11	21	12
