MARKER	CHR	MALE_POS	FEMALE_POS	P1xP2	P1xP2	P1xP2	P1xP2	P1xP2	P1xP2	P1xP2	P1xP2	P1xP2	P1xP2	P1xP2	P1xP2	P1xP2	P1xP2	P1xP2	P1xP2	P1xP2	P1xP2	P1xP2	P1xP2	P1xP2	P1xP2	P1xP2	P1xP2	P1xP2	P1xP2	P1xP2	P1xP2	P1xP2	P1xP2	P1xP2	P1xP2	P1xP2	P1xP2	P1xP2	P1xP2	P1xP2	P1xP2	P1xP2	P1xP2	P1xP2	P1xP2	P1xP2	P1xP2	P1xP2	P1xP2	P1xP2	P1xP2	P1xP2	P1xP2	P1xP2	P1xP2	P1xP2	P1xP2	P1xP2	P1xP2	P1xP2	P1xP2	P1xP2	P1xP2	P1xP2	P1xP2	P1xP2	P1xP2	P1xP2	P1xP2	P1xP2	P1xP2	P1xP2	P1xP2	P1xP2	P1xP2	P1xP2	P1xP2	P1xP2	P1xP2	P1xP2	P1xP2	P1xP2	P1xP2	P1xP2	P1xP2	P1xP2	P1xP2	P1xP2	P1xP2	P1xP2	P1xP2
MARKER	CHR	MALE_POS	FEMALE_POS	P1	P2	C1	C2	C3	C4	C5	C6	C7	C8	C9	C10	C11	C12	C13	C14	C15	C16	C17	C18	C19	C20	C21	C22	C23	C24	C25	C26	C27	C28	C29	C30	C31	C32	C33	C34	C35	C36	C37	C38	C39	C40	C41	C42	C43	C44	C45	C46	C47	C48	C49	C50	C51	C52	C53	C54	C55	C56	C57	C58	C59	C60	C61	C62	C63	C64	C65	C66	C67	C68	C69	C70	C71	C72	C73	C74	C75	C76	C77	C78	C79	C80	C81	C82	C83	C84	C85	C86
MARKER	CHR	MALE_POS	FEMALE_POS	0	0	P1	P1	P1	P1	P1	P1	P1	P1	P1	P1	P1	P1	P1	P1	P1	P1	P1	P1	P1	P1	P1	P1	P1	P1	P1	P1	P1	P1	P1	P1	P1	P1	P1	P1	P1	P1	P1	P1	P1	P1	P1	P1	P1	P1	P1	P1	P1	P1	P1	P1	P1	P1	P1	P1	P1	P1	P1	P1	P1	P1	P1	P1	P1	P1	P1	P1	P1	P1	P1	P1	P1	P1	P1	P1	P1	P1	P1	P1	P1	P1	P1	P1	P1	P1	P1	P1
MARKER	CHR	MALE_POS	FEMALE_POS	0	0	P2	P2	P2	P2	P2	P2	P2	P2	P2	P2	P2	P2	P2	P2	P2	P2	P2	P2	P2	P2	P2	P2	P2	P2	P2	P2	P2	P2	P2	P2	P2	P2	P2	P2	P2	P2	P2	P2	P2	P2	P2	P2	P2	P2	P2	P2	P2	P2	P2	P2	P2	P2	P2	P2	P2	P2	P2	P2	P2	P2	P2	P2	P2	P2	P2	P2	P2	P2	P2	P2	P2	P2	P2	P2	P2	P2	P2	P2	P2	P2	P2	P2	P2	P2	P2	P2
MARKER	CHR	MALE_POS	FEMALE_POS	1	2	0	0	0	0	0	0	0	0	0	0	0	0	0	0	0	0	0	0	0	0	0	0	0	0	0	0	0	0	0	0	0	0	0	0	0	0	0	0	0	0	0	0	0	0	0	0	0	0	0	0	0	0	0	0	0	0	0	0	0	0	0	0	0	0	0	0	0	0	0	0	0	0	0	0	0	0	0	0	0	0	0	0	0	0	0	0
MARKER	CHR	MALE_POS	FEMALE_POS	0	0	0	0	0	0	0	0	0	0	0	0	0	0	0	0	0	0	0	0	0	0	0	0	0	0	0	0	0	0	0	0	0	0	0	0	0	0	0	0	0	0	0	0	0	0	0	0	0	0	0	0	0	0	0	0	0	0	0	0	0	0	0	0	0	0	0	0	0	0	0	0	0	0	0	0	0	0	0	0	0	0	0	0	0	0	0	0
13	0	0.000	0.000	12	12	22	22	21	11	21	12	21	21	12	21	21	12	12	21	11	21	21	11	21	12	11	11	22	12	22	21	12	21	21	11	12	12	11	22	11	21	21	21	21	12	11	21	12	22	11	12	12	12	21	11	11	11	21	22	11	11	22	22	22	11	12	12	11	11	21	22	11	12	21	21	11	12	11	11	11	11	21	12	22	12	21	12	21	11	21	12
14	0	0.000	0.000	12	12	22	22	21	11	21	12	21	21	12	21	21	12	12	21	11	21	21	11	21	12	11	11	22	12	22	21	12	21	21	11	12	12	11	22	11	21	21	21	21	12	11	21	12	22	11	12	12	12	21	11	11	11	21	22	11	11	22	22	22	11	12	12	11	11	21	22	11	12	21	21	11	12	11	11	11	11	21	12	22	12	21	12	21	11	21	12
12	0	4.882	6.181	12	12	22	22	22	11	21	22	21	21	12	21	22	12	12	21	11	21	21	11	21	12	11	11	22	12	22	21	12	21	21	11	12	22	11	22	11	21	21	21	21	12	11	21	12	22	11	12	12	22	22	11	11	11	22	22	11	11	22	22	22	11	12	12	11	11	21	22	11	12	21	21	11	12	11	12	11	11	21	12	22	12	21	12	21	11	21	22
10	0	4.882	6.181	12	12	22	22	22	11	21	22	21	21	12	21	22	12	12	21	11	21	21	11	21	12	11	11	22	12	22	21	12	21	21	11	12	22	11	22	11	21	21	21	21	12	11	21	12	22	11	12	12	22	22	11	11	11	22	22	11	11	22	22	22	11	12	12	11	11	21	22	11	12	21	21	11	12	11	12	11	11	21	12	22	12	21	12	21	11	21	22
5	0	4.882	6.181	12	12	22	22	22	11	21	22	21	21	12	21	22	12	12	21	11	21	21	11	21	12	11	11	22	12	22	21	12	21	21	11	12	22	11	22	11	21	21	21	21	12	11	21	12	22	11	12	12	22	22	11	11	11	22	22	11	11	22	22	22	11	12	12	11	11	21	22	11	12	21	21	11	12	11	12	11	11	21	12	22	12	21	12	21	11	21	22
11	0	4.882	6.181	12	12	22	22	22	11	21	22	21	21	12	21	22	12	12	21	11	21	21	11	21	12	11	11	22	12	22	21	12	21	21	11	12	22	11	22	11	21	21	21	21	12	11	21	12	22	11	12	12	22	22	11	11	11	22	22	11	11	22	22	22	11	12	12	11	11	21	22	11	12	21	21	11	12	11	12	11	11	21	12	22	12	21	12	21	11	21	22
6	0	4.882	7.357	12	12	22	22	22	11	21	22	21	21	12	21	22	12	12	21	11	21	21	11	21	12	11	11	22	12	22	21	12	21	21	11	12	22	11	22	11	21	21	21	21	12	11	21	12	22	11	12	12	22	22	11	11	11	22	22	11	11	22	22	22	11	12	12	11	11	21	22	11	12	21	21	11	12	11	12	11	11	21	12	22	12	22	12	21	11	21	22
9	0	4.882	7.357	12	12	22	22	22	11	21	22	21	21	12	21	22	12	12	21	11	21	21	11	21	12	11	11	22	12	22	21	12	21	21	11	12	22	11	22	11	21	21	21	21	12	11	21	12	22	11	12	12	22	22	11	11	11	22	22	11	11	22	22	22	11	12	12	11	11	21	22	11	12	21	21	11	12	11	12	11	11	21	12	22	12	22	12	21	11	21	22
4	0	4.882	7.357	12	12	22	22	22	11	21	22	21	21	12	21	22	12	12	21	11	21	21	11	21	12	11	11	22	12	22	21	12	21	21	11	12	22	11	22	11	21	21	21	21	12	11	21	12	22	11	12	12	22	22	11	11	11	22	22	11	11	22	22	22	11	12	12	11	11	21	22	11	12	21	21	11	12	11	12	11	11	21	12	22	12	22	12	21	11	21	22
3	0	4.882	7.357	12	12	22	22	22	11	21	22	21	21	12	21	22	12	12	21	11	21	21	11	21	12	11	11	22	12	22	21	12	21	21	11	12	22	11	22	11	21	21	21	21	12	11	21	12	22	11	12	12	22	22	11	11	11	22	22	11	11	22	22	22	11	12	12	11	11	21	22	11	12	21	21	11	12	11	12	11	11	21	12	22	12	22	12	21	11	21	22
7	0	4.882	7.357	12	12	22	22	22	11	21	22	21	21	12	21	22	12	12	21	11	21	21	11	21	12	11	11	22	12	22	21	12	21	21	11	12	22	11	22	11	21	21	21	21	12	11	21	12	22	11	12	12	22	22	11	11	11	22	22	11	11	22	22	22	11	12	12	11	11	21	22	11	12	21	21	11	12	11	12	11	11	21	12	22	12	22	12	21	11	21	22
8	0	4.882	7.357	12	12	22	22	22	11	21	22	21	21	12	21	22	12	12	21	11	21	21	11	21	12	11	11	22	12	22	21	12	21	21	11	12	22	11	22	11	21	21	21	21	12	11	21	12	22	11	12	12	22	22	11	11	11	22	22	11	11	22	22	22	11	12	12	11	11	21	22	11	12	21	21	11	12	11	12	11	11	21	12	22	12	22	12	21	11	21	22
2	0	6.058	10.973	12	12	22	22	22	11	21	22	21	21	12	21	22	12	12	21	11	22	21	11	21	12	11	11	22	12	22	21	12	21	21	12	12	22	11	22	11	21	21	21	21	12	11	21	12	22	11	12	12	22	22	11	11	11	22	22	11	11	22	22	22	11	12	22	11	11	21	22	11	12	21	22	11	12	11	12	11	11	21	12	22	12	22	12	21	11	21	22
1	0	6.058	12.150	12	12	22	22	22	11	21	22	21	21	12	21	22	12	12	21	11	22	21	11	21	12	11	11	22	12	22	21	12	21	21	12	12	22	11	22	11	21	21	21	21	12	11	21	12	22	11	12	12	22	22	11	11	11	22	22	11	11	22	22	22	11	12	22	11	11	21	22	11	12	21	22	11	12	11	12	12	11	21	12	22	12	22	12	21	11	21	22
16	0	7.235	15.766	12	12	22	22	22	11	21	22	21	21	12	21	22	12	12	21	11	22	21	11	21	12	11	11	22	12	22	21	12	21	21	12	12	22	11	22	11	21	22	21	22	12	11	21	12	22	11	12	12	22	22	11	11	11	22	22	11	11	22	22	22	11	12	22	11	11	11	22	11	12	21	22	11	11	11	12	12	11	21	12	22	12	22	12	21	11	21	22
19	0	7.235	15.766	12	12	22	22	22	11	21	22	21	21	12	21	22	12	12	21	11	22	21	11	21	12	11	11	22	12	22	21	12	21	21	12	12	22	11	22	11	21	22	21	22	12	11	21	12	22	11	12	12	22	22	11	11	11	22	22	11	11	22	22	22	11	12	22	11	11	11	22	11	12	21	22	11	11	11	12	12	11	21	12	22	12	22	12	21	11	21	22
18	0	7.235	15.766	12	12	22	22	22	11	21	22	21	21	12	21	22	12	12	21	11	22	21	11	21	12	11	11	22	12	22	21	12	21	21	12	12	22	11	22	11	21	22	21	22	12	11	21	12	22	11	12	12	22	22	11	11	11	22	22	11	11	22	22	22	11	12	22	11	11	11	22	11	12	21	22	11	11	11	12	12	11	21	12	22	12	22	12	21	11	21	22
17	0	7.235	15.766	12	12	22	22	22	11	21	22	21	21	12	21	22	12	12	21	11	22	21	11	21	12	11	11	22	12	22	21	12	21	21	12	12	22	11	22	11	21	22	21	22	12	11	21	12	22	11	12	12	22	22	11	11	11	22	22	11	11	22	22	22	11	12	22	11	11	11	22	11	12	21	22	11	11	11	12	12	11	21	12	22	12	22	12	21	11	21	22
15	0	7.235	15.766	12	12	22	22	22	11	21	22	21	21	12	21	22	12	12	21	11	22	21	11	21	12	11	11	22	12	22	21	12	21	21	12	12	22	11	22	11	21	22	21	22	12	11	21	12	22	11	12	12	22	22	11	11	11	22	22	11	11	22	22	22	11	12	22	11	11	11	22	11	12	21	22	11	11	11	12	12	11	21	12	22	12	22	12	21	11	21	22
20	0	7.235	16.942	12	12	22	22	22	11	21	22	21	21	12	21	22	12	12	21	11	22	21	11	21	12	11	11	22	12	22	21	12	21	21	12	12	22	11	22	11	22	22	21	22	12	11	21	12	22	11	12	12	22	22	11	11	11	22	22	11	11	22	22	22	11	12	22	11	11	11	22	11	12	21	22	11	11	11	12	12	11	21	12	22	12	22	12	21	11	21	22
29	0	8.411	19.324	12	12	22	22	22	11	21	22	21	21	12	21	12	12	12	21	11	22	21	11	21	12	11	11	22	12	22	21	12	21	21	12	12	22	11	22	11	22	22	21	22	12	11	21	12	21	11	12	12	22	22	11	11	11	22	22	11	11	22	22	22	11	12	22	11	11	11	22	11	12	21	22	11	11	11	12	12	11	21	12	22	12	22	12	21	12	21	22
21	0	9.588	19.324	12	12	22	22	22	11	21	22	21	21	12	21	12	12	12	21	11	22	21	11	21	12	11	11	22	12	22	21	12	21	21	12	12	22	11	22	11	22	22	21	22	12	11	21	12	21	11	12	12	22	22	11	11	11	22	22	11	11	22	22	22	11	12	22	11	11	11	22	11	12	21	22	11	11	11	12	12	11	21	12	22	12	22	22	21	12	21	22
38	0	9.588	19.324	12	12	22	22	22	11	21	22	21	21	12	21	12	12	12	21	11	22	21	11	21	12	11	11	22	12	22	21	12	21	21	12	12	22	11	22	11	22	22	21	22	12	11	21	12	21	11	12	12	22	22	11	11	11	22	22	11	11	22	22	22	11	12	22	11	11	11	22	11	12	21	22	11	11	11	12	12	11	21	12	22	12	22	22	21	12	21	22
37	0	9.588	19.324	12	12	22	22	22	11	21	22	21	21	12	21	12	12	12	21	11	22	21	11	21	12	11	11	22	12	22	21	12	21	21	12	12	22	11	22	11	22	22	21	22	12	11	21	12	21	11	12	12	22	22	11	11	11	22	22	11	11	22	22	22	11	12	22	11	11	11	22	11	12	21	22	11	11	11	12	12	11	21	12	22	12	22	22	21	12	21	22
31	0	9.588	19.324	12	12	22	22	22	11	21	22	21	21	12	21	12	12	12	21	11	22	21	11	21	12	11	11	22	12	22	21	12	21	21	12	12	22	11	22	11	22	22	21	22	12	11	21	12	21	11	12	12	22	22	11	11	11	22	22	11	11	22	22	22	11	12	22	11	11	11	22	11	12	21	22	11	11	11	12	12	11	21	12	22	12	22	22	21	12	21	22
36	0	9.588	19.324	12	12	22	22	22	11	21	22	21	21	12	21	12	12	12	21	11	22	21	11	21	12	11	11	22	12	22	21	12	21	21	12	12	22	11	22	11	22	22	21	22	12	11	21	12	21	11	12	12	22	22	11	11	11	22	22	11	11	22	22	22	11	12	22	11	11	11	22	11	12	21	22	11	11	11	12	12	11	21	12	22	12	22	22	21	12	21	22
30	0	9.588	19.324	12	12	22	22	22	11	21	22	21	21	12	21	12	12	12	21	11	22	21	11	21	12	11	11	22	12	22	21	12	21	21	12	12	22	11	22	11	22	22	21	22	12	11	21	12	21	11	12	12	22	22	11	11	11	22	22	11	11	22	22	22	11	12	22	11	11	11	22	11	12	21	22	11	11	11	12	12	11	21	12	22	12	22	22	21	12	21	22
32	0	9.588	19.324	12	12	22	22	22	11	21	22	21	21	12	21	12	12	12	21	11	22	21	11	21	12	11	11	22	12	22	21	12	21	21	12	12	22	11	22	11	22	22	21	22	12	11	21	12	21	11	12	12	22	22	11	11	11	22	22	11	11	22	22	22	11	12	22	11	11	11	22	11	12	21	22	11	11	11	12	12	11	21	12	22	12	22	22	21	12	21	22
35	0	9.588	19.324	12	12	22	22	22	11	21	22	21	21	12	21	12	12	12	21	11	22	21	11	21	12	11	11	22	12	22	21	12	21	21	12	12	22	11	22	11	22	22	21	22	12	11	21	12	21	11	12	12	22	22	11	11	11	22	22	11	11	22	22	22	11	12	22	11	11	11	22	11	12	21	22	11	11	11	12	12	11	21	12	22	12	22	22	21	12	21	22
27	0	10.765	19.324	12	12	22	22	22	11	21	22	21	21	12	21	12	12	12	21	11	22	21	11	21	12	11	11	22	12	22	21	12	21	21	12	12	22	11	22	11	22	22	21	22	12	11	21	12	21	11	12	12	22	22	11	11	11	22	22	11	11	22	22	22	11	12	22	11	11	11	22	11	12	21	22	11	11	11	12	12	11	21	12	22	12	22	12	21	12	21	22
28	0	10.765	19.324	12	12	22	22	22	11	21	22	21	21	12	21	12	12	12	21	11	22	21	11	21	12	11	11	22	12	22	21	12	21	21	12	12	22	11	22	11	22	22	21	22	12	11	21	12	21	11	12	12	22	22	11	11	11	22	22	11	11	22	22	22	11	12	22	11	11	11	22	11	12	21	22	11	11	11	12	12	11	21	12	22	12	22	12	21	12	21	22
22	0	11.941	20.500	12	12	22	21	22	11	21	22	21	11	12	21	12	12	12	21	11	22	21	11	21	12	11	11	22	12	22	21	12	21	21	12	12	22	11	22	11	22	22	21	22	12	11	21	12	21	11	12	12	22	22	11	11	11	22	22	11	11	22	22	22	11	12	22	11	11	11	22	11	12	21	22	11	11	11	12	12	11	21	12	22	12	22	12	21	12	21	22
23	0	11.941	20.500	12	12	22	21	22	11	21	22	21	11	12	21	12	12	12	21	11	22	21	11	21	12	11	11	22	12	22	21	12	21	21	12	12	22	11	22	11	22	22	21	22	12	11	21	12	21	11	12	12	22	22	11	11	11	22	22	11	11	22	22	22	11	12	22	11	11	11	22	11	12	21	22	11	11	11	12	12	11	21	12	22	12	22	12	21	12	21	22
24	0	11.941	20.500	12	12	22	21	22	11	21	22	21	11	12	21	12	12	12	21	11	22	21	11	21	12	11	11	22	12	22	21	12	21	21	12	12	22	11	22	11	22	22	21	22	12	11	21	12	21	11	12	12	22	22	11	11	11	22	22	11	11	22	22	22	11	12	22	11	11	11	22	11	12	21	22	11	11	11	12	12	11	21	12	22	12	22	12	21	12	21	22
26	0	11.941	20.500	12	12	22	21	22	11	21	22	21	11	12	21	12	12	12	21	11	22	21	11	21	12	11	11	22	12	22	21	12	21	21	12	12	22	11	22	11	22	22	21	22	12	11	21	12	21	11	12	12	22	22	11	11	11	22	22	11	11	22	22	22	11	12	22	11	11	11	22	11	12	21	22	11	11	11	12	12	11	21	12	22	12	22	12	21	12	21	22
25	0	11.941	20.500	12	12	22	21	22	11	21	22	21	11	12	21	12	12	12	21	11	22	21	11	21	12	11	11	22	12	22	21	12	21	21	12	12	22	11	22	11	22	22	21	22	12	11	21	12	21	11	12	12	22	22	11	11	11	22	22	11	11	22	22	22	11	12	22	11	11	11	22	11	12	21	22	11	11	11	12	12	11	21	12	22	12	22	12	21	12	21	22
34	0	14.322	20.500	12	12	22	21	22	11	21	22	21	21	12	21	12	12	12	21	11	22	21	11	21	12	11	11	22	12	22	21	12	21	21	12	12	22	11	22	11	22	22	21	22	12	11	21	12	21	11	12	12	22	22	11	11	11	22	22	11	11	22	22	22	11	12	22	11	11	11	22	11	12	21	22	11	11	11	12	12	11	21	12	22	12	22	22	21	12	21	22
33	0	14.322	20.500	12	12	22	21	22	11	21	22	21	21	12	21	12	12	12	21	11	22	21	11	21	12	11	11	22	12	22	21	12	21	21	12	12	22	11	22	11	22	22	21	22	12	11	21	12	21	11	12	12	22	22	11	11	11	22	22	11	11	22	22	22	11	12	22	11	11	11	22	11	12	21	22	11	11	11	12	12	11	21	12	22	12	22	22	21	12	21	22
39	0	14.322	22.882	12	12	22	21	22	11	21	22	21	21	12	21	12	12	12	21	11	22	21	11	21	12	12	12	22	12	22	21	12	21	21	12	12	22	11	22	11	22	22	21	22	12	11	21	12	21	11	12	12	22	22	11	11	11	22	22	11	11	22	22	22	11	12	22	11	11	11	22	11	12	21	22	11	11	11	12	12	11	21	12	22	12	22	22	21	12	21	22
40	0	14.322	22.882	12	12	22	21	22	11	21	22	21	21	12	21	12	12	12	21	11	22	21	11	21	12	12	12	22	12	22	21	12	21	21	12	12	22	11	22	11	22	22	21	22	12	11	21	12	21	11	12	12	22	22	11	11	11	22	22	11	11	22	22	22	11	12	22	11	11	11	22	11	12	21	22	11	11	11	12	12	11	21	12	22	12	22	22	21	12	21	22
45	0	15.499	25.263	12	12	21	21	22	11	21	22	21	21	12	21	12	12	12	21	11	22	21	11	21	12	12	12	22	12	22	21	12	21	21	22	12	22	11	22	11	22	22	21	22	12	11	21	12	21	11	12	12	22	22	11	11	11	22	22	11	11	22	22	22	11	12	22	11	11	11	22	11	12	21	22	11	11	11	12	12	11	21	12	22	12	22	21	21	12	21	22
52	0	15.499	25.263	12	12	21	21	22	11	21	22	21	21	12	21	12	12	12	21	11	22	21	11	21	12	12	12	22	12	22	21	12	21	21	22	12	22	11	22	11	22	22	21	22	12	11	21	12	21	11	12	12	22	22	11	11	11	22	22	11	11	22	22	22	11	12	22	11	11	11	22	11	12	21	22	11	11	11	12	12	11	21	12	22	12	22	21	21	12	21	22
44	0	15.499	25.263	12	12	21	21	22	11	21	22	21	21	12	21	12	12	12	21	11	22	21	11	21	12	12	12	22	12	22	21	12	21	21	22	12	22	11	22	11	22	22	21	22	12	11	21	12	21	11	12	12	22	22	11	11	11	22	22	11	11	22	22	22	11	12	22	11	11	11	22	11	12	21	22	11	11	11	12	12	11	21	12	22	12	22	21	21	12	21	22
41	0	15.499	25.263	12	12	21	21	22	11	21	22	21	21	12	21	12	12	12	21	11	22	21	11	21	12	12	12	22	12	22	21	12	21	21	22	12	22	11	22	11	22	22	21	22	12	11	21	12	21	11	12	12	22	22	11	11	11	22	22	11	11	22	22	22	11	12	22	11	11	11	22	11	12	21	22	11	11	11	12	12	11	21	12	22	12	22	21	21	12	21	22
42	0	16.676	25.263	12	12	21	21	22	11	21	12	21	21	12	21	12	12	12	21	11	22	21	11	21	12	12	12	22	12	22	21	12	21	21	22	12	22	11	22	11	22	22	21	22	12	11	21	12	21	11	12	12	22	22	11	11	11	22	22	11	11	22	22	22	11	12	22	11	11	11	22	11	12	21	22	11	11	11	12	12	11	21	12	22	12	22	21	21	12	21	22
50	0	16.676	25.263	12	12	21	21	22	11	21	12	21	21	12	21	12	12	12	21	11	22	21	11	21	12	12	12	22	12	22	21	12	21	21	22	12	22	11	22	11	22	22	21	22	12	11	21	12	21	11	12	12	22	22	11	11	11	22	22	11	11	22	22	22	11	12	22	11	11	11	22	11	12	21	22	11	11	11	12	12	11	21	12	22	12	22	21	21	12	21	22
48	0	16.676	25.263	12	12	21	21	22	11	21	12	21	21	12	21	12	12	12	21	11	22	21	11	21	12	12	12	22	12	22	21	12	21	21	22	12	22	11	22	11	22	22	21	22	12	11	21	12	21	11	12	12	22	22	11	11	11	22	22	11	11	22	22	22	11	12	22	11	11	11	22	11	12	21	22	11	11	11	12	12	11	21	12	22	12	22	21	21	12	21	22
47	0	16.676	25.263	12	12	21	21	22	11	21	12	21	21	12	21	12	12	12	21	11	22	21	11	21	12	12	12	22	12	22	21	12	21	21	22	12	22	11	22	11	22	22	21	22	12	11	21	12	21	11	12	12	22	22	11	11	11	22	22	11	11	22	22	22	11	12	22	11	11	11	22	11	12	21	22	11	11	11	12	12	11	21	12	22	12	22	21	21	12	21	22
49	0	16.676	25.263	12	12	21	21	22	11	21	12	21	21	12	21	12	12	12	21	11	22	21	11	21	12	12	12	22	12	22	21	12	21	21	22	12	22	11	22	11	22	22	21	22	12	11	21	12	21	11	12	12	22	22	11	11	11	22	22	11	11	22	22	22	11	12	22	11	11	11	22	11	12	21	22	11	11	11	12	12	11	21	12	22	12	22	21	21	12	21	22
46	0	16.676	25.263	12	12	21	21	22	11	21	12	21	21	12	21	12	12	12	21	11	22	21	11	21	12	12	12	22	12	22	21	12	21	21	22	12	22	11	22	11	22	22	21	22	12	11	21	12	21	11	12	12	22	22	11	11	11	22	22	11	11	22	22	22	11	12	22	11	11	11	22	11	12	21	22	11	11	11	12	12	11	21	12	22	12	22	21	21	12	21	22
43	0	16.676	25.263	12	12	21	21	22	11	21	12	21	21	12	21	12	12	12	21	11	22	21	11	21	12	12	12	22	12	22	21	12	21	21	22	12	22	11	22	11	22	22	21	22	12	11	21	12	21	11	12	12	22	22	11	11	11	22	22	11	11	22	22	22	11	12	22	11	11	11	22	11	12	21	22	11	11	11	12	12	11	21	12	22	12	22	21	21	12	21	22
51	0	16.676	25.263	12	12	21	21	22	11	21	12	21	21	12	21	12	12	12	21	11	22	21	11	21	12	12	12	22	12	22	21	12	21	21	22	12	22	11	22	11	22	22	21	22	12	11	21	12	21	11	12	12	22	22	11	11	11	22	22	11	11	22	22	22	11	12	22	11	11	11	22	11	12	21	22	11	11	11	12	12	11	21	12	22	12	22	21	21	12	21	22
55	0	16.676	27.644	12	12	21	21	22	11	21	12	21	21	12	21	12	12	12	21	11	22	21	11	21	12	12	12	22	12	22	21	12	21	21	22	12	22	11	22	11	22	22	21	22	12	11	22	12	21	11	12	12	22	22	11	11	11	22	22	11	11	22	22	22	11	12	22	11	11	11	22	11	12	21	22	11	11	11	12	12	12	21	12	22	12	22	21	21	12	21	22
54	0	16.676	27.644	12	12	21	21	22	11	21	12	21	21	12	21	12	12	12	21	11	22	21	11	21	12	12	12	22	12	22	21	12	21	21	22	12	22	11	22	11	22	22	21	22	12	11	22	12	21	11	12	12	22	22	11	11	11	22	22	11	11	22	22	22	11	12	22	11	11	11	22	11	12	21	22	11	11	11	12	12	12	21	12	22	12	22	21	21	12	21	22
56	0	16.676	27.644	12	12	21	21	22	11	21	12	21	21	12	21	12	12	12	21	11	22	21	11	21	12	12	12	22	12	22	21	12	21	21	22	12	22	11	22	11	22	22	21	22	12	11	22	12	21	11	12	12	22	22	11	11	11	22	22	11	11	22	22	22	11	12	22	11	11	11	22	11	12	21	22	11	11	11	12	12	12	21	12	22	12	22	21	21	12	21	22
53	0	16.676	27.644	12	12	21	21	22	11	21	12	21	21	12	21	12	12	12	21	11	22	21	11	21	12	12	12	22	12	22	21	12	21	21	22	12	22	11	22	11	22	22	21	22	12	11	22	12	21	11	12	12	22	22	11	11	11	22	22	11	11	22	22	22	11	12	22	11	11	11	22	11	12	21	22	11	11	11	12	12	12	21	12	22	12	22	21	21	12	21	22
62	0	16.676	30.026	12	12	21	21	22	11	21	12	21	21	12	21	12	12	12	21	11	22	21	11	21	12	12	12	22	12	22	21	12	21	21	22	12	22	11	22	11	22	22	21	22	12	11	22	12	21	11	12	12	22	22	11	12	11	22	22	11	11	22	22	22	11	12	22	11	11	11	22	11	12	21	22	11	11	12	12	12	12	21	12	22	12	22	21	21	12	21	22
64	0	16.676	30.026	12	12	21	21	22	11	21	12	21	21	12	21	12	12	12	21	11	22	21	11	21	12	12	12	22	12	22	21	12	21	21	22	12	22	11	22	11	22	22	21	22	12	11	22	12	21	11	12	12	22	22	11	12	11	22	22	11	11	22	22	22	11	12	22	11	11	11	22	11	12	21	22	11	11	12	12	12	12	21	12	22	12	22	21	21	12	21	22
66	0	17.852	30.026	12	12	21	21	22	11	21	12	21	11	12	21	12	12	12	21	11	22	21	11	21	12	12	12	22	12	22	21	12	21	21	22	12	22	11	22	11	22	22	21	22	12	11	22	12	21	11	12	12	22	22	11	12	11	22	22	11	11	22	22	22	11	12	22	11	11	11	22	11	12	21	22	11	11	12	12	12	12	21	12	22	12	22	21	21	12	21	22
65	0	17.852	31.202	12	12	21	21	22	11	21	12	21	11	12	21	12	12	12	21	11	22	21	11	21	12	12	12	22	12	22	21	12	21	21	22	12	22	11	22	11	22	22	21	22	12	11	22	12	21	11	12	12	22	22	11	12	11	22	22	11	11	22	22	22	11	12	22	11	11	11	22	11	12	21	22	11	11	12	12	12	12	21	12	22	12	22	21	21	12	21	21
58	0	21.468	31.202	12	12	21	21	22	11	21	22	21	11	12	21	12	12	12	21	11	22	21	11	21	12	12	12	22	12	22	21	12	21	21	22	22	22	11	22	11	22	22	21	22	12	11	22	12	21	11	12	12	22	22	11	12	11	22	22	11	11	22	22	22	11	12	22	11	11	11	22	11	12	21	22	11	11	12	12	12	12	21	22	22	12	22	21	21	12	21	21
57	0	21.468	31.202	12	12	21	21	22	11	21	22	21	11	12	21	12	12	12	21	11	22	21	11	21	12	12	12	22	12	22	21	12	21	21	22	22	22	11	22	11	22	22	21	22	12	11	22	12	21	11	12	12	22	22	11	12	11	22	22	11	11	22	22	22	11	12	22	11	11	11	22	11	12	21	22	11	11	12	12	12	12	21	22	22	12	22	21	21	12	21	21
59	0	21.468	31.202	12	12	21	21	22	11	21	22	21	11	12	21	12	12	12	21	11	22	21	11	21	12	12	12	22	12	22	21	12	21	21	22	22	22	11	22	11	22	22	21	22	12	11	22	12	21	11	12	12	22	22	11	12	11	22	22	11	11	22	22	22	11	12	22	11	11	11	22	11	12	21	22	11	11	12	12	12	12	21	22	22	12	22	21	21	12	21	21
60	0	21.468	31.202	12	12	21	21	22	11	21	22	21	11	12	21	12	12	12	21	11	22	21	11	21	12	12	12	22	12	22	21	12	21	21	22	22	22	11	22	11	22	22	21	22	12	11	22	12	21	11	12	12	22	22	11	12	11	22	22	11	11	22	22	22	11	12	22	11	11	11	22	11	12	21	22	11	11	12	12	12	12	21	22	22	12	22	21	21	12	21	21
61	0	21.468	32.379	12	12	21	21	22	11	21	22	21	11	12	21	12	12	12	21	11	22	21	11	21	12	12	12	22	12	22	21	12	21	21	22	22	22	11	22	11	22	22	21	22	12	11	22	12	21	11	12	12	22	22	11	12	11	22	22	11	11	22	22	22	11	12	22	11	11	11	22	11	12	21	22	11	11	12	12	12	12	21	22	22	12	22	21	21	12	21	22
63	0	22.645	33.555	12	12	21	21	22	11	21	22	21	11	12	21	12	12	12	21	11	22	21	11	21	12	12	12	22	12	22	21	12	21	21	22	12	22	11	22	11	22	22	21	22	12	11	22	12	21	11	12	12	22	22	11	12	11	22	22	11	11	22	22	22	11	12	22	11	11	11	22	11	12	21	22	11	11	12	12	12	12	21	21	22	12	22	21	21	12	21	22
67	0	23.821	35.937	12	12	21	21	22	11	21	22	21	11	12	21	12	12	12	21	11	22	21	11	21	12	12	12	22	12	22	21	12	21	21	22	12	22	11	22	11	22	22	21	22	12	11	22	12	21	11	12	12	22	22	11	12	11	22	22	12	11	22	22	22	11	12	22	11	11	11	22	11	12	21	22	11	11	12	12	12	12	21	11	22	12	22	21	22	12	21	22
68	0	24.998	37.113	12	12	21	21	22	11	21	22	21	11	12	21	12	22	12	21	11	22	21	11	21	12	12	12	22	12	22	21	12	21	21	22	11	22	11	22	11	22	22	21	22	12	11	22	12	21	11	12	12	22	22	11	12	11	22	22	12	11	22	22	22	11	12	22	11	11	11	22	11	12	21	22	11	11	12	12	12	12	21	11	22	12	22	21	22	12	21	22
69	0	26.174	38.290	12	12	21	21	22	11	21	22	21	11	12	21	12	22	12	21	11	22	21	11	21	12	12	12	22	12	22	21	12	21	21	22	11	22	11	22	11	22	22	21	22	12	11	22	12	21	12	22	12	22	22	11	12	11	22	22	12	11	22	22	22	11	12	22	11	11	11	22	11	12	21	22	11	11	12	12	12	12	21	11	22	12	22	21	22	12	21	22
72	0	26.174	38.290	12	12	21	21	22	11	21	22	21	11	12	21	12	22	12	21	11	22	21	11	21	12	12	12	22	12	22	21	12	21	21	22	11	22	11	22	11	22	22	21	22	12	11	22	12	21	12	22	12	22	22	11	12	11	22	22	12	11	22	22	22	11	12	22	11	11	11	22	11	12	21	22	11	11	12	12	12	12	21	11	22	12	22	21	22	12	21	22
71	0	26.174	38.290	12	12	21	21	22	11	21	22	21	11	12	21	12	22	12	21	11	22	21	11	21	12	12	12	22	12	22	21	12	21	21	22	11	22	11	22	11	22	22	21	22	12	11	22	12	21	12	22	12	22	22	11	12	11	22	22	12	11	22	22	22	11	12	22	11	11	11	22	11	12	21	22	11	11	12	12	12	12	21	11	22	12	22	21	22	12	21	22
70	0	26.174	38.290	12	12	21	21	22	11	21	22	21	11	12	21	12	22	12	21	11	22	21	11	21	12	12	12	22	12	22	21	12	21	21	22	11	22	11	22	11	22	22	21	22	12	11	22	12	21	12	22	12	22	22	11	12	11	22	22	12	11	22	22	22	11	12	22	11	11	11	22	11	12	21	22	11	11	12	12	12	12	21	11	22	12	22	21	22	12	21	22
73	0	27.351	40.671	12	12	21	21	22	11	21	22	21	11	12	21	12	21	12	21	11	22	21	11	21	12	12	12	22	12	22	21	12	21	21	22	21	22	11	22	11	22	22	21	22	12	11	22	12	21	12	21	12	22	22	11	12	11	22	22	12	11	22	22	22	11	12	22	11	11	11	22	11	12	21	22	11	11	12	12	12	12	21	11	22	12	22	21	22	12	21	22
86	0	29.732	41.848	12	12	21	21	22	11	21	12	21	11	12	21	12	21	12	21	11	22	21	11	21	12	12	12	22	12	22	21	12	21	21	22	21	22	11	22	11	22	22	22	22	12	11	22	12	21	12	21	12	22	22	11	12	11	22	22	12	11	22	22	22	11	12	22	11	11	11	22	11	12	21	22	11	11	12	12	12	12	21	11	22	12	22	11	22	12	21	22
84	0	29.732	41.848	12	12	21	21	22	11	21	12	21	11	12	21	12	21	12	21	11	22	21	11	21	12	12	12	22	12	22	21	12	21	21	22	21	22	11	22	11	22	22	22	22	12	11	22	12	21	12	21	12	22	22	11	12	11	22	22	12	11	22	22	22	11	12	22	11	11	11	22	11	12	21	22	11	11	12	12	12	12	21	11	22	12	22	11	22	12	21	22
88	0	29.732	41.848	12	12	21	21	22	11	21	12	21	11	12	21	12	21	12	21	11	22	21	11	21	12	12	12	22	12	22	21	12	21	21	22	21	22	11	22	11	22	22	22	22	12	11	22	12	21	12	21	12	22	22	11	12	11	22	22	12	11	22	22	22	11	12	22	11	11	11	22	11	12	21	22	11	11	12	12	12	12	21	11	22	12	22	11	22	12	21	22
83	0	29.732	41.848	12	12	21	21	22	11	21	12	21	11	12	21	12	21	12	21	11	22	21	11	21	12	12	12	22	12	22	21	12	21	21	22	21	22	11	22	11	22	22	22	22	12	11	22	12	21	12	21	12	22	22	11	12	11	22	22	12	11	22	22	22	11	12	22	11	11	11	22	11	12	21	22	11	11	12	12	12	12	21	11	22	12	22	11	22	12	21	22
87	0	29.732	41.848	12	12	21	21	22	11	21	12	21	11	12	21	12	21	12	21	11	22	21	11	21	12	12	12	22	12	22	21	12	21	21	22	21	22	11	22	11	22	22	22	22	12	11	22	12	21	12	21	12	22	22	11	12	11	22	22	12	11	22	22	22	11	12	22	11	11	11	22	11	12	21	22	11	11	12	12	12	12	21	11	22	12	22	11	22	12	21	22
85	0	29.732	41.848	12	12	21	21	22	11	21	12	21	11	12	21	12	21	12	21	11	22	21	11	21	12	12	12	22	12	22	21	12	21	21	22	21	22	11	22	11	22	22	22	22	12	11	22	12	21	12	21	12	22	22	11	12	11	22	22	12	11	22	22	22	11	12	22	11	11	11	22	11	12	21	22	11	11	12	12	12	12	21	11	22	12	22	11	22	12	21	22
81	0	29.732	43.024	12	12	21	21	22	11	21	12	21	11	12	21	12	21	12	21	11	22	21	11	21	12	12	12	22	12	22	21	12	21	21	22	21	22	11	22	11	22	22	22	22	12	11	22	12	21	12	21	12	22	22	11	12	11	22	22	12	11	22	22	22	11	12	22	11	11	11	22	11	12	21	22	11	11	12	12	12	12	21	11	22	12	22	12	22	12	21	22
82	0	30.909	43.024	12	12	21	21	22	11	21	22	21	11	12	21	12	21	12	21	11	22	21	11	21	12	12	12	22	12	22	21	12	21	21	22	21	22	11	22	11	22	22	22	22	12	11	22	12	21	12	21	12	22	22	11	12	11	22	22	12	11	22	22	22	11	12	22	11	11	11	22	11	12	21	22	11	11	12	12	12	12	21	11	22	12	22	12	22	12	21	22
74	0	32.085	43.024	12	12	21	21	22	11	21	22	21	21	12	21	12	21	12	21	11	22	21	11	21	12	12	12	22	12	22	21	12	21	21	22	21	22	11	22	11	22	22	22	22	12	11	22	12	21	12	21	12	22	22	11	12	11	22	22	12	11	22	22	22	11	12	22	11	11	11	22	11	12	21	22	11	11	12	12	12	12	21	11	22	12	22	12	22	12	21	22
76	0	32.085	44.201	12	12	21	21	22	11	21	22	21	21	12	21	12	21	12	21	11	22	21	11	21	12	12	12	22	12	22	21	12	21	22	22	21	22	11	22	11	22	22	22	22	12	11	22	12	21	12	21	12	22	22	11	12	11	22	22	12	11	22	22	22	11	12	22	11	11	11	22	11	12	21	22	11	11	12	12	12	12	21	11	22	12	22	12	22	12	21	22
75	0	32.085	44.201	12	12	21	21	22	11	21	22	21	21	12	21	12	21	12	21	11	22	21	11	21	12	12	12	22	12	22	21	12	21	22	22	21	22	11	22	11	22	22	22	22	12	11	22	12	21	12	21	12	22	22	11	12	11	22	22	12	11	22	22	22	11	12	22	11	11	11	22	11	12	21	22	11	11	12	12	12	12	21	11	22	12	22	12	22	12	21	22
78	0	33.262	44.201	12	12	21	21	22	11	21	22	21	21	12	21	12	21	12	21	11	22	21	11	21	12	12	12	22	12	22	21	12	21	12	22	21	22	11	22	11	22	22	22	22	12	11	22	12	21	12	21	12	22	22	11	12	11	22	22	12	11	22	22	22	11	12	22	11	11	11	22	11	12	21	22	11	11	12	12	12	12	21	11	22	12	22	12	22	12	21	22
79	0	33.262	44.201	12	12	21	21	22	11	21	22	21	21	12	21	12	21	12	21	11	22	21	11	21	12	12	12	22	12	22	21	12	21	12	22	21	22	11	22	11	22	22	22	22	12	11	22	12	21	12	21	12	22	22	11	12	11	22	22	12	11	22	22	22	11	12	22	11	11	11	22	11	12	21	22	11	11	12	12	12	12	21	11	22	12	22	12	22	12	21	22
80	0	33.262	44.201	12	12	21	21	22	11	21	22	21	21	12	21	12	21	12	21	11	22	21	11	21	12	12	12	22	12	22	21	12	21	12	22	21	22	11	22	11	22	22	22	22	12	11	22	12	21	12	21	12	22	22	11	12	11	22	22	12	11	22	22	22	11	12	22	11	11	11	22	11	12	21	22	11	11	12	12	12	12	21	11	22	12	22	12	22	12	21	22
77	0	33.262	44.201	12	12	21	21	22	11	21	22	21	21	12	21	12	21	12	21	11	22	21	11	21	12	12	12	22	12	22	21	12	21	12	22	21	22	11	22	11	22	22	22	22	12	11	22	12	21	12	21	12	22	22	11	12	11	22	22	12	11	22	22	22	11	12	22	11	11	11	22	11	12	21	22	11	11	12	12	12	12	21	11	22	12	22	12	22	12	21	22
90	0	34.438	47.817	12	12	21	21	22	11	21	22	21	21	12	22	12	21	12	21	11	22	21	11	21	12	12	12	22	11	22	21	12	21	12	22	21	22	11	22	11	22	22	22	22	12	11	22	12	21	12	21	12	22	22	11	12	11	22	22	12	11	22	22	21	11	12	22	11	11	11	22	11	12	21	22	11	11	12	12	12	12	21	11	22	12	12	12	22	12	21	22
91	0	34.438	47.817	12	12	21	21	22	11	21	22	21	21	12	22	12	21	12	21	11	22	21	11	21	12	12	12	22	11	22	21	12	21	12	22	21	22	11	22	11	22	22	22	22	12	11	22	12	21	12	21	12	22	22	11	12	11	22	22	12	11	22	22	21	11	12	22	11	11	11	22	11	12	21	22	11	11	12	12	12	12	21	11	22	12	12	12	22	12	21	22
92	0	34.438	47.817	12	12	21	21	22	11	21	22	21	21	12	22	12	21	12	21	11	22	21	11	21	12	12	12	22	11	22	21	12	21	12	22	21	22	11	22	11	22	22	22	22	12	11	22	12	21	12	21	12	22	22	11	12	11	22	22	12	11	22	22	21	11	12	22	11	11	11	22	11	12	21	22	11	11	12	12	12	12	21	11	22	12	12	12	22	12	21	22
89	0	34.438	47.817	12	12	21	21	22	11	21	22	21	21	12	22	12	21	12	21	11	22	21	11	21	12	12	12	22	11	22	21	12	21	12	22	21	22	11	22	11	22	22	22	22	12	11	22	12	21	12	21	12	22	22	11	12	11	22	22	12	11	22	22	21	11	12	22	11	11	11	22	11	12	21	22	11	11	12	12	12	12	21	11	22	12	12	12	22	12	21	22
93	0	35.615	50.198	12	12	21	21	22	11	21	22	21	21	12	22	12	21	12	21	11	22	21	11	21	12	12	12	22	11	22	21	12	21	12	22	21	22	11	22	11	22	22	22	22	12	12	22	12	21	12	21	12	22	22	11	12	11	22	22	12	11	22	22	21	11	12	22	11	11	11	22	22	12	21	22	11	11	12	12	12	12	21	11	22	12	12	12	22	12	21	22
94	0	35.615	50.198	12	12	21	21	22	11	21	22	21	21	12	22	12	21	12	21	11	22	21	11	21	12	12	12	22	11	22	21	12	21	12	22	21	22	11	22	11	22	22	22	22	12	12	22	12	21	12	21	12	22	22	11	12	11	22	22	12	11	22	22	21	11	12	22	11	11	11	22	22	12	21	22	11	11	12	12	12	12	21	11	22	12	12	12	22	12	21	22
98	0	37.996	50.198	12	12	21	21	22	11	21	22	21	21	12	22	12	21	12	21	11	22	11	11	11	12	12	12	22	11	22	21	12	21	12	22	21	22	11	22	11	22	22	22	22	12	12	22	12	21	12	21	12	22	22	11	12	11	22	22	12	11	22	22	21	11	12	22	11	11	11	22	22	12	21	22	11	11	12	12	12	12	21	11	22	12	12	12	22	12	21	22
95	0	37.996	50.198	12	12	21	21	22	11	21	22	21	21	12	22	12	21	12	21	11	22	11	11	11	12	12	12	22	11	22	21	12	21	12	22	21	22	11	22	11	22	22	22	22	12	12	22	12	21	12	21	12	22	22	11	12	11	22	22	12	11	22	22	21	11	12	22	11	11	11	22	22	12	21	22	11	11	12	12	12	12	21	11	22	12	12	12	22	12	21	22
97	0	37.996	50.198	12	12	21	21	22	11	21	22	21	21	12	22	12	21	12	21	11	22	11	11	11	12	12	12	22	11	22	21	12	21	12	22	21	22	11	22	11	22	22	22	22	12	12	22	12	21	12	21	12	22	22	11	12	11	22	22	12	11	22	22	21	11	12	22	11	11	11	22	22	12	21	22	11	11	12	12	12	12	21	11	22	12	12	12	22	12	21	22
96	0	37.996	50.198	12	12	21	21	22	11	21	22	21	21	12	22	12	21	12	21	11	22	11	11	11	12	12	12	22	11	22	21	12	21	12	22	21	22	11	22	11	22	22	22	22	12	12	22	12	21	12	21	12	22	22	11	12	11	22	22	12	11	22	22	21	11	12	22	11	11	11	22	22	12	21	22	11	11	12	12	12	12	21	11	22	12	12	12	22	12	21	22
99	0	39.173	55.080	12	12	21	21	22	12	21	22	21	11	12	22	12	21	12	21	11	22	11	11	11	12	12	12	22	11	22	21	12	21	12	22	21	22	11	22	11	22	22	22	22	12	12	22	12	21	12	21	12	22	22	12	12	12	22	22	12	11	22	22	21	11	12	22	11	11	11	22	22	12	21	22	12	11	12	12	12	12	21	11	22	12	12	12	22	12	21	22
100	0	39.173	56.257	12	12	21	21	22	12	21	22	21	11	12	22	12	21	12	21	11	22	11	11	11	12	12	12	22	11	22	21	12	21	12	22	21	22	11	22	11	22	22	22	22	12	12	22	12	21	12	21	12	22	22	12	12	12	22	22	12	11	22	22	21	11	12	21	11	11	11	22	22	12	21	22	12	11	12	12	12	12	21	11	22	12	12	12	22	12	21	22
104	0	40.349	58.638	12	12	21	21	22	12	21	22	21	11	12	22	12	21	12	21	11	22	11	11	11	12	12	12	22	11	22	21	12	21	12	22	21	22	11	22	11	22	22	22	22	12	12	22	12	21	12	21	12	22	22	12	12	12	22	22	12	11	22	21	21	11	12	21	11	11	12	22	22	12	21	22	12	11	12	12	12	12	21	11	22	12	12	12	22	12	21	12
101	0	40.349	58.638	12	12	21	21	22	12	21	22	21	11	12	22	12	21	12	21	11	22	11	11	11	12	12	12	22	11	22	21	12	21	12	22	21	22	11	22	11	22	22	22	22	12	12	22	12	21	12	21	12	22	22	12	12	12	22	22	12	11	22	21	21	11	12	21	11	11	12	22	22	12	21	22	12	11	12	12	12	12	21	11	22	12	12	12	22	12	21	12
103	0	40.349	58.638	12	12	21	21	22	12	21	22	21	11	12	22	12	21	12	21	11	22	11	11	11	12	12	12	22	11	22	21	12	21	12	22	21	22	11	22	11	22	22	22	22	12	12	22	12	21	12	21	12	22	22	12	12	12	22	22	12	11	22	21	21	11	12	21	11	11	12	22	22	12	21	22	12	11	12	12	12	12	21	11	22	12	12	12	22	12	21	12
102	0	40.349	58.638	12	12	21	21	22	12	21	22	21	11	12	22	12	21	12	21	11	22	11	11	11	12	12	12	22	11	22	21	12	21	12	22	21	22	11	22	11	22	22	22	22	12	12	22	12	21	12	21	12	22	22	12	12	12	22	22	12	11	22	21	21	11	12	21	11	11	12	22	22	12	21	22	12	11	12	12	12	12	21	11	22	12	12	12	22	12	21	12
107	0	41.526	59.815	12	12	21	21	22	12	21	22	21	11	12	22	12	21	12	11	11	22	11	11	11	12	12	12	22	11	22	21	12	21	12	22	21	22	11	22	11	22	22	22	22	12	12	22	12	21	12	21	12	21	22	12	12	12	22	22	12	11	22	21	21	11	12	21	11	11	12	22	22	12	21	22	12	11	12	12	12	12	21	11	22	12	12	12	22	12	21	12
106	0	41.526	60.991	12	12	21	21	22	12	21	22	21	11	12	22	12	21	12	11	11	22	11	11	11	12	12	12	21	11	22	21	12	21	12	22	21	22	11	22	11	22	22	22	22	12	12	22	12	21	12	21	12	21	22	12	12	12	22	22	12	11	22	21	21	11	12	21	11	11	12	22	22	12	21	22	12	11	12	12	12	12	21	11	22	12	12	12	22	12	21	12
105	0	41.526	63.373	12	12	21	21	22	12	21	21	21	11	12	22	12	21	12	11	11	22	11	11	11	12	12	12	21	11	22	21	12	21	12	22	21	22	11	22	11	22	22	22	22	12	12	22	12	21	12	21	12	21	22	12	12	12	22	22	12	11	22	21	21	11	11	21	11	11	12	22	22	12	21	22	12	11	12	12	12	12	21	11	22	12	12	12	22	12	21	12
108	0	42.702	63.373	12	12	21	21	22	12	21	21	21	11	12	22	12	21	12	11	11	22	11	11	11	12	12	12	21	11	22	21	12	11	12	22	21	22	11	22	11	22	22	22	22	12	12	22	12	21	12	21	12	21	22	12	12	12	22	22	12	11	22	21	21	11	11	21	11	11	12	22	22	12	21	22	12	11	12	12	12	12	21	11	22	12	12	12	22	12	21	12
110	0	42.702	65.754	12	12	21	21	22	12	21	21	21	11	12	22	12	21	12	11	11	22	11	11	11	12	12	12	21	11	22	21	12	11	12	22	21	22	11	22	11	22	22	22	22	12	12	22	12	21	12	21	12	21	22	12	12	12	22	22	12	11	22	21	21	11	11	21	11	11	12	22	22	12	21	22	12	11	12	12	12	12	21	11	21	11	12	12	22	12	21	12
109	0	42.702	65.754	12	12	21	21	22	12	21	21	21	11	12	22	12	21	12	11	11	22	11	11	11	12	12	12	21	11	22	21	12	11	12	22	21	22	11	22	11	22	22	22	22	12	12	22	12	21	12	21	12	21	22	12	12	12	22	22	12	11	22	21	21	11	11	21	11	11	12	22	22	12	21	22	12	11	12	12	12	12	21	11	21	11	12	12	22	12	21	12
111	0	42.702	66.931	12	12	21	21	22	12	21	21	21	11	12	22	12	21	12	12	11	22	11	11	11	12	12	12	21	11	22	21	12	11	12	22	21	22	11	22	11	22	22	22	22	12	12	22	12	21	12	21	12	21	22	12	12	12	22	22	12	11	22	21	21	11	11	21	11	11	12	22	22	12	21	22	12	11	12	12	12	12	21	11	21	11	12	12	22	12	21	12
112	0	43.879	69.312	12	12	21	21	22	12	21	21	21	11	12	22	12	21	12	12	11	22	12	11	12	12	12	12	21	11	22	21	12	11	12	22	21	22	11	22	11	22	22	22	22	12	12	22	12	21	12	21	12	21	22	12	12	12	22	22	12	11	22	21	21	11	11	21	11	11	12	22	22	12	21	22	12	11	12	12	12	12	21	11	21	11	12	12	22	12	11	12
113	0	43.879	69.312	12	12	21	21	22	12	21	21	21	11	12	22	12	21	12	12	11	22	12	11	12	12	12	12	21	11	22	21	12	11	12	22	21	22	11	22	11	22	22	22	22	12	12	22	12	21	12	21	12	21	22	12	12	12	22	22	12	11	22	21	21	11	11	21	11	11	12	22	22	12	21	22	12	11	12	12	12	12	21	11	21	11	12	12	22	12	11	12
114	0	43.879	70.488	12	12	21	21	22	12	21	21	21	11	12	22	12	21	11	12	11	22	12	11	12	12	12	12	21	11	22	21	12	11	12	22	21	22	11	22	11	22	22	22	22	12	12	22	12	21	12	21	12	21	22	12	12	12	22	22	12	11	22	21	21	11	11	21	11	11	12	22	22	12	21	22	12	11	12	12	12	12	21	11	21	11	12	12	22	12	11	12
115	0	45.055	72.870	12	12	21	21	22	12	21	21	22	11	12	22	12	21	11	12	11	22	12	11	12	12	12	12	21	11	22	21	12	11	12	22	21	22	11	22	11	22	22	22	22	12	12	22	12	21	12	22	12	21	22	22	12	12	22	22	12	11	22	21	21	11	11	21	11	11	12	22	22	12	21	22	12	11	12	12	12	12	21	11	21	11	12	12	22	12	11	12
117	0	45.055	72.870	12	12	21	21	22	12	21	21	22	11	12	22	12	21	11	12	11	22	12	11	12	12	12	12	21	11	22	21	12	11	12	22	21	22	11	22	11	22	22	22	22	12	12	22	12	21	12	22	12	21	22	22	12	12	22	22	12	11	22	21	21	11	11	21	11	11	12	22	22	12	21	22	12	11	12	12	12	12	21	11	21	11	12	12	22	12	11	12
116	0	45.055	72.870	12	12	21	21	22	12	21	21	22	11	12	22	12	21	11	12	11	22	12	11	12	12	12	12	21	11	22	21	12	11	12	22	21	22	11	22	11	22	22	22	22	12	12	22	12	21	12	22	12	21	22	22	12	12	22	22	12	11	22	21	21	11	11	21	11	11	12	22	22	12	21	22	12	11	12	12	12	12	21	11	21	11	12	12	22	12	11	12
118	0	46.232	75.251	12	12	21	21	22	12	22	21	22	11	12	22	12	11	11	12	11	22	12	11	12	12	12	12	21	11	22	21	12	11	12	22	21	22	11	21	11	22	22	22	22	12	12	22	12	21	12	22	12	21	22	22	12	12	22	22	12	11	22	21	21	11	11	21	11	11	12	22	22	12	21	22	12	11	12	12	12	12	21	11	21	11	12	12	22	12	11	12
121	0	46.232	78.867	12	12	21	21	22	12	22	21	22	12	12	22	12	11	11	12	11	22	12	11	12	12	12	12	21	11	22	21	12	11	12	22	21	22	11	21	11	22	22	22	22	12	12	22	12	21	12	22	12	21	22	22	12	12	22	22	12	11	22	21	21	11	11	21	11	11	12	22	22	11	21	22	12	11	12	12	12	12	22	11	21	11	12	12	22	12	11	12
122	0	46.232	78.867	12	12	21	21	22	12	22	21	22	12	12	22	12	11	11	12	11	22	12	11	12	12	12	12	21	11	22	21	12	11	12	22	21	22	11	21	11	22	22	22	22	12	12	22	12	21	12	22	12	21	22	22	12	12	22	22	12	11	22	21	21	11	11	21	11	11	12	22	22	11	21	22	12	11	12	12	12	12	22	11	21	11	12	12	22	12	11	12
124	0	46.232	78.867	12	12	21	21	22	12	22	21	22	12	12	22	12	11	11	12	11	22	12	11	12	12	12	12	21	11	22	21	12	11	12	22	21	22	11	21	11	22	22	22	22	12	12	22	12	21	12	22	12	21	22	22	12	12	22	22	12	11	22	21	21	11	11	21	11	11	12	22	22	11	21	22	12	11	12	12	12	12	22	11	21	11	12	12	22	12	11	12
123	0	46.232	78.867	12	12	21	21	22	12	22	21	22	12	12	22	12	11	11	12	11	22	12	11	12	12	12	12	21	11	22	21	12	11	12	22	21	22	11	21	11	22	22	22	22	12	12	22	12	21	12	22	12	21	22	22	12	12	22	22	12	11	22	21	21	11	11	21	11	11	12	22	22	11	21	22	12	11	12	12	12	12	22	11	21	11	12	12	22	12	11	12
119	0	46.232	78.867	12	12	21	21	22	12	22	21	22	12	12	22	12	11	11	12	11	22	12	11	12	12	12	12	21	11	22	21	12	11	12	22	21	22	11	21	11	22	22	22	22	12	12	22	12	21	12	22	12	21	22	22	12	12	22	22	12	11	22	21	21	11	11	21	11	11	12	22	22	11	21	22	12	11	12	12	12	12	22	11	21	11	12	12	22	12	11	12
125	0	47.408	80.044	12	12	21	21	22	12	22	21	22	12	12	22	12	11	11	12	11	22	12	11	12	11	12	12	21	11	22	21	12	11	12	22	21	22	11	21	11	22	22	22	22	12	12	22	12	21	12	22	12	11	22	22	12	12	22	22	12	11	22	21	21	11	11	21	11	11	12	22	22	11	21	22	12	11	12	12	12	12	22	11	21	11	12	12	22	12	11	12
120	0	47.408	80.044	12	12	21	21	22	12	22	21	22	12	12	22	12	11	11	12	11	22	12	11	12	11	12	12	21	11	22	21	12	11	12	22	21	22	11	21	11	22	22	22	22	12	12	22	12	21	12	22	12	11	22	22	12	12	22	22	12	11	22	21	21	11	11	21	11	11	12	22	22	11	21	22	12	11	12	12	12	12	22	11	21	11	12	12	22	12	11	12
126	0	47.408	80.044	12	12	21	21	22	12	22	21	22	12	12	22	12	11	11	12	11	22	12	11	12	11	12	12	21	11	22	21	12	11	12	22	21	22	11	21	11	22	22	22	22	12	12	22	12	21	12	22	12	11	22	22	12	12	22	22	12	11	22	21	21	11	11	21	11	11	12	22	22	11	21	22	12	11	12	12	12	12	22	11	21	11	12	12	22	12	11	12
128	0	49.790	80.044	12	12	21	21	22	12	22	21	22	12	12	22	12	11	11	12	11	22	12	11	12	11	12	12	21	11	22	21	12	11	12	22	21	22	11	21	11	22	22	22	22	12	12	22	12	21	12	22	12	11	22	22	12	12	22	22	12	11	22	11	21	11	11	21	11	11	12	22	22	11	21	22	22	11	12	12	12	12	22	11	21	11	12	12	22	12	11	12
127	0	49.790	80.044	12	12	21	21	22	12	22	21	22	12	12	22	12	11	11	12	11	22	12	11	12	11	12	12	21	11	22	21	12	11	12	22	21	22	11	21	11	22	22	22	22	12	12	22	12	21	12	22	12	11	22	22	12	12	22	22	12	11	22	11	21	11	11	21	11	11	12	22	22	11	21	22	22	11	12	12	12	12	22	11	21	11	12	12	22	12	11	12
129	0	52.171	80.044	12	12	21	21	22	22	22	21	22	12	12	22	12	11	11	12	11	22	12	11	12	11	12	12	21	11	22	21	12	11	12	22	21	22	11	21	11	22	22	12	22	12	12	22	12	21	12	22	12	11	22	22	12	12	22	22	12	11	22	11	21	11	11	21	11	11	12	22	22	11	21	22	22	11	12	12	12	12	22	11	21	11	12	12	22	12	11	12
130	0	53.348	82.425	12	12	21	21	22	22	22	21	22	12	12	22	12	11	11	12	11	22	12	11	12	11	12	12	21	11	22	21	12	11	12	22	21	21	11	21	11	22	22	12	22	12	12	22	12	21	12	12	12	11	22	22	12	12	22	22	12	11	22	11	21	12	11	21	11	11	12	22	22	11	21	22	22	11	12	12	12	12	22	11	21	11	12	12	22	12	11	12
131	0	53.348	82.425	12	12	21	21	22	22	22	21	22	12	12	22	12	11	11	12	11	22	12	11	12	11	12	12	21	11	22	21	12	11	12	22	21	21	11	21	11	22	22	12	22	12	12	22	12	21	12	12	12	11	22	22	12	12	22	22	12	11	22	11	21	12	11	21	11	11	12	22	22	11	21	22	22	11	12	12	12	12	22	11	21	11	12	12	22	12	11	12
132	0	56.964	82.425	12	12	21	21	22	22	22	21	22	12	12	22	12	11	11	12	11	22	12	11	12	11	12	12	21	11	22	21	12	11	12	22	21	11	11	21	11	22	22	12	22	12	12	22	12	21	12	12	12	11	22	22	12	12	22	22	12	11	22	11	21	12	11	21	11	11	12	22	22	11	11	22	22	11	12	12	12	12	22	11	21	11	12	12	12	12	11	12
133	0	56.964	82.425	12	12	21	21	22	22	22	21	22	12	12	22	12	11	11	12	11	22	12	11	12	11	12	12	21	11	22	21	12	11	12	22	21	11	11	21	11	22	22	12	22	12	12	22	12	21	12	12	12	11	22	22	12	12	22	22	12	11	22	11	21	12	11	21	11	11	12	22	22	11	11	22	22	11	12	12	12	12	22	11	21	11	12	12	12	12	11	12
134	0	58.140	84.807	12	12	21	21	22	22	22	21	22	12	12	22	12	11	11	12	11	22	12	11	12	11	12	12	21	11	22	11	11	11	12	22	21	11	11	21	11	22	22	12	22	12	12	22	12	21	12	12	12	11	22	22	12	12	22	22	12	11	22	11	21	12	11	21	11	11	12	22	22	11	12	22	22	11	12	12	12	12	22	11	21	11	12	12	12	12	11	12
135	0	58.140	84.807	12	12	21	21	22	22	22	21	22	12	12	22	12	11	11	12	11	22	12	11	12	11	12	12	21	11	22	11	11	11	12	22	21	11	11	21	11	22	22	12	22	12	12	22	12	21	12	12	12	11	22	22	12	12	22	22	12	11	22	11	21	12	11	21	11	11	12	22	22	11	12	22	22	11	12	12	12	12	22	11	21	11	12	12	12	12	11	12
136	0	58.140	84.807	12	12	21	21	22	22	22	21	22	12	12	22	12	11	11	12	11	22	12	11	12	11	12	12	21	11	22	11	11	11	12	22	21	11	11	21	11	22	22	12	22	12	12	22	12	21	12	12	12	11	22	22	12	12	22	22	12	11	22	11	21	12	11	21	11	11	12	22	22	11	12	22	22	11	12	12	12	12	22	11	21	11	12	12	12	12	11	12
137	0	58.140	85.983	12	12	21	21	22	22	22	21	22	12	12	22	12	11	11	12	11	22	12	11	12	11	12	12	21	11	22	11	11	11	12	22	21	11	11	21	11	22	22	12	22	12	12	22	12	21	12	12	11	11	22	22	12	12	22	22	12	11	22	11	21	12	11	21	11	11	12	22	22	11	12	22	22	11	12	12	12	12	22	11	21	11	12	12	12	12	11	12
139	0	60.522	85.983	12	12	21	21	12	22	22	21	22	12	12	22	12	11	11	12	11	22	12	11	12	11	12	12	21	11	22	11	11	11	12	22	21	11	11	21	11	22	22	12	22	12	12	22	12	21	12	12	11	11	22	22	12	12	22	22	12	11	22	11	21	12	11	21	11	11	12	22	22	11	12	22	22	11	22	12	12	12	22	11	21	11	12	12	12	12	11	12
140	0	60.522	85.983	12	12	21	21	12	22	22	21	22	12	12	22	12	11	11	12	11	22	12	11	12	11	12	12	21	11	22	11	11	11	12	22	21	11	11	21	11	22	22	12	22	12	12	22	12	21	12	12	11	11	22	22	12	12	22	22	12	11	22	11	21	12	11	21	11	11	12	22	22	11	12	22	22	11	22	12	12	12	22	11	21	11	12	12	12	12	11	12
138	0	60.522	85.983	12	12	21	21	12	22	22	21	22	12	12	22	12	11	11	12	11	22	12	11	12	11	12	12	21	11	22	11	11	11	12	22	21	11	11	21	11	22	22	12	22	12	12	22	12	21	12	12	11	11	22	22	12	12	22	22	12	11	22	11	21	12	11	21	11	11	12	22	22	11	12	22	22	11	22	12	12	12	22	11	21	11	12	12	12	12	11	12
141	0	64.138	87.160	12	12	21	21	12	22	22	21	22	12	12	22	12	11	11	12	11	22	12	11	12	11	12	12	21	11	22	11	11	11	12	22	21	11	11	21	11	12	12	12	12	12	12	22	12	21	12	12	11	11	22	22	12	12	22	22	12	11	22	11	21	12	11	21	12	11	12	22	22	11	12	22	22	11	22	12	12	12	22	11	21	11	12	12	12	12	11	12
142	0	64.138	87.160	12	12	21	21	12	22	22	21	22	12	12	22	12	11	11	12	11	22	12	11	12	11	12	12	21	11	22	11	11	11	12	22	21	11	11	21	11	12	12	12	12	12	12	22	12	21	12	12	11	11	22	22	12	12	22	22	12	11	22	11	21	12	11	21	12	11	12	22	22	11	12	22	22	11	22	12	12	12	22	11	21	11	12	12	12	12	11	12
143	0	66.519	87.160	12	12	21	21	12	22	22	21	22	12	12	22	12	11	11	12	11	22	12	11	12	11	12	12	21	11	22	11	11	11	12	22	11	11	11	21	11	12	12	12	12	12	12	22	12	21	12	12	11	11	22	22	12	12	22	22	12	11	22	11	21	12	11	11	12	11	12	22	22	11	12	22	22	11	22	12	12	12	22	11	21	11	12	12	12	12	11	12
144	0	66.519	87.160	12	12	21	21	12	22	22	21	22	12	12	22	12	11	11	12	11	22	12	11	12	11	12	12	21	11	22	11	11	11	12	22	11	11	11	21	11	12	12	12	12	12	12	22	12	21	12	12	11	11	22	22	12	12	22	22	12	11	22	11	21	12	11	11	12	11	12	22	22	11	12	22	22	11	22	12	12	12	22	11	21	11	12	12	12	12	11	12
145	0	66.519	89.541	12	12	21	21	12	22	22	21	22	12	12	22	12	11	11	12	11	22	12	11	12	11	12	12	21	11	22	11	11	12	12	22	11	11	11	21	11	12	12	12	12	12	12	22	12	21	12	12	11	11	22	22	12	12	22	22	12	11	22	11	21	12	11	11	12	12	12	22	22	11	12	22	22	11	22	12	12	12	22	11	21	11	12	12	12	12	11	12
150	0	66.519	90.718	12	12	21	21	12	22	22	21	22	12	12	22	12	11	11	12	11	22	12	11	12	11	12	12	21	11	22	12	11	12	12	22	11	11	11	21	11	12	12	12	12	12	12	22	12	21	12	12	11	11	22	22	12	12	22	22	12	11	22	11	21	12	11	11	12	12	12	22	22	11	12	22	22	11	22	12	12	12	22	11	21	11	12	12	12	12	11	12
147	0	66.519	90.718	12	12	21	21	12	22	22	21	22	12	12	22	12	11	11	12	11	22	12	11	12	11	12	12	21	11	22	12	11	12	12	22	11	11	11	21	11	12	12	12	12	12	12	22	12	21	12	12	11	11	22	22	12	12	22	22	12	11	22	11	21	12	11	11	12	12	12	22	22	11	12	22	22	11	22	12	12	12	22	11	21	11	12	12	12	12	11	12
146	0	66.519	90.718	12	12	21	21	12	22	22	21	22	12	12	22	12	11	11	12	11	22	12	11	12	11	12	12	21	11	22	12	11	12	12	22	11	11	11	21	11	12	12	12	12	12	12	22	12	21	12	12	11	11	22	22	12	12	22	22	12	11	22	11	21	12	11	11	12	12	12	22	22	11	12	22	22	11	22	12	12	12	22	11	21	11	12	12	12	12	11	12
148	0	66.519	90.718	12	12	21	21	12	22	22	21	22	12	12	22	12	11	11	12	11	22	12	11	12	11	12	12	21	11	22	12	11	12	12	22	11	11	11	21	11	12	12	12	12	12	12	22	12	21	12	12	11	11	22	22	12	12	22	22	12	11	22	11	21	12	11	11	12	12	12	22	22	11	12	22	22	11	22	12	12	12	22	11	21	11	12	12	12	12	11	12
149	0	66.519	90.718	12	12	21	21	12	22	22	21	22	12	12	22	12	11	11	12	11	22	12	11	12	11	12	12	21	11	22	12	11	12	12	22	11	11	11	21	11	12	12	12	12	12	12	22	12	21	12	12	11	11	22	22	12	12	22	22	12	11	22	11	21	12	11	11	12	12	12	22	22	11	12	22	22	11	22	12	12	12	22	11	21	11	12	12	12	12	11	12
152	0	66.519	90.718	12	12	21	21	12	22	22	21	22	12	12	22	12	11	11	12	11	22	12	11	12	11	12	12	21	11	22	12	11	12	12	22	11	11	11	21	11	12	12	12	12	12	12	22	12	21	12	12	11	11	22	22	12	12	22	22	12	11	22	11	21	12	11	11	12	12	12	22	22	11	12	22	22	11	22	12	12	12	22	11	21	11	12	12	12	12	11	12
151	0	66.519	90.718	12	12	21	21	12	22	22	21	22	12	12	22	12	11	11	12	11	22	12	11	12	11	12	12	21	11	22	12	11	12	12	22	11	11	11	21	11	12	12	12	12	12	12	22	12	21	12	12	11	11	22	22	12	12	22	22	12	11	22	11	21	12	11	11	12	12	12	22	22	11	12	22	22	11	22	12	12	12	22	11	21	11	12	12	12	12	11	12
153	0	66.519	91.894	12	12	21	21	12	22	22	21	22	12	12	22	12	11	11	12	12	22	12	11	12	11	12	12	21	11	22	12	11	12	12	22	11	11	11	21	11	12	12	12	12	12	12	22	12	21	12	12	11	11	22	22	12	12	22	22	12	11	22	11	21	12	11	11	12	12	12	22	22	11	12	22	22	11	22	12	12	12	22	11	21	11	12	12	12	12	11	12
155	0	66.519	91.894	12	12	21	21	12	22	22	21	22	12	12	22	12	11	11	12	12	22	12	11	12	11	12	12	21	11	22	12	11	12	12	22	11	11	11	21	11	12	12	12	12	12	12	22	12	21	12	12	11	11	22	22	12	12	22	22	12	11	22	11	21	12	11	11	12	12	12	22	22	11	12	22	22	11	22	12	12	12	22	11	21	11	12	12	12	12	11	12
154	0	66.519	91.894	12	12	21	21	12	22	22	21	22	12	12	22	12	11	11	12	12	22	12	11	12	11	12	12	21	11	22	12	11	12	12	22	11	11	11	21	11	12	12	12	12	12	12	22	12	21	12	12	11	11	22	22	12	12	22	22	12	11	22	11	21	12	11	11	12	12	12	22	22	11	12	22	22	11	22	12	12	12	22	11	21	11	12	12	12	12	11	12
157	0	66.519	91.894	12	12	21	21	12	22	22	21	22	12	12	22	12	11	11	12	12	22	12	11	12	11	12	12	21	11	22	12	11	12	12	22	11	11	11	21	11	12	12	12	12	12	12	22	12	21	12	12	11	11	22	22	12	12	22	22	12	11	22	11	21	12	11	11	12	12	12	22	22	11	12	22	22	11	22	12	12	12	22	11	21	11	12	12	12	12	11	12
158	0	66.519	91.894	12	12	21	21	12	22	22	21	22	12	12	22	12	11	11	12	12	22	12	11	12	11	12	12	21	11	22	12	11	12	12	22	11	11	11	21	11	12	12	12	12	12	12	22	12	21	12	12	11	11	22	22	12	12	22	22	12	11	22	11	21	12	11	11	12	12	12	22	22	11	12	22	22	11	22	12	12	12	22	11	21	11	12	12	12	12	11	12
156	0	67.696	91.894	12	12	21	21	12	22	22	11	22	12	12	22	12	11	11	12	12	22	12	11	12	11	12	12	21	11	22	12	11	12	12	22	11	11	11	21	11	12	12	12	12	12	12	22	12	21	12	12	11	11	22	22	12	12	22	22	12	11	22	11	21	12	11	11	12	12	12	22	22	11	12	22	22	11	22	12	12	12	22	11	21	11	12	12	12	12	11	12
164	0	67.696	93.071	12	12	21	21	12	22	22	11	22	12	12	22	12	11	11	12	12	22	12	11	12	11	12	12	21	11	22	12	11	12	12	22	11	11	11	21	11	12	12	12	12	12	12	22	11	21	12	12	11	11	22	22	12	12	22	22	12	11	22	11	21	12	11	11	12	12	12	22	22	11	12	22	22	11	22	12	12	12	22	11	21	11	12	12	12	12	11	12
161	0	67.696	93.071	12	12	21	21	12	22	22	11	22	12	12	22	12	11	11	12	12	22	12	11	12	11	12	12	21	11	22	12	11	12	12	22	11	11	11	21	11	12	12	12	12	12	12	22	11	21	12	12	11	11	22	22	12	12	22	22	12	11	22	11	21	12	11	11	12	12	12	22	22	11	12	22	22	11	22	12	12	12	22	11	21	11	12	12	12	12	11	12
162	0	67.696	93.071	12	12	21	21	12	22	22	11	22	12	12	22	12	11	11	12	12	22	12	11	12	11	12	12	21	11	22	12	11	12	12	22	11	11	11	21	11	12	12	12	12	12	12	22	11	21	12	12	11	11	22	22	12	12	22	22	12	11	22	11	21	12	11	11	12	12	12	22	22	11	12	22	22	11	22	12	12	12	22	11	21	11	12	12	12	12	11	12
163	0	67.696	93.071	12	12	21	21	12	22	22	11	22	12	12	22	12	11	11	12	12	22	12	11	12	11	12	12	21	11	22	12	11	12	12	22	11	11	11	21	11	12	12	12	12	12	12	22	11	21	12	12	11	11	22	22	12	12	22	22	12	11	22	11	21	12	11	11	12	12	12	22	22	11	12	22	22	11	22	12	12	12	22	11	21	11	12	12	12	12	11	12
159	0	68.872	95.452	12	12	21	21	12	22	22	12	22	12	12	22	12	11	11	12	12	22	12	11	12	11	12	12	21	11	22	12	11	12	12	22	11	11	11	21	11	12	12	12	12	12	12	22	11	21	12	12	11	11	22	22	12	12	22	22	12	11	22	11	21	12	11	11	12	12	22	22	22	11	12	22	22	11	22	12	12	12	22	11	21	11	12	12	12	12	12	12
160	0	68.872	95.452	12	12	21	21	12	22	22	12	22	12	12	22	12	11	11	12	12	22	12	11	12	11	12	12	21	11	22	12	11	12	12	22	11	11	11	21	11	12	12	12	12	12	12	22	11	21	12	12	11	11	22	22	12	12	22	22	12	11	22	11	21	12	11	11	12	12	22	22	22	11	12	22	22	11	22	12	12	12	22	11	21	11	12	12	12	12	12	12
