MARKER	CHR	MALE_POS	FEMALE_POS	P1xP2	P1xP2	P1xP2	P1xP2	P1xP2	P1xP2	P1xP2	P1xP2	P1xP2	P1xP2	P1xP2	P1xP2	P1xP2	P1xP2	P1xP2	P1xP2	P1xP2	P1xP2	P1xP2	P1xP2	P1xP2	P1xP2	P1xP2	P1xP2	P1xP2	P1xP2	P1xP2	P1xP2	P1xP2	P1xP2	P1xP2	P1xP2	P1xP2	P1xP2	P1xP2	P1xP2	P1xP2	P1xP2	P1xP2	P1xP2	P1xP2	P1xP2	P1xP2	P1xP2	P1xP2	P1xP2	P1xP2	P1xP2	P1xP2	P1xP2	P1xP2	P1xP2	P1xP2	P1xP2	P1xP2	P1xP2	P1xP2	P1xP2	P1xP2	P1xP2	P1xP2	P1xP2	P1xP2	P1xP2	P1xP2	P1xP2	P1xP2	P1xP2	P1xP2	P1xP2	P1xP2	P1xP2	P1xP2	P1xP2	P1xP2	P1xP2	P1xP2	P1xP2	P1xP2	P1xP2	P1xP2	P1xP2	P1xP2	P1xP2	P1xP2	P1xP2	P1xP2	P1xP2
MARKER	CHR	MALE_POS	FEMALE_POS	P1	P2	C1	C2	C3	C4	C5	C6	C7	C8	C9	C10	C11	C12	C13	C14	C15	C16	C17	C18	C19	C20	C21	C22	C23	C24	C25	C26	C27	C28	C29	C30	C31	C32	C33	C34	C35	C36	C37	C38	C39	C40	C41	C42	C43	C44	C45	C46	C47	C48	C49	C50	C51	C52	C53	C54	C55	C56	C57	C58	C59	C60	C61	C62	C63	C64	C65	C66	C67	C68	C69	C70	C71	C72	C73	C74	C75	C76	C77	C78	C79	C80	C81	C82	C83	C84	C85	C86
MARKER	CHR	MALE_POS	FEMALE_POS	0	0	P1	P1	P1	P1	P1	P1	P1	P1	P1	P1	P1	P1	P1	P1	P1	P1	P1	P1	P1	P1	P1	P1	P1	P1	P1	P1	P1	P1	P1	P1	P1	P1	P1	P1	P1	P1	P1	P1	P1	P1	P1	P1	P1	P1	P1	P1	P1	P1	P1	P1	P1	P1	P1	P1	P1	P1	P1	P1	P1	P1	P1	P1	P1	P1	P1	P1	P1	P1	P1	P1	P1	P1	P1	P1	P1	P1	P1	P1	P1	P1	P1	P1	P1	P1	P1	P1
MARKER	CHR	MALE_POS	FEMALE_POS	0	0	P2	P2	P2	P2	P2	P2	P2	P2	P2	P2	P2	P2	P2	P2	P2	P2	P2	P2	P2	P2	P2	P2	P2	P2	P2	P2	P2	P2	P2	P2	P2	P2	P2	P2	P2	P2	P2	P2	P2	P2	P2	P2	P2	P2	P2	P2	P2	P2	P2	P2	P2	P2	P2	P2	P2	P2	P2	P2	P2	P2	P2	P2	P2	P2	P2	P2	P2	P2	P2	P2	P2	P2	P2	P2	P2	P2	P2	P2	P2	P2	P2	P2	P2	P2	P2	P2
MARKER	CHR	MALE_POS	FEMALE_POS	1	2	0	0	0	0	0	0	0	0	0	0	0	0	0	0	0	0	0	0	0	0	0	0	0	0	0	0	0	0	0	0	0	0	0	0	0	0	0	0	0	0	0	0	0	0	0	0	0	0	0	0	0	0	0	0	0	0	0	0	0	0	0	0	0	0	0	0	0	0	0	0	0	0	0	0	0	0	0	0	0	0	0	0	0	0	0	0
MARKER	CHR	MALE_POS	FEMALE_POS	0	0	0	0	0	0	0	0	0	0	0	0	0	0	0	0	0	0	0	0	0	0	0	0	0	0	0	0	0	0	0	0	0	0	0	0	0	0	0	0	0	0	0	0	0	0	0	0	0	0	0	0	0	0	0	0	0	0	0	0	0	0	0	0	0	0	0	0	0	0	0	0	0	0	0	0	0	0	0	0	0	0	0	0	0	0	0	0
80	0	0.000	0.000	12	12	11	11	22	21	22	11	12	12	12	22	11	11	21	11	21	22	22	22	22	12	22	22	12	11	12	22	12	11	11	11	12	12	11	21	22	21	12	11	12	22	21	22	12	22	11	12	21	11	22	12	11	12	11	12	11	22	12	11	12	21	11	12	22	11	11	22	22	11	11	12	12	11	21	11	22	12	11	22	22	22	12	11	11	22	22	11
79	0	0.000	1.177	12	12	11	11	22	21	22	11	12	12	12	22	11	11	21	11	21	22	22	22	22	12	22	22	12	11	12	22	12	11	11	11	11	12	11	21	22	21	12	11	12	22	21	22	12	22	11	12	21	11	22	12	11	12	11	12	11	22	12	11	12	21	11	12	22	11	11	22	22	11	11	12	12	11	21	11	22	12	11	22	22	22	12	11	11	22	22	11
76	0	0.000	3.558	12	12	11	11	22	21	22	11	12	12	12	22	11	11	21	11	21	22	22	22	22	12	21	21	12	11	12	22	12	11	11	11	11	12	11	21	22	21	12	11	12	22	21	22	12	22	11	12	21	11	22	12	11	12	11	12	11	22	12	11	12	21	11	12	22	11	11	22	22	11	11	12	12	11	21	11	22	12	11	22	22	22	12	11	11	22	22	11
77	0	0.000	3.558	12	12	11	11	22	21	22	11	12	12	12	22	11	11	21	11	21	22	22	22	22	12	21	21	12	11	12	22	12	11	11	11	11	12	11	21	22	21	12	11	12	22	21	22	12	22	11	12	21	11	22	12	11	12	11	12	11	22	12	11	12	21	11	12	22	11	11	22	22	11	11	12	12	11	21	11	22	12	11	22	22	22	12	11	11	22	22	11
78	0	1.177	3.558	12	12	11	11	22	21	22	21	12	12	12	22	11	11	21	11	21	22	22	22	22	12	21	21	12	11	12	22	12	11	11	11	11	12	11	21	22	21	12	11	12	22	21	22	12	22	11	12	21	11	22	12	11	12	11	12	11	22	12	11	12	21	11	12	22	11	11	22	22	11	11	12	12	11	21	11	22	12	11	22	22	22	12	11	11	22	22	11
74	0	1.177	3.558	12	12	11	11	22	21	22	21	12	12	12	22	11	11	21	11	21	22	22	22	22	12	21	21	12	11	12	22	12	11	11	11	11	12	11	21	22	21	12	11	12	22	21	22	12	22	11	12	21	11	22	12	11	12	11	12	11	22	12	11	12	21	11	12	22	11	11	22	22	11	11	12	12	11	21	11	22	12	11	22	22	22	12	11	11	22	22	11
75	0	1.177	3.558	12	12	11	11	22	21	22	21	12	12	12	22	11	11	21	11	21	22	22	22	22	12	21	21	12	11	12	22	12	11	11	11	11	12	11	21	22	21	12	11	12	22	21	22	12	22	11	12	21	11	22	12	11	12	11	12	11	22	12	11	12	21	11	12	22	11	11	22	22	11	11	12	12	11	21	11	22	12	11	22	22	22	12	11	11	22	22	11
73	0	10.061	30.674	12	12	11	11	22	21	22	21	12	12	11	21	11	11	21	11	21	21	22	22	22	12	21	21	22	11	12	21	12	11	11	11	21	12	11	21	21	22	12	12	12	22	21	22	11	22	11	22	21	22	22	12	11	12	12	12	11	22	12	11	11	21	11	11	22	12	11	22	22	11	11	12	12	12	11	22	22	12	11	22	22	22	12	12	11	11	22	12
72	0	10.061	30.674	12	12	11	11	22	21	22	21	12	12	11	21	11	11	21	11	21	21	22	22	22	12	21	21	22	11	12	21	12	11	11	11	21	12	11	21	21	22	12	12	12	22	21	22	11	22	11	22	21	22	22	12	11	12	12	12	11	22	12	11	11	21	11	11	22	12	11	22	22	11	11	12	12	12	11	22	22	12	11	22	22	22	12	12	11	11	22	12
70	0	11.237	38.188	12	12	12	12	22	21	22	21	12	12	11	21	11	12	21	11	21	21	22	22	22	12	21	21	22	11	12	21	12	11	11	11	21	12	11	21	21	22	12	12	12	22	21	22	11	22	11	22	21	22	22	12	11	12	12	12	11	21	12	11	11	21	11	11	22	22	12	22	22	11	11	12	12	12	12	22	22	12	11	22	22	22	12	12	11	11	22	12
71	0	11.237	38.188	12	12	12	12	22	21	22	21	12	12	11	21	11	12	21	11	21	21	22	22	22	12	21	21	22	11	12	21	12	11	11	11	21	12	11	21	21	22	12	12	12	22	21	22	11	22	11	22	21	22	22	12	11	12	12	12	11	21	12	11	11	21	11	11	22	22	12	22	22	11	11	12	12	12	12	22	22	12	11	22	22	22	12	12	11	11	22	12
68	0	11.237	38.188	12	12	12	12	22	21	22	21	12	12	11	21	11	12	21	11	21	21	22	22	22	12	21	21	22	11	12	21	12	11	11	11	21	12	11	21	21	22	12	12	12	22	21	22	11	22	11	22	21	22	22	12	11	12	12	12	11	21	12	11	11	21	11	11	22	22	12	22	22	11	11	12	12	12	12	22	22	12	11	22	22	22	12	12	11	11	22	12
69	0	11.237	38.188	12	12	12	12	22	21	22	21	12	12	11	21	11	12	21	11	21	21	22	22	22	12	21	21	22	11	12	21	12	11	11	11	21	12	11	21	21	22	12	12	12	22	21	22	11	22	11	22	21	22	22	12	11	12	12	12	11	21	12	11	11	21	11	11	22	22	12	22	22	11	11	12	12	12	12	22	22	12	11	22	22	22	12	12	11	11	22	12
67	0	11.237	38.188	12	12	12	12	22	21	22	21	12	12	11	21	11	12	21	11	21	21	22	22	22	12	21	21	22	11	12	21	12	11	11	11	21	12	11	21	21	22	12	12	12	22	21	22	11	22	11	22	21	22	22	12	11	12	12	12	11	21	12	11	11	21	11	11	22	22	12	22	22	11	11	12	12	12	12	22	22	12	11	22	22	22	12	12	11	11	22	12
63	0	11.237	39.365	12	12	12	12	22	21	22	21	12	12	11	21	11	12	21	11	21	21	22	22	22	12	21	21	22	11	12	21	12	11	11	11	21	12	11	21	21	22	12	12	12	22	21	22	11	22	11	22	21	22	22	12	11	12	12	12	11	21	12	11	11	21	11	11	22	22	12	22	22	11	12	12	12	12	12	22	22	12	11	22	22	22	12	12	11	11	22	12
66	0	11.237	39.365	12	12	12	12	22	21	22	21	12	12	11	21	11	12	21	11	21	21	22	22	22	12	21	21	22	11	12	21	12	11	11	11	21	12	11	21	21	22	12	12	12	22	21	22	11	22	11	22	21	22	22	12	11	12	12	12	11	21	12	11	11	21	11	11	22	22	12	22	22	11	12	12	12	12	12	22	22	12	11	22	22	22	12	12	11	11	22	12
64	0	11.237	39.365	12	12	12	12	22	21	22	21	12	12	11	21	11	12	21	11	21	21	22	22	22	12	21	21	22	11	12	21	12	11	11	11	21	12	11	21	21	22	12	12	12	22	21	22	11	22	11	22	21	22	22	12	11	12	12	12	11	21	12	11	11	21	11	11	22	22	12	22	22	11	12	12	12	12	12	22	22	12	11	22	22	22	12	12	11	11	22	12
65	0	11.237	39.365	12	12	12	12	22	21	22	21	12	12	11	21	11	12	21	11	21	21	22	22	22	12	21	21	22	11	12	21	12	11	11	11	21	12	11	21	21	22	12	12	12	22	21	22	11	22	11	22	21	22	22	12	11	12	12	12	11	21	12	11	11	21	11	11	22	22	12	22	22	11	12	12	12	12	12	22	22	12	11	22	22	22	12	12	11	11	22	12
62	0	11.237	39.365	12	12	12	12	22	21	22	21	12	12	11	21	11	12	21	11	21	21	22	22	22	12	21	21	22	11	12	21	12	11	11	11	21	12	11	21	21	22	12	12	12	22	21	22	11	22	11	22	21	22	22	12	11	12	12	12	11	21	12	11	11	21	11	11	22	22	12	22	22	11	12	12	12	12	12	22	22	12	11	22	22	22	12	12	11	11	22	12
58	0	11.237	41.746	12	12	12	12	21	21	22	21	12	12	11	21	12	12	21	11	21	21	22	22	22	12	21	21	22	11	12	21	12	11	11	11	21	12	11	21	21	22	12	12	12	22	21	22	11	22	11	22	21	22	22	12	11	12	12	12	11	21	12	11	11	21	11	11	22	22	12	22	22	11	12	12	12	12	12	22	22	12	11	22	22	22	12	12	11	11	22	12
59	0	11.237	41.746	12	12	12	12	21	21	22	21	12	12	11	21	12	12	21	11	21	21	22	22	22	12	21	21	22	11	12	21	12	11	11	11	21	12	11	21	21	22	12	12	12	22	21	22	11	22	11	22	21	22	22	12	11	12	12	12	11	21	12	11	11	21	11	11	22	22	12	22	22	11	12	12	12	12	12	22	22	12	11	22	22	22	12	12	11	11	22	12
60	0	11.237	41.746	12	12	12	12	21	21	22	21	12	12	11	21	12	12	21	11	21	21	22	22	22	12	21	21	22	11	12	21	12	11	11	11	21	12	11	21	21	22	12	12	12	22	21	22	11	22	11	22	21	22	22	12	11	12	12	12	11	21	12	11	11	21	11	11	22	22	12	22	22	11	12	12	12	12	12	22	22	12	11	22	22	22	12	12	11	11	22	12
61	0	11.237	41.746	12	12	12	12	21	21	22	21	12	12	11	21	12	12	21	11	21	21	22	22	22	12	21	21	22	11	12	21	12	11	11	11	21	12	11	21	21	22	12	12	12	22	21	22	11	22	11	22	21	22	22	12	11	12	12	12	11	21	12	11	11	21	11	11	22	22	12	22	22	11	12	12	12	12	12	22	22	12	11	22	22	22	12	12	11	11	22	12
57	0	11.237	42.923	12	12	12	12	22	21	22	21	12	12	11	21	12	12	21	11	21	21	22	22	22	12	21	21	22	11	12	21	12	11	11	11	21	12	11	21	21	22	12	12	12	22	21	22	11	22	11	22	21	22	22	12	11	12	12	12	11	21	12	11	11	21	11	11	22	22	12	22	22	11	12	12	12	12	12	22	22	12	11	22	22	22	12	12	11	11	22	12
54	0	11.237	42.923	12	12	12	12	22	21	22	21	12	12	11	21	12	12	21	11	21	21	22	22	22	12	21	21	22	11	12	21	12	11	11	11	21	12	11	21	21	22	12	12	12	22	21	22	11	22	11	22	21	22	22	12	11	12	12	12	11	21	12	11	11	21	11	11	22	22	12	22	22	11	12	12	12	12	12	22	22	12	11	22	22	22	12	12	11	11	22	12
56	0	11.237	42.923	12	12	12	12	22	21	22	21	12	12	11	21	12	12	21	11	21	21	22	22	22	12	21	21	22	11	12	21	12	11	11	11	21	12	11	21	21	22	12	12	12	22	21	22	11	22	11	22	21	22	22	12	11	12	12	12	11	21	12	11	11	21	11	11	22	22	12	22	22	11	12	12	12	12	12	22	22	12	11	22	22	22	12	12	11	11	22	12
55	0	11.237	42.923	12	12	12	12	22	21	22	21	12	12	11	21	12	12	21	11	21	21	22	22	22	12	21	21	22	11	12	21	12	11	11	11	21	12	11	21	21	22	12	12	12	22	21	22	11	22	11	22	21	22	22	12	11	12	12	12	11	21	12	11	11	21	11	11	22	22	12	22	22	11	12	12	12	12	12	22	22	12	11	22	22	22	12	12	11	11	22	12
50	0	11.237	45.304	12	12	12	12	22	21	22	21	12	12	11	21	12	12	21	11	21	21	22	22	22	12	21	21	22	11	12	21	12	11	11	11	21	12	11	21	21	22	12	12	12	22	21	22	11	22	11	22	21	22	22	12	11	12	12	12	12	21	12	11	11	21	11	11	21	22	12	22	22	11	12	12	12	12	12	22	22	12	11	22	22	22	12	12	11	11	22	12
53	0	11.237	45.304	12	12	12	12	22	21	22	21	12	12	11	21	12	12	21	11	21	21	22	22	22	12	21	21	22	11	12	21	12	11	11	11	21	12	11	21	21	22	12	12	12	22	21	22	11	22	11	22	21	22	22	12	11	12	12	12	12	21	12	11	11	21	11	11	21	22	12	22	22	11	12	12	12	12	12	22	22	12	11	22	22	22	12	12	11	11	22	12
51	0	11.237	45.304	12	12	12	12	22	21	22	21	12	12	11	21	12	12	21	11	21	21	22	22	22	12	21	21	22	11	12	21	12	11	11	11	21	12	11	21	21	22	12	12	12	22	21	22	11	22	11	22	21	22	22	12	11	12	12	12	12	21	12	11	11	21	11	11	21	22	12	22	22	11	12	12	12	12	12	22	22	12	11	22	22	22	12	12	11	11	22	12
52	0	11.237	45.304	12	12	12	12	22	21	22	21	12	12	11	21	12	12	21	11	21	21	22	22	22	12	21	21	22	11	12	21	12	11	11	11	21	12	11	21	21	22	12	12	12	22	21	22	11	22	11	22	21	22	22	12	11	12	12	12	12	21	12	11	11	21	11	11	21	22	12	22	22	11	12	12	12	12	12	22	22	12	11	22	22	22	12	12	11	11	22	12
49	0	11.237	47.686	12	12	12	12	22	21	22	21	12	12	11	21	12	12	21	11	21	21	22	22	22	12	21	21	22	11	12	21	12	12	12	11	21	12	11	21	21	22	12	12	12	22	21	22	11	22	11	22	21	22	22	12	11	12	12	12	12	21	12	11	11	21	11	11	21	22	12	22	22	11	12	12	12	12	12	22	22	12	11	22	22	22	12	12	11	11	22	12
46	0	12.414	48.862	12	12	12	12	22	21	22	21	12	12	11	21	12	12	21	11	21	21	22	22	22	12	21	21	22	11	12	21	12	12	12	11	21	12	11	21	21	22	12	12	12	22	21	22	11	22	11	22	11	22	22	12	11	12	12	12	12	21	12	11	11	21	11	11	21	22	12	22	22	11	12	12	12	12	12	22	22	12	11	21	22	22	12	12	11	11	22	12
48	0	12.414	48.862	12	12	12	12	22	21	22	21	12	12	11	21	12	12	21	11	21	21	22	22	22	12	21	21	22	11	12	21	12	12	12	11	21	12	11	21	21	22	12	12	12	22	21	22	11	22	11	22	11	22	22	12	11	12	12	12	12	21	12	11	11	21	11	11	21	22	12	22	22	11	12	12	12	12	12	22	22	12	11	21	22	22	12	12	11	11	22	12
47	0	12.414	48.862	12	12	12	12	22	21	22	21	12	12	11	21	12	12	21	11	21	21	22	22	22	12	21	21	22	11	12	21	12	12	12	11	21	12	11	21	21	22	12	12	12	22	21	22	11	22	11	22	11	22	22	12	11	12	12	12	12	21	12	11	11	21	11	11	21	22	12	22	22	11	12	12	12	12	12	22	22	12	11	21	22	22	12	12	11	11	22	12
45	0	12.414	51.243	12	12	12	12	22	21	22	21	12	12	11	21	12	12	21	11	21	21	22	22	22	12	21	21	22	11	12	21	12	12	12	11	21	12	11	21	21	22	12	12	12	22	21	22	11	22	11	22	12	22	22	12	11	12	12	12	12	21	12	11	11	21	11	11	21	22	12	22	22	11	12	12	12	12	12	22	22	12	11	22	22	22	12	12	11	11	22	12
43	0	12.414	54.859	12	12	12	12	22	21	22	21	12	12	11	21	12	12	21	11	21	21	22	22	22	12	21	21	22	11	12	21	12	12	12	11	21	12	11	21	21	22	12	12	12	22	21	22	11	22	11	22	12	22	22	12	11	12	12	12	12	21	12	11	11	21	11	11	21	22	12	22	22	12	12	11	12	12	12	22	21	12	11	22	22	22	12	12	11	11	22	12
44	0	12.414	54.859	12	12	12	12	22	21	22	21	12	12	11	21	12	12	21	11	21	21	22	22	22	12	21	21	22	11	12	21	12	12	12	11	21	12	11	21	21	22	12	12	12	22	21	22	11	22	11	22	12	22	22	12	11	12	12	12	12	21	12	11	11	21	11	11	21	22	12	22	22	12	12	11	12	12	12	22	21	12	11	22	22	22	12	12	11	11	22	12
42	0	12.414	56.036	12	12	12	12	22	21	22	21	12	12	11	21	12	12	21	11	21	21	22	22	22	12	21	21	22	11	12	21	12	12	12	11	21	12	11	21	21	22	12	12	12	22	21	22	11	22	11	22	12	22	22	12	11	12	12	12	12	21	12	11	11	22	11	11	21	22	12	22	22	12	12	11	12	12	12	22	21	12	11	22	22	22	12	12	11	11	22	12
41	0	12.414	56.036	12	12	12	12	22	21	22	21	12	12	11	21	12	12	21	11	21	21	22	22	22	12	21	21	22	11	12	21	12	12	12	11	21	12	11	21	21	22	12	12	12	22	21	22	11	22	11	22	12	22	22	12	11	12	12	12	12	21	12	11	11	22	11	11	21	22	12	22	22	12	12	11	12	12	12	22	21	12	11	22	22	22	12	12	11	11	22	12
40	0	14.795	60.918	12	12	12	12	12	22	22	21	12	12	11	21	12	22	21	11	21	21	22	22	22	12	21	21	22	11	12	21	12	12	12	12	21	11	11	21	21	22	12	12	12	22	21	22	11	22	11	22	12	22	22	12	11	12	12	12	12	21	12	11	11	22	11	11	21	22	12	22	21	12	12	11	12	12	12	22	21	12	11	22	22	22	12	12	11	11	22	12
38	0	14.795	60.918	12	12	12	12	12	22	22	21	12	12	11	21	12	22	21	11	21	21	22	22	22	12	21	21	22	11	12	21	12	12	12	12	21	11	11	21	21	22	12	12	12	22	21	22	11	22	11	22	12	22	22	12	11	12	12	12	12	21	12	11	11	22	11	11	21	22	12	22	21	12	12	11	12	12	12	22	21	12	11	22	22	22	12	12	11	11	22	12
36	0	14.795	60.918	12	12	12	12	12	22	22	21	12	12	11	21	12	22	21	11	21	21	22	22	22	12	21	21	22	11	12	21	12	12	12	12	21	11	11	21	21	22	12	12	12	22	21	22	11	22	11	22	12	22	22	12	11	12	12	12	12	21	12	11	11	22	11	11	21	22	12	22	21	12	12	11	12	12	12	22	21	12	11	22	22	22	12	12	11	11	22	12
37	0	14.795	60.918	12	12	12	12	12	22	22	21	12	12	11	21	12	22	21	11	21	21	22	22	22	12	21	21	22	11	12	21	12	12	12	12	21	11	11	21	21	22	12	12	12	22	21	22	11	22	11	22	12	22	22	12	11	12	12	12	12	21	12	11	11	22	11	11	21	22	12	22	21	12	12	11	12	12	12	22	21	12	11	22	22	22	12	12	11	11	22	12
39	0	14.795	60.918	12	12	12	12	12	22	22	21	12	12	11	21	12	22	21	11	21	21	22	22	22	12	21	21	22	11	12	21	12	12	12	12	21	11	11	21	21	22	12	12	12	22	21	22	11	22	11	22	12	22	22	12	11	12	12	12	12	21	12	11	11	22	11	11	21	22	12	22	21	12	12	11	12	12	12	22	21	12	11	22	22	22	12	12	11	11	22	12
35	0	14.795	62.094	12	12	12	12	12	22	22	21	12	12	11	21	12	22	21	11	21	21	22	22	22	12	21	21	22	11	12	21	12	12	12	12	21	11	11	21	21	22	12	11	12	22	21	22	11	22	11	22	12	22	22	12	11	12	12	12	12	21	12	11	11	22	11	11	21	22	12	22	21	12	12	11	12	12	12	22	21	12	11	22	22	22	12	12	11	11	22	12
34	0	15.972	64.476	12	12	12	12	12	22	22	21	12	12	11	21	12	22	21	11	21	21	22	22	22	12	21	21	22	11	12	21	12	12	12	12	21	11	11	21	21	22	12	11	12	22	21	22	11	22	11	21	12	22	22	12	11	12	12	12	12	21	12	11	11	22	12	11	21	22	12	22	21	12	22	11	12	12	12	22	21	12	11	22	22	22	12	12	11	11	22	12
33	0	15.972	64.476	12	12	12	12	12	22	22	21	12	12	11	21	12	22	21	11	21	21	22	22	22	12	21	21	22	11	12	21	12	12	12	12	21	11	11	21	21	22	12	11	12	22	21	22	11	22	11	21	12	22	22	12	11	12	12	12	12	21	12	11	11	22	12	11	21	22	12	22	21	12	22	11	12	12	12	22	21	12	11	22	22	22	12	12	11	11	22	12
32	0	18.353	66.857	12	12	12	12	12	22	22	21	12	12	11	21	12	22	21	11	21	21	22	22	22	12	21	21	22	11	12	21	12	12	12	12	21	11	11	21	21	22	12	11	12	22	21	22	11	22	11	11	12	22	22	12	11	12	12	12	22	21	11	11	11	22	12	11	21	22	12	22	21	12	22	11	12	12	12	22	21	12	11	22	22	22	12	12	11	11	21	12
26	0	18.353	69.239	12	12	12	12	12	22	22	21	12	12	11	21	12	22	22	11	21	21	22	22	22	12	21	21	22	11	12	21	12	12	12	12	21	11	11	21	21	22	12	11	12	22	21	22	11	22	11	11	12	22	21	12	11	12	12	12	22	21	11	11	11	22	12	11	21	22	12	22	21	12	22	11	12	12	12	22	21	12	11	22	22	22	12	12	11	11	21	12
29	0	18.353	69.239	12	12	12	12	12	22	22	21	12	12	11	21	12	22	22	11	21	21	22	22	22	12	21	21	22	11	12	21	12	12	12	12	21	11	11	21	21	22	12	11	12	22	21	22	11	22	11	11	12	22	21	12	11	12	12	12	22	21	11	11	11	22	12	11	21	22	12	22	21	12	22	11	12	12	12	22	21	12	11	22	22	22	12	12	11	11	21	12
28	0	18.353	69.239	12	12	12	12	12	22	22	21	12	12	11	21	12	22	22	11	21	21	22	22	22	12	21	21	22	11	12	21	12	12	12	12	21	11	11	21	21	22	12	11	12	22	21	22	11	22	11	11	12	22	21	12	11	12	12	12	22	21	11	11	11	22	12	11	21	22	12	22	21	12	22	11	12	12	12	22	21	12	11	22	22	22	12	12	11	11	21	12
31	0	18.353	69.239	12	12	12	12	12	22	22	21	12	12	11	21	12	22	22	11	21	21	22	22	22	12	21	21	22	11	12	21	12	12	12	12	21	11	11	21	21	22	12	11	12	22	21	22	11	22	11	11	12	22	21	12	11	12	12	12	22	21	11	11	11	22	12	11	21	22	12	22	21	12	22	11	12	12	12	22	21	12	11	22	22	22	12	12	11	11	21	12
27	0	18.353	69.239	12	12	12	12	12	22	22	21	12	12	11	21	12	22	22	11	21	21	22	22	22	12	21	21	22	11	12	21	12	12	12	12	21	11	11	21	21	22	12	11	12	22	21	22	11	22	11	11	12	22	21	12	11	12	12	12	22	21	11	11	11	22	12	11	21	22	12	22	21	12	22	11	12	12	12	22	21	12	11	22	22	22	12	12	11	11	21	12
30	0	18.353	70.415	12	12	12	12	12	22	22	22	12	12	11	21	12	22	22	11	21	21	22	22	22	12	21	21	22	11	12	21	12	12	12	12	21	11	11	21	21	22	12	11	12	22	21	22	11	22	11	11	12	22	21	12	11	12	12	12	22	21	11	11	11	22	12	11	21	22	12	22	21	12	22	11	12	12	12	22	21	12	11	22	22	22	12	12	11	11	21	12
24	0	20.734	71.592	12	12	12	12	12	22	22	22	12	12	11	21	12	22	22	11	21	21	22	22	22	12	21	21	21	11	12	21	12	12	12	12	21	11	11	11	21	22	12	11	12	22	11	22	11	22	11	11	12	22	21	12	11	12	12	12	22	21	11	11	11	22	12	11	21	22	12	22	21	12	22	11	12	12	12	22	21	12	11	22	22	22	12	12	11	11	21	12
25	0	20.734	71.592	12	12	12	12	12	22	22	22	12	12	11	21	12	22	22	11	21	21	22	22	22	12	21	21	21	11	12	21	12	12	12	12	21	11	11	11	21	22	12	11	12	22	11	22	11	22	11	11	12	22	21	12	11	12	12	12	22	21	11	11	11	22	12	11	21	22	12	22	21	12	22	11	12	12	12	22	21	12	11	22	22	22	12	12	11	11	21	12
21	0	21.911	75.208	12	12	12	12	12	22	22	22	12	12	11	21	12	22	22	11	21	21	22	22	22	12	21	21	21	11	12	21	12	12	12	12	11	11	11	12	21	22	12	11	12	22	12	22	11	22	11	11	12	22	21	12	11	12	12	12	22	21	11	11	11	22	12	11	21	22	12	22	21	12	22	11	12	12	12	22	21	12	12	22	22	22	12	12	11	11	21	12
23	0	21.911	76.384	12	12	12	12	12	22	22	22	12	12	11	21	12	22	22	11	21	21	22	22	22	12	21	21	21	11	11	21	12	12	12	12	11	11	11	12	21	22	12	11	12	22	12	22	11	22	11	11	12	22	21	12	11	12	12	12	22	21	11	11	11	22	12	11	21	22	12	22	21	12	22	11	12	12	12	22	21	12	12	22	22	22	12	12	11	11	21	12
22	0	21.911	76.384	12	12	12	12	12	22	22	22	12	12	11	21	12	22	22	11	21	21	22	22	22	12	21	21	21	11	11	21	12	12	12	12	11	11	11	12	21	22	12	11	12	22	12	22	11	22	11	11	12	22	21	12	11	12	12	12	22	21	11	11	11	22	12	11	21	22	12	22	21	12	22	11	12	12	12	22	21	12	12	22	22	22	12	12	11	11	21	12
18	0	23.087	77.561	12	12	12	12	12	22	22	22	12	12	11	21	12	22	22	11	21	21	22	22	22	12	21	21	21	11	11	21	12	12	12	12	11	11	11	12	21	22	12	11	12	22	12	22	11	22	11	11	12	22	21	12	11	12	12	12	22	21	11	11	11	22	12	11	21	22	12	22	21	12	22	11	11	12	12	22	11	12	12	22	22	22	12	12	11	11	21	12
19	0	23.087	77.561	12	12	12	12	12	22	22	22	12	12	11	21	12	22	22	11	21	21	22	22	22	12	21	21	21	11	11	21	12	12	12	12	11	11	11	12	21	22	12	11	12	22	12	22	11	22	11	11	12	22	21	12	11	12	12	12	22	21	11	11	11	22	12	11	21	22	12	22	21	12	22	11	11	12	12	22	11	12	12	22	22	22	12	12	11	11	21	12
17	0	23.087	77.561	12	12	12	12	12	22	22	22	12	12	11	21	12	22	22	11	21	21	22	22	22	12	21	21	21	11	11	21	12	12	12	12	11	11	11	12	21	22	12	11	12	22	12	22	11	22	11	11	12	22	21	12	11	12	12	12	22	21	11	11	11	22	12	11	21	22	12	22	21	12	22	11	11	12	12	22	11	12	12	22	22	22	12	12	11	11	21	12
20	0	23.087	77.561	12	12	12	12	12	22	22	22	12	12	11	21	12	22	22	11	21	21	22	22	22	12	21	21	21	11	11	21	12	12	12	12	11	11	11	12	21	22	12	11	12	22	12	22	11	22	11	11	12	22	21	12	11	12	12	12	22	21	11	11	11	22	12	11	21	22	12	22	21	12	22	11	11	12	12	22	11	12	12	22	22	22	12	12	11	11	21	12
16	0	25.469	83.741	12	12	12	12	12	22	21	22	12	12	11	21	12	22	22	12	22	21	22	22	22	12	21	21	21	11	11	21	11	22	12	12	11	11	11	12	21	22	12	11	12	22	12	22	11	22	11	11	12	22	21	12	11	12	12	12	22	21	11	11	11	22	12	11	21	22	12	22	11	12	22	11	11	11	12	22	11	12	12	22	22	22	12	12	11	11	21	12
15	0	25.469	83.741	12	12	12	12	12	22	21	22	12	12	11	21	12	22	22	12	22	21	22	22	22	12	21	21	21	11	11	21	11	22	12	12	11	11	11	12	21	22	12	11	12	22	12	22	11	22	11	11	12	22	21	12	11	12	12	12	22	21	11	11	11	22	12	11	21	22	12	22	11	12	22	11	11	11	12	22	11	12	12	22	22	22	12	12	11	11	21	12
7	0	27.850	84.918	12	12	12	12	12	22	21	22	12	12	11	21	12	22	22	12	22	21	22	22	22	12	11	11	21	11	11	21	11	22	12	12	11	11	11	12	21	22	12	11	12	22	12	22	11	22	11	11	12	22	21	12	11	12	12	12	22	21	11	12	11	22	12	11	21	22	12	22	11	12	22	11	11	11	12	22	11	12	12	22	22	22	12	12	11	11	21	12
6	0	27.850	84.918	12	12	12	12	12	22	21	22	12	12	11	21	12	22	22	12	22	21	22	22	22	12	11	11	21	11	11	21	11	22	12	12	11	11	11	12	21	22	12	11	12	22	12	22	11	22	11	11	12	22	21	12	11	12	12	12	22	21	11	12	11	22	12	11	21	22	12	22	11	12	22	11	11	11	12	22	11	12	12	22	22	22	12	12	11	11	21	12
12	0	27.850	84.918	12	12	12	12	12	22	21	22	12	12	11	21	12	22	22	12	22	21	22	22	22	12	11	11	21	11	11	21	11	22	12	12	11	11	11	12	21	22	12	11	12	22	12	22	11	22	11	11	12	22	21	12	11	12	12	12	22	21	11	12	11	22	12	11	21	22	12	22	11	12	22	11	11	11	12	22	11	12	12	22	22	22	12	12	11	11	21	12
10	0	27.850	84.918	12	12	12	12	12	22	21	22	12	12	11	21	12	22	22	12	22	21	22	22	22	12	11	11	21	11	11	21	11	22	12	12	11	11	11	12	21	22	12	11	12	22	12	22	11	22	11	11	12	22	21	12	11	12	12	12	22	21	11	12	11	22	12	11	21	22	12	22	11	12	22	11	11	11	12	22	11	12	12	22	22	22	12	12	11	11	21	12
11	0	27.850	84.918	12	12	12	12	12	22	21	22	12	12	11	21	12	22	22	12	22	21	22	22	22	12	11	11	21	11	11	21	11	22	12	12	11	11	11	12	21	22	12	11	12	22	12	22	11	22	11	11	12	22	21	12	11	12	12	12	22	21	11	12	11	22	12	11	21	22	12	22	11	12	22	11	11	11	12	22	11	12	12	22	22	22	12	12	11	11	21	12
9	0	27.850	84.918	12	12	12	12	12	22	21	22	12	12	11	21	12	22	22	12	22	21	22	22	22	12	11	11	21	11	11	21	11	22	12	12	11	11	11	12	21	22	12	11	12	22	12	22	11	22	11	11	12	22	21	12	11	12	12	12	22	21	11	12	11	22	12	11	21	22	12	22	11	12	22	11	11	11	12	22	11	12	12	22	22	22	12	12	11	11	21	12
1	0	29.027	84.918	12	12	12	12	12	22	21	12	12	12	11	21	12	22	22	12	22	21	22	22	22	12	11	11	21	11	11	21	11	22	12	12	11	11	11	12	21	22	12	11	12	22	12	22	11	22	11	11	12	22	21	12	11	12	12	12	22	21	11	12	11	22	12	11	21	22	12	22	11	12	22	11	11	11	12	22	11	12	12	22	22	22	12	12	11	11	21	12
14	0	29.027	84.918	12	12	12	12	12	22	21	12	12	12	11	21	12	22	22	12	22	21	22	22	22	12	11	11	21	11	11	21	11	22	12	12	11	11	11	12	21	22	12	11	12	22	12	22	11	22	11	11	12	22	21	12	11	12	12	12	22	21	11	12	11	22	12	11	21	22	12	22	11	12	22	11	11	11	12	22	11	12	12	22	22	22	12	12	11	11	21	12
8	0	29.027	84.918	12	12	12	12	12	22	21	12	12	12	11	21	12	22	22	12	22	21	22	22	22	12	11	11	21	11	11	21	11	22	12	12	11	11	11	12	21	22	12	11	12	22	12	22	11	22	11	11	12	22	21	12	11	12	12	12	22	21	11	12	11	22	12	11	21	22	12	22	11	12	22	11	11	11	12	22	11	12	12	22	22	22	12	12	11	11	21	12
13	0	29.027	84.918	12	12	12	12	12	22	21	12	12	12	11	21	12	22	22	12	22	21	22	22	22	12	11	11	21	11	11	21	11	22	12	12	11	11	11	12	21	22	12	11	12	22	12	22	11	22	11	11	12	22	21	12	11	12	12	12	22	21	11	12	11	22	12	11	21	22	12	22	11	12	22	11	11	11	12	22	11	12	12	22	22	22	12	12	11	11	21	12
4	0	30.203	84.918	12	12	12	12	12	22	21	12	12	12	11	21	12	22	22	12	22	21	22	22	22	12	11	11	11	11	11	21	11	22	12	12	11	11	11	12	21	22	12	11	12	22	12	22	11	22	11	11	12	22	21	12	11	12	12	12	22	21	11	12	11	22	12	11	21	22	12	22	11	12	22	11	11	11	12	22	11	12	12	22	22	22	12	12	11	11	21	12
5	0	30.203	84.918	12	12	12	12	12	22	21	12	12	12	11	21	12	22	22	12	22	21	22	22	22	12	11	11	11	11	11	21	11	22	12	12	11	11	11	12	21	22	12	11	12	22	12	22	11	22	11	11	12	22	21	12	11	12	12	12	22	21	11	12	11	22	12	11	21	22	12	22	11	12	22	11	11	11	12	22	11	12	12	22	22	22	12	12	11	11	21	12
3	0	31.380	84.918	12	12	12	12	12	22	21	12	12	12	11	21	12	22	22	12	22	11	22	22	22	12	11	11	11	11	11	21	11	22	12	12	11	11	11	12	21	22	12	11	12	22	12	22	11	22	11	11	12	22	21	12	11	12	12	12	22	21	11	12	11	22	12	11	21	22	12	22	11	12	22	11	11	11	12	22	11	12	12	22	22	22	12	12	11	11	21	12
2	0	31.380	84.918	12	12	12	12	12	22	21	12	12	12	11	21	12	22	22	12	22	11	22	22	22	12	11	11	11	11	11	21	11	22	12	12	11	11	11	12	21	22	12	11	12	22	12	22	11	22	11	11	12	22	21	12	11	12	12	12	22	21	11	12	11	22	12	11	21	22	12	22	11	12	22	11	11	11	12	22	11	12	12	22	22	22	12	12	11	11	21	12
