MARKER	CHR	MALE_POS	FEMALE_POS	P1xP2	P1xP2	P1xP2	P1xP2	P1xP2	P1xP2	P1xP2	P1xP2	P1xP2	P1xP2	P1xP2	P1xP2	P1xP2	P1xP2	P1xP2	P1xP2	P1xP2	P1xP2	P1xP2	P1xP2	P1xP2	P1xP2	P1xP2	P1xP2	P1xP2	P1xP2	P1xP2	P1xP2	P1xP2	P1xP2	P1xP2	P1xP2	P1xP2	P1xP2	P1xP2	P1xP2	P1xP2	P1xP2	P1xP2	P1xP2	P1xP2	P1xP2	P1xP2	P1xP2	P1xP2	P1xP2	P1xP2	P1xP2	P1xP2	P1xP2	P1xP2	P1xP2	P1xP2	P1xP2	P1xP2	P1xP2	P1xP2	P1xP2	P1xP2	P1xP2	P1xP2	P1xP2	P1xP2	P1xP2	P1xP2	P1xP2	P1xP2	P1xP2	P1xP2	P1xP2	P1xP2	P1xP2	P1xP2	P1xP2	P1xP2	P1xP2	P1xP2	P1xP2	P1xP2	P1xP2	P1xP2	P1xP2	P1xP2	P1xP2	P1xP2	P1xP2	P1xP2	P1xP2
MARKER	CHR	MALE_POS	FEMALE_POS	P1	P2	C1	C2	C3	C4	C5	C6	C7	C8	C9	C10	C11	C12	C13	C14	C15	C16	C17	C18	C19	C20	C21	C22	C23	C24	C25	C26	C27	C28	C29	C30	C31	C32	C33	C34	C35	C36	C37	C38	C39	C40	C41	C42	C43	C44	C45	C46	C47	C48	C49	C50	C51	C52	C53	C54	C55	C56	C57	C58	C59	C60	C61	C62	C63	C64	C65	C66	C67	C68	C69	C70	C71	C72	C73	C74	C75	C76	C77	C78	C79	C80	C81	C82	C83	C84	C85	C86
MARKER	CHR	MALE_POS	FEMALE_POS	0	0	P1	P1	P1	P1	P1	P1	P1	P1	P1	P1	P1	P1	P1	P1	P1	P1	P1	P1	P1	P1	P1	P1	P1	P1	P1	P1	P1	P1	P1	P1	P1	P1	P1	P1	P1	P1	P1	P1	P1	P1	P1	P1	P1	P1	P1	P1	P1	P1	P1	P1	P1	P1	P1	P1	P1	P1	P1	P1	P1	P1	P1	P1	P1	P1	P1	P1	P1	P1	P1	P1	P1	P1	P1	P1	P1	P1	P1	P1	P1	P1	P1	P1	P1	P1	P1	P1
MARKER	CHR	MALE_POS	FEMALE_POS	0	0	P2	P2	P2	P2	P2	P2	P2	P2	P2	P2	P2	P2	P2	P2	P2	P2	P2	P2	P2	P2	P2	P2	P2	P2	P2	P2	P2	P2	P2	P2	P2	P2	P2	P2	P2	P2	P2	P2	P2	P2	P2	P2	P2	P2	P2	P2	P2	P2	P2	P2	P2	P2	P2	P2	P2	P2	P2	P2	P2	P2	P2	P2	P2	P2	P2	P2	P2	P2	P2	P2	P2	P2	P2	P2	P2	P2	P2	P2	P2	P2	P2	P2	P2	P2	P2	P2
MARKER	CHR	MALE_POS	FEMALE_POS	1	2	0	0	0	0	0	0	0	0	0	0	0	0	0	0	0	0	0	0	0	0	0	0	0	0	0	0	0	0	0	0	0	0	0	0	0	0	0	0	0	0	0	0	0	0	0	0	0	0	0	0	0	0	0	0	0	0	0	0	0	0	0	0	0	0	0	0	0	0	0	0	0	0	0	0	0	0	0	0	0	0	0	0	0	0	0	0
MARKER	CHR	MALE_POS	FEMALE_POS	0	0	0	0	0	0	0	0	0	0	0	0	0	0	0	0	0	0	0	0	0	0	0	0	0	0	0	0	0	0	0	0	0	0	0	0	0	0	0	0	0	0	0	0	0	0	0	0	0	0	0	0	0	0	0	0	0	0	0	0	0	0	0	0	0	0	0	0	0	0	0	0	0	0	0	0	0	0	0	0	0	0	0	0	0	0	0	0
206	0	0.000	0.000	12	12	21	12	22	11	11	22	21	11	12	21	11	22	12	21	11	21	21	22	21	12	22	22	21	11	12	12	12	12	12	11	11	11	11	11	22	11	11	22	11	12	12	11	11	22	11	11	11	21	11	21	12	12	12	21	21	21	22	12	12	12	11	11	11	21	12	21	22	22	22	11	22	22	12	11	11	11	11	21	21	21	12	12	11	11	22	11
208	0	0.000	2.381	12	12	21	12	22	11	11	22	21	11	12	21	11	22	12	21	11	21	21	22	21	12	22	22	21	11	12	12	12	12	12	11	11	11	11	11	22	11	11	22	11	12	12	11	11	22	11	11	12	21	11	21	12	12	12	21	21	21	22	12	12	12	11	11	12	21	12	21	22	22	22	11	22	22	12	11	11	11	11	21	21	21	12	12	11	11	22	11
207	0	0.000	2.381	12	12	21	12	22	11	11	22	21	11	12	21	11	22	12	21	11	21	21	22	21	12	22	22	21	11	12	12	12	12	12	11	11	11	11	11	22	11	11	22	11	12	12	11	11	22	11	11	12	21	11	21	12	12	12	21	21	21	22	12	12	12	11	11	12	21	12	21	22	22	22	11	22	22	12	11	11	11	11	21	21	21	12	12	11	11	22	11
205	0	1.177	2.381	12	12	21	12	22	11	11	22	21	21	12	21	11	22	12	21	11	21	21	22	21	12	22	22	21	11	12	12	12	12	12	11	11	11	11	11	22	11	11	22	11	12	12	11	11	22	11	11	12	21	11	21	12	12	12	21	21	21	22	12	12	12	11	11	12	21	12	21	22	22	22	11	22	22	12	11	11	11	11	21	21	21	12	12	11	11	22	11
192	0	1.177	3.558	12	12	21	12	22	11	12	22	21	21	12	21	11	22	12	21	11	21	21	22	21	12	22	22	21	11	12	12	12	12	12	11	11	11	11	11	22	11	11	22	11	12	12	11	11	22	11	11	12	21	11	21	12	12	12	21	21	21	22	12	12	12	11	11	12	21	12	21	22	22	22	11	22	22	12	11	11	11	11	21	21	21	12	12	11	11	22	11
193	0	2.353	3.558	12	12	21	12	22	11	12	12	21	21	12	21	11	22	12	21	11	21	21	22	21	12	22	22	21	11	12	12	12	12	12	11	11	11	11	11	22	11	11	22	11	12	12	11	11	22	11	11	12	21	11	21	12	12	12	21	21	21	22	12	12	12	11	11	12	21	12	21	22	22	22	11	22	22	12	11	11	11	11	21	21	21	12	12	11	11	22	11
200	0	2.353	3.558	12	12	21	12	22	11	12	12	21	21	12	21	11	22	12	21	11	21	21	22	21	12	22	22	21	11	12	12	12	12	12	11	11	11	11	11	22	11	11	22	11	12	12	11	11	22	11	11	12	21	11	21	12	12	12	21	21	21	22	12	12	12	11	11	12	21	12	21	22	22	22	11	22	22	12	11	11	11	11	21	21	21	12	12	11	11	22	11
197	0	2.353	3.558	12	12	21	12	22	11	12	12	21	21	12	21	11	22	12	21	11	21	21	22	21	12	22	22	21	11	12	12	12	12	12	11	11	11	11	11	22	11	11	22	11	12	12	11	11	22	11	11	12	21	11	21	12	12	12	21	21	21	22	12	12	12	11	11	12	21	12	21	22	22	22	11	22	22	12	11	11	11	11	21	21	21	12	12	11	11	22	11
198	0	2.353	3.558	12	12	21	12	22	11	12	12	21	21	12	21	11	22	12	21	11	21	21	22	21	12	22	22	21	11	12	12	12	12	12	11	11	11	11	11	22	11	11	22	11	12	12	11	11	22	11	11	12	21	11	21	12	12	12	21	21	21	22	12	12	12	11	11	12	21	12	21	22	22	22	11	22	22	12	11	11	11	11	21	21	21	12	12	11	11	22	11
199	0	2.353	3.558	12	12	21	12	22	11	12	12	21	21	12	21	11	22	12	21	11	21	21	22	21	12	22	22	21	11	12	12	12	12	12	11	11	11	11	11	22	11	11	22	11	12	12	11	11	22	11	11	12	21	11	21	12	12	12	21	21	21	22	12	12	12	11	11	12	21	12	21	22	22	22	11	22	22	12	11	11	11	11	21	21	21	12	12	11	11	22	11
202	0	3.530	3.558	12	12	21	12	22	11	12	12	21	11	12	21	11	22	12	21	11	21	21	22	21	12	22	22	21	11	12	12	12	12	12	11	11	11	11	11	22	11	11	22	11	12	12	11	11	22	11	11	12	21	11	21	12	12	12	21	21	21	22	12	12	12	11	11	12	21	12	21	22	22	22	11	22	22	12	11	11	11	11	21	21	21	12	12	11	11	22	11
191	0	3.530	3.558	12	12	21	12	22	11	12	12	21	11	12	21	11	22	12	21	11	21	21	22	21	12	22	22	21	11	12	12	12	12	12	11	11	11	11	11	22	11	11	22	11	12	12	11	11	22	11	11	12	21	11	21	12	12	12	21	21	21	22	12	12	12	11	11	12	21	12	21	22	22	22	11	22	22	12	11	11	11	11	21	21	21	12	12	11	11	22	11
201	0	3.530	3.558	12	12	21	12	22	11	12	12	21	11	12	21	11	22	12	21	11	21	21	22	21	12	22	22	21	11	12	12	12	12	12	11	11	11	11	11	22	11	11	22	11	12	12	11	11	22	11	11	12	21	11	21	12	12	12	21	21	21	22	12	12	12	11	11	12	21	12	21	22	22	22	11	22	22	12	11	11	11	11	21	21	21	12	12	11	11	22	11
203	0	3.530	3.558	12	12	21	12	22	11	12	12	21	11	12	21	11	22	12	21	11	21	21	22	21	12	22	22	21	11	12	12	12	12	12	11	11	11	11	11	22	11	11	22	11	12	12	11	11	22	11	11	12	21	11	21	12	12	12	21	21	21	22	12	12	12	11	11	12	21	12	21	22	22	22	11	22	22	12	11	11	11	11	21	21	21	12	12	11	11	22	11
204	0	3.530	3.558	12	12	21	12	22	11	12	12	21	11	12	21	11	22	12	21	11	21	21	22	21	12	22	22	21	11	12	12	12	12	12	11	11	11	11	11	22	11	11	22	11	12	12	11	11	22	11	11	12	21	11	21	12	12	12	21	21	21	22	12	12	12	11	11	12	21	12	21	22	22	22	11	22	22	12	11	11	11	11	21	21	21	12	12	11	11	22	11
195	0	4.706	4.734	12	12	21	12	22	12	12	22	21	11	12	21	11	22	12	21	11	21	21	22	21	12	22	22	21	11	12	12	12	12	12	11	11	11	11	11	22	11	11	22	11	12	12	11	11	22	11	11	12	21	11	21	12	12	12	21	21	21	22	12	12	12	11	11	12	21	12	21	22	22	22	11	22	22	12	11	11	11	11	21	21	21	12	12	11	11	22	11
196	0	4.706	4.734	12	12	21	12	22	12	12	22	21	11	12	21	11	22	12	21	11	21	21	22	21	12	22	22	21	11	12	12	12	12	12	11	11	11	11	11	22	11	11	22	11	12	12	11	11	22	11	11	12	21	11	21	12	12	12	21	21	21	22	12	12	12	11	11	12	21	12	21	22	22	22	11	22	22	12	11	11	11	11	21	21	21	12	12	11	11	22	11
194	0	4.706	4.734	12	12	21	12	22	12	12	22	21	11	12	21	11	22	12	21	11	21	21	22	21	12	22	22	21	11	12	12	12	12	12	11	11	11	11	11	22	11	11	22	11	12	12	11	11	22	11	11	12	21	11	21	12	12	12	21	21	21	22	12	12	12	11	11	12	21	12	21	22	22	22	11	22	22	12	11	11	11	11	21	21	21	12	12	11	11	22	11
188	0	4.706	5.911	12	12	21	12	22	12	12	22	21	11	12	21	11	22	12	21	11	21	21	22	21	12	22	22	21	11	12	12	12	12	12	11	11	11	11	11	22	11	11	22	11	12	12	11	11	22	11	11	12	21	11	21	12	12	12	21	21	21	22	12	12	12	11	11	12	21	12	21	22	22	22	11	22	22	12	11	11	11	11	22	21	21	12	12	11	11	22	11
189	0	4.706	5.911	12	12	21	12	22	12	12	22	21	11	12	21	11	22	12	21	11	21	21	22	21	12	22	22	21	11	12	12	12	12	12	11	11	11	11	11	22	11	11	22	11	12	12	11	11	22	11	11	12	21	11	21	12	12	12	21	21	21	22	12	12	12	11	11	12	21	12	21	22	22	22	11	22	22	12	11	11	11	11	22	21	21	12	12	11	11	22	11
190	0	4.706	5.911	12	12	21	12	22	12	12	22	21	11	12	21	11	22	12	21	11	21	21	22	21	12	22	22	21	11	12	12	12	12	12	11	11	11	11	11	22	11	11	22	11	12	12	11	11	22	11	11	12	21	11	21	12	12	12	21	21	21	22	12	12	12	11	11	12	21	12	21	22	22	22	11	22	22	12	11	11	11	11	22	21	21	12	12	11	11	22	11
182	0	4.706	7.088	12	12	21	12	22	12	12	22	21	11	12	21	11	22	12	21	11	21	21	22	21	12	22	22	21	11	12	12	12	12	12	11	11	11	11	11	22	11	11	22	11	12	12	11	11	22	11	11	12	21	11	21	12	12	12	21	21	21	22	12	12	12	11	11	12	21	12	21	22	22	22	11	22	22	12	11	11	11	11	22	21	21	12	11	11	11	22	11
183	0	4.706	7.088	12	12	21	12	22	12	12	22	21	11	12	21	11	22	12	21	11	21	21	22	21	12	22	22	21	11	12	12	12	12	12	11	11	11	11	11	22	11	11	22	11	12	12	11	11	22	11	11	12	21	11	21	12	12	12	21	21	21	22	12	12	12	11	11	12	21	12	21	22	22	22	11	22	22	12	11	11	11	11	22	21	21	12	11	11	11	22	11
181	0	4.706	7.088	12	12	21	12	22	12	12	22	21	11	12	21	11	22	12	21	11	21	21	22	21	12	22	22	21	11	12	12	12	12	12	11	11	11	11	11	22	11	11	22	11	12	12	11	11	22	11	11	12	21	11	21	12	12	12	21	21	21	22	12	12	12	11	11	12	21	12	21	22	22	22	11	22	22	12	11	11	11	11	22	21	21	12	11	11	11	22	11
186	0	4.706	8.264	12	12	21	12	22	12	12	21	21	11	12	21	11	22	12	21	11	21	21	22	21	12	22	22	21	11	12	12	12	12	12	11	11	11	11	11	22	11	11	22	11	12	12	11	11	22	11	11	12	21	11	21	12	12	12	21	21	21	22	12	12	12	11	11	12	21	12	21	22	22	22	11	22	22	12	11	11	11	11	22	21	21	12	11	11	11	22	11
187	0	4.706	8.264	12	12	21	12	22	12	12	21	21	11	12	21	11	22	12	21	11	21	21	22	21	12	22	22	21	11	12	12	12	12	12	11	11	11	11	11	22	11	11	22	11	12	12	11	11	22	11	11	12	21	11	21	12	12	12	21	21	21	22	12	12	12	11	11	12	21	12	21	22	22	22	11	22	22	12	11	11	11	11	22	21	21	12	11	11	11	22	11
184	0	4.706	8.264	12	12	21	12	22	12	12	21	21	11	12	21	11	22	12	21	11	21	21	22	21	12	22	22	21	11	12	12	12	12	12	11	11	11	11	11	22	11	11	22	11	12	12	11	11	22	11	11	12	21	11	21	12	12	12	21	21	21	22	12	12	12	11	11	12	21	12	21	22	22	22	11	22	22	12	11	11	11	11	22	21	21	12	11	11	11	22	11
185	0	4.706	8.264	12	12	21	12	22	12	12	21	21	11	12	21	11	22	12	21	11	21	21	22	21	12	22	22	21	11	12	12	12	12	12	11	11	11	11	11	22	11	11	22	11	12	12	11	11	22	11	11	12	21	11	21	12	12	12	21	21	21	22	12	12	12	11	11	12	21	12	21	22	22	22	11	22	22	12	11	11	11	11	22	21	21	12	11	11	11	22	11
180	0	4.706	9.441	12	12	21	12	22	12	12	21	21	11	12	21	11	22	12	21	11	21	21	22	21	12	22	22	21	11	12	12	12	12	12	11	11	11	11	11	21	11	11	22	11	12	12	11	11	22	11	11	12	21	11	21	12	12	12	21	21	21	22	12	12	12	11	11	12	21	12	21	22	22	22	11	22	22	12	11	11	11	11	22	21	21	12	11	11	11	22	11
178	0	4.706	9.441	12	12	21	12	22	12	12	21	21	11	12	21	11	22	12	21	11	21	21	22	21	12	22	22	21	11	12	12	12	12	12	11	11	11	11	11	21	11	11	22	11	12	12	11	11	22	11	11	12	21	11	21	12	12	12	21	21	21	22	12	12	12	11	11	12	21	12	21	22	22	22	11	22	22	12	11	11	11	11	22	21	21	12	11	11	11	22	11
179	0	4.706	9.441	12	12	21	12	22	12	12	21	21	11	12	21	11	22	12	21	11	21	21	22	21	12	22	22	21	11	12	12	12	12	12	11	11	11	11	11	21	11	11	22	11	12	12	11	11	22	11	11	12	21	11	21	12	12	12	21	21	21	22	12	12	12	11	11	12	21	12	21	22	22	22	11	22	22	12	11	11	11	11	22	21	21	12	11	11	11	22	11
147	0	4.706	13.057	12	12	22	12	22	12	12	21	21	11	12	21	11	22	12	21	11	21	21	22	21	12	22	22	21	11	12	12	12	12	12	11	11	11	11	11	21	11	11	22	11	11	12	11	11	22	11	11	12	21	11	21	12	12	12	21	21	21	22	12	12	12	11	11	12	21	12	21	22	21	22	11	22	22	12	11	11	11	11	22	21	21	12	11	11	11	22	11
141	0	5.883	15.438	12	12	22	12	21	12	12	21	21	11	12	21	11	22	12	21	11	21	21	22	21	12	22	22	11	11	12	12	12	12	12	11	11	11	11	11	21	11	11	22	11	11	12	11	11	22	11	11	12	21	11	21	12	12	12	21	21	21	22	12	12	12	11	11	12	21	12	21	22	21	22	11	22	22	12	11	11	11	11	22	21	21	12	11	11	11	21	11
145	0	5.883	15.438	12	12	22	12	21	12	12	21	21	11	12	21	11	22	12	21	11	21	21	22	21	12	22	22	11	11	12	12	12	12	12	11	11	11	11	11	21	11	11	22	11	11	12	11	11	22	11	11	12	21	11	21	12	12	12	21	21	21	22	12	12	12	11	11	12	21	12	21	22	21	22	11	22	22	12	11	11	11	11	22	21	21	12	11	11	11	21	11
143	0	5.883	15.438	12	12	22	12	21	12	12	21	21	11	12	21	11	22	12	21	11	21	21	22	21	12	22	22	11	11	12	12	12	12	12	11	11	11	11	11	21	11	11	22	11	11	12	11	11	22	11	11	12	21	11	21	12	12	12	21	21	21	22	12	12	12	11	11	12	21	12	21	22	21	22	11	22	22	12	11	11	11	11	22	21	21	12	11	11	11	21	11
144	0	5.883	15.438	12	12	22	12	21	12	12	21	21	11	12	21	11	22	12	21	11	21	21	22	21	12	22	22	11	11	12	12	12	12	12	11	11	11	11	11	21	11	11	22	11	11	12	11	11	22	11	11	12	21	11	21	12	12	12	21	21	21	22	12	12	12	11	11	12	21	12	21	22	21	22	11	22	22	12	11	11	11	11	22	21	21	12	11	11	11	21	11
142	0	5.883	15.438	12	12	22	12	21	12	12	21	21	11	12	21	11	22	12	21	11	21	21	22	21	12	22	22	11	11	12	12	12	12	12	11	11	11	11	11	21	11	11	22	11	11	12	11	11	22	11	11	12	21	11	21	12	12	12	21	21	21	22	12	12	12	11	11	12	21	12	21	22	21	22	11	22	22	12	11	11	11	11	22	21	21	12	11	11	11	21	11
146	0	5.883	17.819	12	12	22	12	21	12	12	21	21	11	12	21	11	22	12	21	11	21	21	22	21	12	22	22	12	11	12	12	12	12	12	11	11	11	11	11	21	11	11	22	11	11	12	11	11	22	11	11	12	21	11	21	12	12	12	21	21	21	22	12	12	12	11	11	12	21	12	21	22	21	22	11	22	22	12	11	11	11	11	22	21	21	12	11	11	11	22	11
166	0	7.059	17.819	12	12	22	12	21	12	12	21	21	11	12	21	11	22	12	21	11	21	21	22	21	12	22	22	12	11	12	12	12	12	12	11	11	11	11	11	21	11	11	22	11	21	12	11	11	22	11	11	12	21	11	21	12	12	12	21	21	21	22	12	12	12	11	11	12	21	12	21	22	21	22	11	22	22	12	11	11	11	11	22	21	21	12	11	11	11	22	11
149	0	7.059	17.819	12	12	22	12	21	12	12	21	21	11	12	21	11	22	12	21	11	21	21	22	21	12	22	22	12	11	12	12	12	12	12	11	11	11	11	11	21	11	11	22	11	21	12	11	11	22	11	11	12	21	11	21	12	12	12	21	21	21	22	12	12	12	11	11	12	21	12	21	22	21	22	11	22	22	12	11	11	11	11	22	21	21	12	11	11	11	22	11
167	0	7.059	17.819	12	12	22	12	21	12	12	21	21	11	12	21	11	22	12	21	11	21	21	22	21	12	22	22	12	11	12	12	12	12	12	11	11	11	11	11	21	11	11	22	11	21	12	11	11	22	11	11	12	21	11	21	12	12	12	21	21	21	22	12	12	12	11	11	12	21	12	21	22	21	22	11	22	22	12	11	11	11	11	22	21	21	12	11	11	11	22	11
168	0	7.059	17.819	12	12	22	12	21	12	12	21	21	11	12	21	11	22	12	21	11	21	21	22	21	12	22	22	12	11	12	12	12	12	12	11	11	11	11	11	21	11	11	22	11	21	12	11	11	22	11	11	12	21	11	21	12	12	12	21	21	21	22	12	12	12	11	11	12	21	12	21	22	21	22	11	22	22	12	11	11	11	11	22	21	21	12	11	11	11	22	11
156	0	7.059	17.819	12	12	22	12	21	12	12	21	21	11	12	21	11	22	12	21	11	21	21	22	21	12	22	22	12	11	12	12	12	12	12	11	11	11	11	11	21	11	11	22	11	21	12	11	11	22	11	11	12	21	11	21	12	12	12	21	21	21	22	12	12	12	11	11	12	21	12	21	22	21	22	11	22	22	12	11	11	11	11	22	21	21	12	11	11	11	22	11
150	0	7.059	17.819	12	12	22	12	21	12	12	21	21	11	12	21	11	22	12	21	11	21	21	22	21	12	22	22	12	11	12	12	12	12	12	11	11	11	11	11	21	11	11	22	11	21	12	11	11	22	11	11	12	21	11	21	12	12	12	21	21	21	22	12	12	12	11	11	12	21	12	21	22	21	22	11	22	22	12	11	11	11	11	22	21	21	12	11	11	11	22	11
155	0	7.059	17.819	12	12	22	12	21	12	12	21	21	11	12	21	11	22	12	21	11	21	21	22	21	12	22	22	12	11	12	12	12	12	12	11	11	11	11	11	21	11	11	22	11	21	12	11	11	22	11	11	12	21	11	21	12	12	12	21	21	21	22	12	12	12	11	11	12	21	12	21	22	21	22	11	22	22	12	11	11	11	11	22	21	21	12	11	11	11	22	11
154	0	7.059	17.819	12	12	22	12	21	12	12	21	21	11	12	21	11	22	12	21	11	21	21	22	21	12	22	22	12	11	12	12	12	12	12	11	11	11	11	11	21	11	11	22	11	21	12	11	11	22	11	11	12	21	11	21	12	12	12	21	21	21	22	12	12	12	11	11	12	21	12	21	22	21	22	11	22	22	12	11	11	11	11	22	21	21	12	11	11	11	22	11
151	0	7.059	17.819	12	12	22	12	21	12	12	21	21	11	12	21	11	22	12	21	11	21	21	22	21	12	22	22	12	11	12	12	12	12	12	11	11	11	11	11	21	11	11	22	11	21	12	11	11	22	11	11	12	21	11	21	12	12	12	21	21	21	22	12	12	12	11	11	12	21	12	21	22	21	22	11	22	22	12	11	11	11	11	22	21	21	12	11	11	11	22	11
148	0	8.236	17.819	12	12	22	22	21	12	12	21	21	11	12	21	11	22	12	21	11	21	21	22	21	12	22	22	12	11	12	12	12	12	12	11	11	11	11	11	21	11	11	22	11	21	12	11	11	22	11	11	12	21	11	21	12	12	12	21	21	21	22	12	12	12	11	11	12	21	12	21	22	21	22	11	22	22	12	11	11	11	11	22	21	21	12	11	11	11	22	11
158	0	8.236	17.819	12	12	22	22	21	12	12	21	21	11	12	21	11	22	12	21	11	21	21	22	21	12	22	22	12	11	12	12	12	12	12	11	11	11	11	11	21	11	11	22	11	21	12	11	11	22	11	11	12	21	11	21	12	12	12	21	21	21	22	12	12	12	11	11	12	21	12	21	22	21	22	11	22	22	12	11	11	11	11	22	21	21	12	11	11	11	22	11
171	0	8.236	17.819	12	12	22	22	21	12	12	21	21	11	12	21	11	22	12	21	11	21	21	22	21	12	22	22	12	11	12	12	12	12	12	11	11	11	11	11	21	11	11	22	11	21	12	11	11	22	11	11	12	21	11	21	12	12	12	21	21	21	22	12	12	12	11	11	12	21	12	21	22	21	22	11	22	22	12	11	11	11	11	22	21	21	12	11	11	11	22	11
173	0	8.236	17.819	12	12	22	22	21	12	12	21	21	11	12	21	11	22	12	21	11	21	21	22	21	12	22	22	12	11	12	12	12	12	12	11	11	11	11	11	21	11	11	22	11	21	12	11	11	22	11	11	12	21	11	21	12	12	12	21	21	21	22	12	12	12	11	11	12	21	12	21	22	21	22	11	22	22	12	11	11	11	11	22	21	21	12	11	11	11	22	11
164	0	8.236	17.819	12	12	22	22	21	12	12	21	21	11	12	21	11	22	12	21	11	21	21	22	21	12	22	22	12	11	12	12	12	12	12	11	11	11	11	11	21	11	11	22	11	21	12	11	11	22	11	11	12	21	11	21	12	12	12	21	21	21	22	12	12	12	11	11	12	21	12	21	22	21	22	11	22	22	12	11	11	11	11	22	21	21	12	11	11	11	22	11
172	0	8.236	17.819	12	12	22	22	21	12	12	21	21	11	12	21	11	22	12	21	11	21	21	22	21	12	22	22	12	11	12	12	12	12	12	11	11	11	11	11	21	11	11	22	11	21	12	11	11	22	11	11	12	21	11	21	12	12	12	21	21	21	22	12	12	12	11	11	12	21	12	21	22	21	22	11	22	22	12	11	11	11	11	22	21	21	12	11	11	11	22	11
159	0	8.236	17.819	12	12	22	22	21	12	12	21	21	11	12	21	11	22	12	21	11	21	21	22	21	12	22	22	12	11	12	12	12	12	12	11	11	11	11	11	21	11	11	22	11	21	12	11	11	22	11	11	12	21	11	21	12	12	12	21	21	21	22	12	12	12	11	11	12	21	12	21	22	21	22	11	22	22	12	11	11	11	11	22	21	21	12	11	11	11	22	11
161	0	8.236	17.819	12	12	22	22	21	12	12	21	21	11	12	21	11	22	12	21	11	21	21	22	21	12	22	22	12	11	12	12	12	12	12	11	11	11	11	11	21	11	11	22	11	21	12	11	11	22	11	11	12	21	11	21	12	12	12	21	21	21	22	12	12	12	11	11	12	21	12	21	22	21	22	11	22	22	12	11	11	11	11	22	21	21	12	11	11	11	22	11
160	0	8.236	17.819	12	12	22	22	21	12	12	21	21	11	12	21	11	22	12	21	11	21	21	22	21	12	22	22	12	11	12	12	12	12	12	11	11	11	11	11	21	11	11	22	11	21	12	11	11	22	11	11	12	21	11	21	12	12	12	21	21	21	22	12	12	12	11	11	12	21	12	21	22	21	22	11	22	22	12	11	11	11	11	22	21	21	12	11	11	11	22	11
163	0	8.236	17.819	12	12	22	22	21	12	12	21	21	11	12	21	11	22	12	21	11	21	21	22	21	12	22	22	12	11	12	12	12	12	12	11	11	11	11	11	21	11	11	22	11	21	12	11	11	22	11	11	12	21	11	21	12	12	12	21	21	21	22	12	12	12	11	11	12	21	12	21	22	21	22	11	22	22	12	11	11	11	11	22	21	21	12	11	11	11	22	11
162	0	8.236	17.819	12	12	22	22	21	12	12	21	21	11	12	21	11	22	12	21	11	21	21	22	21	12	22	22	12	11	12	12	12	12	12	11	11	11	11	11	21	11	11	22	11	21	12	11	11	22	11	11	12	21	11	21	12	12	12	21	21	21	22	12	12	12	11	11	12	21	12	21	22	21	22	11	22	22	12	11	11	11	11	22	21	21	12	11	11	11	22	11
174	0	8.236	17.819	12	12	22	22	21	12	12	21	21	11	12	21	11	22	12	21	11	21	21	22	21	12	22	22	12	11	12	12	12	12	12	11	11	11	11	11	21	11	11	22	11	21	12	11	11	22	11	11	12	21	11	21	12	12	12	21	21	21	22	12	12	12	11	11	12	21	12	21	22	21	22	11	22	22	12	11	11	11	11	22	21	21	12	11	11	11	22	11
165	0	8.236	17.819	12	12	22	22	21	12	12	21	21	11	12	21	11	22	12	21	11	21	21	22	21	12	22	22	12	11	12	12	12	12	12	11	11	11	11	11	21	11	11	22	11	21	12	11	11	22	11	11	12	21	11	21	12	12	12	21	21	21	22	12	12	12	11	11	12	21	12	21	22	21	22	11	22	22	12	11	11	11	11	22	21	21	12	11	11	11	22	11
175	0	8.236	17.819	12	12	22	22	21	12	12	21	21	11	12	21	11	22	12	21	11	21	21	22	21	12	22	22	12	11	12	12	12	12	12	11	11	11	11	11	21	11	11	22	11	21	12	11	11	22	11	11	12	21	11	21	12	12	12	21	21	21	22	12	12	12	11	11	12	21	12	21	22	21	22	11	22	22	12	11	11	11	11	22	21	21	12	11	11	11	22	11
157	0	8.236	17.819	12	12	22	22	21	12	12	21	21	11	12	21	11	22	12	21	11	21	21	22	21	12	22	22	12	11	12	12	12	12	12	11	11	11	11	11	21	11	11	22	11	21	12	11	11	22	11	11	12	21	11	21	12	12	12	21	21	21	22	12	12	12	11	11	12	21	12	21	22	21	22	11	22	22	12	11	11	11	11	22	21	21	12	11	11	11	22	11
169	0	9.412	17.819	12	12	22	22	21	12	12	21	21	21	12	21	11	22	12	21	11	21	21	22	21	12	22	22	12	11	12	12	12	12	12	11	11	11	11	11	21	11	11	22	11	21	12	11	11	22	11	11	12	21	11	21	12	12	12	21	21	21	22	12	12	12	11	11	12	21	12	21	22	21	22	11	22	22	12	11	11	11	11	22	21	21	12	11	11	11	22	11
152	0	9.412	17.819	12	12	22	22	21	12	12	21	21	21	12	21	11	22	12	21	11	21	21	22	21	12	22	22	12	11	12	12	12	12	12	11	11	11	11	11	21	11	11	22	11	21	12	11	11	22	11	11	12	21	11	21	12	12	12	21	21	21	22	12	12	12	11	11	12	21	12	21	22	21	22	11	22	22	12	11	11	11	11	22	21	21	12	11	11	11	22	11
170	0	9.412	17.819	12	12	22	22	21	12	12	21	21	21	12	21	11	22	12	21	11	21	21	22	21	12	22	22	12	11	12	12	12	12	12	11	11	11	11	11	21	11	11	22	11	21	12	11	11	22	11	11	12	21	11	21	12	12	12	21	21	21	22	12	12	12	11	11	12	21	12	21	22	21	22	11	22	22	12	11	11	11	11	22	21	21	12	11	11	11	22	11
153	0	9.412	17.819	12	12	22	22	21	12	12	21	21	21	12	21	11	22	12	21	11	21	21	22	21	12	22	22	12	11	12	12	12	12	12	11	11	11	11	11	21	11	11	22	11	21	12	11	11	22	11	11	12	21	11	21	12	12	12	21	21	21	22	12	12	12	11	11	12	21	12	21	22	21	22	11	22	22	12	11	11	11	11	22	21	21	12	11	11	11	22	11
177	0	9.412	17.819	12	12	22	22	21	12	12	21	21	21	12	21	11	22	12	21	11	21	21	22	21	12	22	22	12	11	12	12	12	12	12	11	11	11	11	11	21	11	11	22	11	21	12	11	11	22	11	11	12	21	11	21	12	12	12	21	21	21	22	12	12	12	11	11	12	21	12	21	22	21	22	11	22	22	12	11	11	11	11	22	21	21	12	11	11	11	22	11
176	0	9.412	17.819	12	12	22	22	21	12	12	21	21	21	12	21	11	22	12	21	11	21	21	22	21	12	22	22	12	11	12	12	12	12	12	11	11	11	11	11	21	11	11	22	11	21	12	11	11	22	11	11	12	21	11	21	12	12	12	21	21	21	22	12	12	12	11	11	12	21	12	21	22	21	22	11	22	22	12	11	11	11	11	22	21	21	12	11	11	11	22	11
140	0	10.589	17.819	12	12	22	22	21	12	12	21	21	21	12	21	11	22	12	21	11	21	21	22	21	12	22	22	12	11	12	12	12	12	12	11	11	11	11	11	21	11	11	22	11	11	12	11	11	22	11	11	12	21	11	21	12	12	12	21	21	21	22	12	12	12	11	11	12	21	12	21	22	21	22	11	22	22	12	11	11	11	11	22	21	21	12	11	11	11	22	11
138	0	11.765	20.201	12	12	22	22	21	12	12	21	11	21	11	21	11	22	12	21	11	21	21	22	21	12	22	22	12	11	12	12	12	12	12	11	11	11	11	11	21	11	11	22	11	11	12	11	11	22	11	11	12	21	11	21	12	12	12	21	21	21	22	12	12	12	12	11	12	21	12	21	22	21	22	11	22	22	12	11	11	11	11	22	21	21	12	11	11	11	22	11
139	0	11.765	20.201	12	12	22	22	21	12	12	21	11	21	11	21	11	22	12	21	11	21	21	22	21	12	22	22	12	11	12	12	12	12	12	11	11	11	11	11	21	11	11	22	11	11	12	11	11	22	11	11	12	21	11	21	12	12	12	21	21	21	22	12	12	12	12	11	12	21	12	21	22	21	22	11	22	22	12	11	11	11	11	22	21	21	12	11	11	11	22	11
137	0	11.765	20.201	12	12	22	22	21	12	12	21	11	21	11	21	11	22	12	21	11	21	21	22	21	12	22	22	12	11	12	12	12	12	12	11	11	11	11	11	21	11	11	22	11	11	12	11	11	22	11	11	12	21	11	21	12	12	12	21	21	21	22	12	12	12	12	11	12	21	12	21	22	21	22	11	22	22	12	11	11	11	11	22	21	21	12	11	11	11	22	11
136	0	11.765	21.377	12	12	22	22	21	12	12	21	11	21	11	21	11	22	12	21	11	21	21	22	21	12	22	22	12	11	12	12	12	12	12	11	11	11	11	11	21	11	11	22	11	11	12	11	11	22	12	11	12	21	11	21	12	12	12	21	21	21	22	12	12	12	12	11	12	21	12	21	22	21	22	11	22	22	12	11	11	11	11	22	21	21	12	11	11	11	22	11
135	0	11.765	21.377	12	12	22	22	21	12	12	21	11	21	11	21	11	22	12	21	11	21	21	22	21	12	22	22	12	11	12	12	12	12	12	11	11	11	11	11	21	11	11	22	11	11	12	11	11	22	12	11	12	21	11	21	12	12	12	21	21	21	22	12	12	12	12	11	12	21	12	21	22	21	22	11	22	22	12	11	11	11	11	22	21	21	12	11	11	11	22	11
134	0	12.942	21.377	12	12	22	22	21	12	12	21	11	11	11	21	11	22	12	21	11	21	21	22	21	12	22	22	12	11	12	12	12	12	12	11	11	11	11	11	21	11	11	22	11	11	12	11	11	22	12	11	12	21	11	21	12	12	12	21	21	21	22	12	12	12	12	11	12	21	12	21	22	21	22	11	22	22	12	11	11	11	11	22	21	21	12	11	11	11	22	11
132	0	12.942	21.377	12	12	22	22	21	12	12	21	11	11	11	21	11	22	12	21	11	21	21	22	21	12	22	22	12	11	12	12	12	12	12	11	11	11	11	11	21	11	11	22	11	11	12	11	11	22	12	11	12	21	11	21	12	12	12	21	21	21	22	12	12	12	12	11	12	21	12	21	22	21	22	11	22	22	12	11	11	11	11	22	21	21	12	11	11	11	22	11
133	0	12.942	21.377	12	12	22	22	21	12	12	21	11	11	11	21	11	22	12	21	11	21	21	22	21	12	22	22	12	11	12	12	12	12	12	11	11	11	11	11	21	11	11	22	11	11	12	11	11	22	12	11	12	21	11	21	12	12	12	21	21	21	22	12	12	12	12	11	12	21	12	21	22	21	22	11	22	22	12	11	11	11	11	22	21	21	12	11	11	11	22	11
125	0	12.942	22.554	12	12	22	22	21	12	12	21	11	11	11	21	11	22	12	21	11	21	21	22	21	12	22	22	12	11	12	12	12	12	12	11	11	11	11	11	21	11	11	22	11	11	12	11	11	22	12	11	12	21	11	21	12	12	12	21	21	21	22	12	12	12	12	11	12	21	12	22	22	21	22	11	22	22	12	11	11	11	11	22	21	21	12	11	11	11	22	11
124	0	12.942	22.554	12	12	22	22	21	12	12	21	11	11	11	21	11	22	12	21	11	21	21	22	21	12	22	22	12	11	12	12	12	12	12	11	11	11	11	11	21	11	11	22	11	11	12	11	11	22	12	11	12	21	11	21	12	12	12	21	21	21	22	12	12	12	12	11	12	21	12	22	22	21	22	11	22	22	12	11	11	11	11	22	21	21	12	11	11	11	22	11
130	0	14.118	22.554	12	12	22	22	21	12	12	21	11	21	11	21	11	22	12	21	11	21	21	22	21	12	22	22	12	11	12	12	12	12	12	11	11	11	11	11	21	11	11	22	11	11	12	11	11	22	12	11	12	21	11	21	12	12	12	21	21	21	22	12	12	12	12	11	12	21	12	22	22	21	22	11	22	22	12	11	11	11	11	22	21	21	12	11	11	11	22	11
129	0	14.118	22.554	12	12	22	22	21	12	12	21	11	21	11	21	11	22	12	21	11	21	21	22	21	12	22	22	12	11	12	12	12	12	12	11	11	11	11	11	21	11	11	22	11	11	12	11	11	22	12	11	12	21	11	21	12	12	12	21	21	21	22	12	12	12	12	11	12	21	12	22	22	21	22	11	22	22	12	11	11	11	11	22	21	21	12	11	11	11	22	11
126	0	14.118	23.730	12	12	22	21	21	12	12	21	11	21	11	21	11	22	12	21	11	21	21	22	21	12	22	22	12	11	12	12	12	12	12	11	11	11	11	11	21	11	11	22	11	11	12	11	11	22	12	11	12	21	11	21	12	12	12	21	21	21	22	12	12	12	12	11	12	21	12	22	22	21	22	11	22	22	12	11	11	11	11	22	21	21	12	11	11	11	22	11
127	0	14.118	23.730	12	12	22	21	21	12	12	21	11	21	11	21	11	22	12	21	11	21	21	22	21	12	22	22	12	11	12	12	12	12	12	11	11	11	11	11	21	11	11	22	11	11	12	11	11	22	12	11	12	21	11	21	12	12	12	21	21	21	22	12	12	12	12	11	12	21	12	22	22	21	22	11	22	22	12	11	11	11	11	22	21	21	12	11	11	11	22	11
128	0	14.118	23.730	12	12	22	21	21	12	12	21	11	21	11	21	11	22	12	21	11	21	21	22	21	12	22	22	12	11	12	12	12	12	12	11	11	11	11	11	21	11	11	22	11	11	12	11	11	22	12	11	12	21	11	21	12	12	12	21	21	21	22	12	12	12	12	11	12	21	12	22	22	21	22	11	22	22	12	11	11	11	11	22	21	21	12	11	11	11	22	11
131	0	15.295	23.730	12	12	22	21	21	12	12	21	11	11	11	21	11	22	12	21	11	21	21	22	21	12	22	22	12	11	12	12	12	12	12	11	11	11	11	11	21	11	11	22	11	11	12	11	11	22	12	11	12	21	11	21	12	12	12	21	21	21	22	12	12	12	12	11	12	21	12	22	22	21	22	11	22	22	12	11	11	11	11	22	21	21	12	11	11	11	22	11
123	0	16.471	24.907	12	12	22	21	21	12	12	21	11	11	11	21	11	22	12	21	11	21	21	22	21	12	22	22	12	11	12	12	12	12	12	11	11	11	11	11	21	11	11	21	11	11	12	11	11	22	22	11	12	21	11	21	12	12	12	21	21	21	22	12	12	12	12	11	12	21	12	22	22	21	22	11	22	22	12	11	11	11	11	22	21	21	12	11	11	11	22	11
121	0	16.471	26.083	12	12	22	21	21	12	12	21	11	11	11	21	11	22	12	21	11	21	21	22	21	12	22	22	12	11	12	12	12	12	12	11	11	11	11	11	21	11	11	21	11	11	12	11	11	22	22	11	12	21	11	21	12	12	12	21	21	21	22	12	12	12	12	11	12	21	12	22	22	21	22	11	21	22	12	11	11	11	11	22	21	21	12	11	11	11	22	11
118	0	16.471	26.083	12	12	22	21	21	12	12	21	11	11	11	21	11	22	12	21	11	21	21	22	21	12	22	22	12	11	12	12	12	12	12	11	11	11	11	11	21	11	11	21	11	11	12	11	11	22	22	11	12	21	11	21	12	12	12	21	21	21	22	12	12	12	12	11	12	21	12	22	22	21	22	11	21	22	12	11	11	11	11	22	21	21	12	11	11	11	22	11
122	0	16.471	26.083	12	12	22	21	21	12	12	21	11	11	11	21	11	22	12	21	11	21	21	22	21	12	22	22	12	11	12	12	12	12	12	11	11	11	11	11	21	11	11	21	11	11	12	11	11	22	22	11	12	21	11	21	12	12	12	21	21	21	22	12	12	12	12	11	12	21	12	22	22	21	22	11	21	22	12	11	11	11	11	22	21	21	12	11	11	11	22	11
117	0	16.471	26.083	12	12	22	21	21	12	12	21	11	11	11	21	11	22	12	21	11	21	21	22	21	12	22	22	12	11	12	12	12	12	12	11	11	11	11	11	21	11	11	21	11	11	12	11	11	22	22	11	12	21	11	21	12	12	12	21	21	21	22	12	12	12	12	11	12	21	12	22	22	21	22	11	21	22	12	11	11	11	11	22	21	21	12	11	11	11	22	11
114	0	16.471	27.260	12	12	22	22	21	12	12	21	11	11	11	21	11	22	12	21	11	21	21	22	21	12	22	22	12	11	12	12	12	12	12	11	11	11	11	11	21	11	11	21	11	11	12	11	11	22	22	11	12	21	11	21	12	12	12	21	21	21	22	12	12	12	12	11	12	21	12	22	22	21	22	11	21	22	12	11	11	11	11	22	21	21	12	11	11	11	22	11
120	0	16.471	27.260	12	12	22	22	21	12	12	21	11	11	11	21	11	22	12	21	11	21	21	22	21	12	22	22	12	11	12	12	12	12	12	11	11	11	11	11	21	11	11	21	11	11	12	11	11	22	22	11	12	21	11	21	12	12	12	21	21	21	22	12	12	12	12	11	12	21	12	22	22	21	22	11	21	22	12	11	11	11	11	22	21	21	12	11	11	11	22	11
119	0	16.471	27.260	12	12	22	22	21	12	12	21	11	11	11	21	11	22	12	21	11	21	21	22	21	12	22	22	12	11	12	12	12	12	12	11	11	11	11	11	21	11	11	21	11	11	12	11	11	22	22	11	12	21	11	21	12	12	12	21	21	21	22	12	12	12	12	11	12	21	12	22	22	21	22	11	21	22	12	11	11	11	11	22	21	21	12	11	11	11	22	11
116	0	16.471	27.260	12	12	22	22	21	12	12	21	11	11	11	21	11	22	12	21	11	21	21	22	21	12	22	22	12	11	12	12	12	12	12	11	11	11	11	11	21	11	11	21	11	11	12	11	11	22	22	11	12	21	11	21	12	12	12	21	21	21	22	12	12	12	12	11	12	21	12	22	22	21	22	11	21	22	12	11	11	11	11	22	21	21	12	11	11	11	22	11
115	0	16.471	27.260	12	12	22	22	21	12	12	21	11	11	11	21	11	22	12	21	11	21	21	22	21	12	22	22	12	11	12	12	12	12	12	11	11	11	11	11	21	11	11	21	11	11	12	11	11	22	22	11	12	21	11	21	12	12	12	21	21	21	22	12	12	12	12	11	12	21	12	22	22	21	22	11	21	22	12	11	11	11	11	22	21	21	12	11	11	11	22	11
113	0	16.471	28.436	12	12	22	22	21	12	12	21	11	11	11	21	11	22	12	21	11	21	21	22	21	12	22	22	12	11	12	12	12	12	12	11	11	11	11	11	21	11	11	21	11	11	12	11	11	22	22	12	12	21	11	21	12	12	12	21	21	21	22	12	12	12	12	11	12	21	12	22	22	21	22	11	21	22	12	11	11	11	11	22	21	21	12	11	11	11	22	11
111	0	16.471	28.436	12	12	22	22	21	12	12	21	11	11	11	21	11	22	12	21	11	21	21	22	21	12	22	22	12	11	12	12	12	12	12	11	11	11	11	11	21	11	11	21	11	11	12	11	11	22	22	12	12	21	11	21	12	12	12	21	21	21	22	12	12	12	12	11	12	21	12	22	22	21	22	11	21	22	12	11	11	11	11	22	21	21	12	11	11	11	22	11
112	0	16.471	28.436	12	12	22	22	21	12	12	21	11	11	11	21	11	22	12	21	11	21	21	22	21	12	22	22	12	11	12	12	12	12	12	11	11	11	11	11	21	11	11	21	11	11	12	11	11	22	22	12	12	21	11	21	12	12	12	21	21	21	22	12	12	12	12	11	12	21	12	22	22	21	22	11	21	22	12	11	11	11	11	22	21	21	12	11	11	11	22	11
109	0	17.648	29.613	12	12	22	22	21	12	12	21	11	11	11	21	11	22	12	22	11	21	21	22	21	12	22	22	12	11	12	12	12	12	12	11	11	11	11	11	21	11	11	21	11	11	12	11	11	22	22	12	12	21	11	21	12	12	12	21	21	21	22	12	12	12	12	11	12	21	12	22	22	21	22	11	21	22	12	11	11	11	11	22	21	21	12	11	11	21	22	11
105	0	17.648	29.613	12	12	22	22	21	12	12	21	11	11	11	21	11	22	12	22	11	21	21	22	21	12	22	22	12	11	12	12	12	12	12	11	11	11	11	11	21	11	11	21	11	11	12	11	11	22	22	12	12	21	11	21	12	12	12	21	21	21	22	12	12	12	12	11	12	21	12	22	22	21	22	11	21	22	12	11	11	11	11	22	21	21	12	11	11	21	22	11
110	0	17.648	29.613	12	12	22	22	21	12	12	21	11	11	11	21	11	22	12	22	11	21	21	22	21	12	22	22	12	11	12	12	12	12	12	11	11	11	11	11	21	11	11	21	11	11	12	11	11	22	22	12	12	21	11	21	12	12	12	21	21	21	22	12	12	12	12	11	12	21	12	22	22	21	22	11	21	22	12	11	11	11	11	22	21	21	12	11	11	21	22	11
107	0	17.648	29.613	12	12	22	22	21	12	12	21	11	11	11	21	11	22	12	22	11	21	21	22	21	12	22	22	12	11	12	12	12	12	12	11	11	11	11	11	21	11	11	21	11	11	12	11	11	22	22	12	12	21	11	21	12	12	12	21	21	21	22	12	12	12	12	11	12	21	12	22	22	21	22	11	21	22	12	11	11	11	11	22	21	21	12	11	11	21	22	11
108	0	17.648	29.613	12	12	22	22	21	12	12	21	11	11	11	21	11	22	12	22	11	21	21	22	21	12	22	22	12	11	12	12	12	12	12	11	11	11	11	11	21	11	11	21	11	11	12	11	11	22	22	12	12	21	11	21	12	12	12	21	21	21	22	12	12	12	12	11	12	21	12	22	22	21	22	11	21	22	12	11	11	11	11	22	21	21	12	11	11	21	22	11
106	0	17.648	29.613	12	12	22	22	21	12	12	21	11	11	11	21	11	22	12	22	11	21	21	22	21	12	22	22	12	11	12	12	12	12	12	11	11	11	11	11	21	11	11	21	11	11	12	11	11	22	22	12	12	21	11	21	12	12	12	21	21	21	22	12	12	12	12	11	12	21	12	22	22	21	22	11	21	22	12	11	11	11	11	22	21	21	12	11	11	21	22	11
104	0	18.824	29.613	12	12	22	22	21	12	12	21	11	11	11	21	11	22	12	22	11	21	21	22	21	12	22	22	12	11	12	12	12	12	12	11	11	11	11	11	21	11	11	21	11	11	12	11	11	22	22	12	12	21	11	21	12	12	12	21	21	21	22	12	12	12	12	11	12	21	12	22	22	21	22	11	21	22	12	11	11	11	11	22	21	21	12	11	11	11	22	11
103	0	18.824	33.229	12	12	22	22	21	12	12	21	11	11	11	21	11	22	12	22	11	21	22	22	22	12	22	22	12	11	12	12	12	12	12	11	11	11	11	11	21	11	11	21	11	11	12	11	11	22	22	12	12	21	11	21	12	12	12	21	21	21	22	12	12	12	12	11	12	21	12	22	22	21	22	11	21	22	12	11	11	11	11	22	21	21	12	11	12	11	22	11
101	0	18.824	34.406	12	12	22	22	21	12	12	21	11	12	11	21	11	22	12	22	11	21	22	22	22	12	22	22	12	11	12	12	12	12	12	11	11	11	11	11	21	11	11	21	11	11	12	11	11	22	22	12	12	21	11	21	12	12	12	21	21	21	22	12	12	12	12	11	12	21	12	22	22	21	22	11	21	22	12	11	11	11	11	22	21	21	12	11	12	11	22	11
102	0	18.824	34.406	12	12	22	22	21	12	12	21	11	12	11	21	11	22	12	22	11	21	22	22	22	12	22	22	12	11	12	12	12	12	12	11	11	11	11	11	21	11	11	21	11	11	12	11	11	22	22	12	12	21	11	21	12	12	12	21	21	21	22	12	12	12	12	11	12	21	12	22	22	21	22	11	21	22	12	11	11	11	11	22	21	21	12	11	12	11	22	11
100	0	20.001	36.787	12	12	22	22	21	12	12	21	11	12	11	21	11	22	12	22	11	21	22	22	22	12	22	22	12	11	12	12	12	12	12	11	11	11	11	11	21	11	11	21	11	11	12	11	11	22	22	12	12	21	12	21	12	12	12	21	21	21	22	12	12	12	22	11	12	21	12	22	22	21	22	11	21	22	12	11	12	11	11	22	21	21	12	11	12	11	22	11
99	0	20.001	37.963	12	12	22	22	21	12	12	21	11	12	11	21	11	22	12	22	11	21	22	22	22	12	22	22	12	11	12	12	12	12	12	11	11	11	11	11	21	11	11	21	11	11	12	11	11	22	22	12	12	21	12	21	12	12	12	21	21	21	22	12	12	12	22	11	12	21	12	22	21	21	22	11	21	22	12	11	12	11	11	22	21	21	12	11	12	11	22	11
92	0	20.001	39.140	12	12	22	22	21	12	12	21	11	12	11	21	11	22	12	22	11	21	22	22	22	12	22	22	12	11	12	12	12	12	12	11	11	11	11	11	21	11	11	21	11	11	12	11	11	22	22	12	12	21	12	21	12	12	12	21	21	21	22	12	12	12	22	11	12	21	12	22	21	21	22	11	21	21	12	11	12	11	11	22	21	21	12	11	12	11	22	11
93	0	20.001	39.140	12	12	22	22	21	12	12	21	11	12	11	21	11	22	12	22	11	21	22	22	22	12	22	22	12	11	12	12	12	12	12	11	11	11	11	11	21	11	11	21	11	11	12	11	11	22	22	12	12	21	12	21	12	12	12	21	21	21	22	12	12	12	22	11	12	21	12	22	21	21	22	11	21	21	12	11	12	11	11	22	21	21	12	11	12	11	22	11
87	0	20.001	40.317	12	12	22	22	21	12	12	21	11	12	11	21	11	22	12	22	11	21	22	22	22	12	22	22	12	11	12	12	12	12	12	11	11	11	11	11	21	11	11	21	11	11	12	11	11	22	22	12	12	21	12	21	12	12	12	21	21	21	22	12	12	12	22	11	12	21	12	22	21	21	22	11	21	21	11	11	12	11	11	22	21	21	12	11	12	11	22	11
86	0	20.001	40.317	12	12	22	22	21	12	12	21	11	12	11	21	11	22	12	22	11	21	22	22	22	12	22	22	12	11	12	12	12	12	12	11	11	11	11	11	21	11	11	21	11	11	12	11	11	22	22	12	12	21	12	21	12	12	12	21	21	21	22	12	12	12	22	11	12	21	12	22	21	21	22	11	21	21	11	11	12	11	11	22	21	21	12	11	12	11	22	11
91	0	20.001	40.317	12	12	22	22	21	12	12	21	11	12	11	21	11	22	12	22	11	21	22	22	22	12	22	22	12	11	12	12	12	12	12	11	11	11	11	11	21	11	11	21	11	11	12	11	11	22	22	12	12	21	12	21	12	12	12	21	21	21	22	12	12	12	22	11	12	21	12	22	21	21	22	11	21	21	11	11	12	11	11	22	21	21	12	11	12	11	22	11
94	0	20.001	40.317	12	12	22	22	21	12	12	21	11	12	11	21	11	22	12	22	11	21	22	22	22	12	22	22	12	11	12	12	12	12	12	11	11	11	11	11	21	11	11	21	11	11	12	11	11	22	22	12	12	21	12	21	12	12	12	21	21	21	22	12	12	12	22	11	12	21	12	22	21	21	22	11	21	21	11	11	12	11	11	22	21	21	12	11	12	11	22	11
88	0	20.001	40.317	12	12	22	22	21	12	12	21	11	12	11	21	11	22	12	22	11	21	22	22	22	12	22	22	12	11	12	12	12	12	12	11	11	11	11	11	21	11	11	21	11	11	12	11	11	22	22	12	12	21	12	21	12	12	12	21	21	21	22	12	12	12	22	11	12	21	12	22	21	21	22	11	21	21	11	11	12	11	11	22	21	21	12	11	12	11	22	11
96	0	20.001	40.317	12	12	22	22	21	12	12	21	11	12	11	21	11	22	12	22	11	21	22	22	22	12	22	22	12	11	12	12	12	12	12	11	11	11	11	11	21	11	11	21	11	11	12	11	11	22	22	12	12	21	12	21	12	12	12	21	21	21	22	12	12	12	22	11	12	21	12	22	21	21	22	11	21	21	11	11	12	11	11	22	21	21	12	11	12	11	22	11
98	0	20.001	40.317	12	12	22	22	21	12	12	21	11	12	11	21	11	22	12	22	11	21	22	22	22	12	22	22	12	11	12	12	12	12	12	11	11	11	11	11	21	11	11	21	11	11	12	11	11	22	22	12	12	21	12	21	12	12	12	21	21	21	22	12	12	12	22	11	12	21	12	22	21	21	22	11	21	21	11	11	12	11	11	22	21	21	12	11	12	11	22	11
95	0	20.001	40.317	12	12	22	22	21	12	12	21	11	12	11	21	11	22	12	22	11	21	22	22	22	12	22	22	12	11	12	12	12	12	12	11	11	11	11	11	21	11	11	21	11	11	12	11	11	22	22	12	12	21	12	21	12	12	12	21	21	21	22	12	12	12	22	11	12	21	12	22	21	21	22	11	21	21	11	11	12	11	11	22	21	21	12	11	12	11	22	11
89	0	20.001	40.317	12	12	22	22	21	12	12	21	11	12	11	21	11	22	12	22	11	21	22	22	22	12	22	22	12	11	12	12	12	12	12	11	11	11	11	11	21	11	11	21	11	11	12	11	11	22	22	12	12	21	12	21	12	12	12	21	21	21	22	12	12	12	22	11	12	21	12	22	21	21	22	11	21	21	11	11	12	11	11	22	21	21	12	11	12	11	22	11
97	0	20.001	40.317	12	12	22	22	21	12	12	21	11	12	11	21	11	22	12	22	11	21	22	22	22	12	22	22	12	11	12	12	12	12	12	11	11	11	11	11	21	11	11	21	11	11	12	11	11	22	22	12	12	21	12	21	12	12	12	21	21	21	22	12	12	12	22	11	12	21	12	22	21	21	22	11	21	21	11	11	12	11	11	22	21	21	12	11	12	11	22	11
90	0	20.001	40.317	12	12	22	22	21	12	12	21	11	12	11	21	11	22	12	22	11	21	22	22	22	12	22	22	12	11	12	12	12	12	12	11	11	11	11	11	21	11	11	21	11	11	12	11	11	22	22	12	12	21	12	21	12	12	12	21	21	21	22	12	12	12	22	11	12	21	12	22	21	21	22	11	21	21	11	11	12	11	11	22	21	21	12	11	12	11	22	11
81	0	21.177	41.493	12	12	22	22	21	12	12	21	11	12	11	21	11	22	12	22	11	21	22	22	22	12	22	22	12	11	12	12	12	12	12	11	11	11	11	11	21	11	11	21	11	11	12	11	11	22	22	12	12	11	12	21	12	12	12	21	21	22	22	12	12	12	22	11	12	21	12	22	21	21	22	11	21	21	11	11	12	11	11	22	21	21	12	11	12	11	22	11
85	0	21.177	41.493	12	12	22	22	21	12	12	21	11	12	11	21	11	22	12	22	11	21	22	22	22	12	22	22	12	11	12	12	12	12	12	11	11	11	11	11	21	11	11	21	11	11	12	11	11	22	22	12	12	11	12	21	12	12	12	21	21	22	22	12	12	12	22	11	12	21	12	22	21	21	22	11	21	21	11	11	12	11	11	22	21	21	12	11	12	11	22	11
78	0	21.177	41.493	12	12	22	22	21	12	12	21	11	12	11	21	11	22	12	22	11	21	22	22	22	12	22	22	12	11	12	12	12	12	12	11	11	11	11	11	21	11	11	21	11	11	12	11	11	22	22	12	12	11	12	21	12	12	12	21	21	22	22	12	12	12	22	11	12	21	12	22	21	21	22	11	21	21	11	11	12	11	11	22	21	21	12	11	12	11	22	11
84	0	21.177	41.493	12	12	22	22	21	12	12	21	11	12	11	21	11	22	12	22	11	21	22	22	22	12	22	22	12	11	12	12	12	12	12	11	11	11	11	11	21	11	11	21	11	11	12	11	11	22	22	12	12	11	12	21	12	12	12	21	21	22	22	12	12	12	22	11	12	21	12	22	21	21	22	11	21	21	11	11	12	11	11	22	21	21	12	11	12	11	22	11
79	0	22.354	41.493	12	12	22	12	21	12	12	21	11	12	11	21	11	22	12	22	11	21	22	22	22	12	22	22	12	11	12	12	12	12	12	11	11	11	11	11	21	11	11	21	11	11	12	11	11	22	22	12	12	11	12	21	12	12	12	21	21	22	22	12	12	12	22	11	12	21	12	22	21	21	22	11	21	21	11	11	12	11	11	22	21	21	12	11	12	11	22	11
83	0	22.354	41.493	12	12	22	12	21	12	12	21	11	12	11	21	11	22	12	22	11	21	22	22	22	12	22	22	12	11	12	12	12	12	12	11	11	11	11	11	21	11	11	21	11	11	12	11	11	22	22	12	12	11	12	21	12	12	12	21	21	22	22	12	12	12	22	11	12	21	12	22	21	21	22	11	21	21	11	11	12	11	11	22	21	21	12	11	12	11	22	11
80	0	22.354	41.493	12	12	22	12	21	12	12	21	11	12	11	21	11	22	12	22	11	21	22	22	22	12	22	22	12	11	12	12	12	12	12	11	11	11	11	11	21	11	11	21	11	11	12	11	11	22	22	12	12	11	12	21	12	12	12	21	21	22	22	12	12	12	22	11	12	21	12	22	21	21	22	11	21	21	11	11	12	11	11	22	21	21	12	11	12	11	22	11
82	0	22.354	41.493	12	12	22	12	21	12	12	21	11	12	11	21	11	22	12	22	11	21	22	22	22	12	22	22	12	11	12	12	12	12	12	11	11	11	11	11	21	11	11	21	11	11	12	11	11	22	22	12	12	11	12	21	12	12	12	21	21	22	22	12	12	12	22	11	12	21	12	22	21	21	22	11	21	21	11	11	12	11	11	22	21	21	12	11	12	11	22	11
76	0	22.354	43.874	12	12	22	12	21	12	12	21	11	12	11	21	12	22	12	22	11	21	22	22	22	12	22	22	12	11	12	12	12	12	12	11	11	11	11	11	21	11	11	21	11	11	12	11	11	22	22	12	12	11	12	21	12	12	12	21	21	22	22	12	12	12	22	11	12	21	12	22	21	21	22	11	21	21	11	11	12	11	11	22	21	21	12	11	12	12	22	11
77	0	22.354	43.874	12	12	22	12	21	12	12	21	11	12	11	21	12	22	12	22	11	21	22	22	22	12	22	22	12	11	12	12	12	12	12	11	11	11	11	11	21	11	11	21	11	11	12	11	11	22	22	12	12	11	12	21	12	12	12	21	21	22	22	12	12	12	22	11	12	21	12	22	21	21	22	11	21	21	11	11	12	11	11	22	21	21	12	11	12	12	22	11
75	0	22.354	47.490	12	12	22	12	21	12	12	21	11	12	11	21	12	22	11	22	11	21	22	22	22	12	22	22	12	11	12	12	12	12	12	11	11	11	11	11	21	11	11	21	11	11	12	11	11	22	22	12	12	11	12	21	12	12	11	21	21	22	22	12	12	12	22	11	12	21	12	22	21	21	22	11	21	21	11	11	12	11	11	22	21	22	12	11	12	12	22	11
73	0	23.530	51.107	12	12	22	12	21	12	12	21	11	12	11	11	12	22	11	22	11	21	22	22	22	12	22	22	12	11	12	12	12	12	12	11	11	11	11	11	21	11	11	21	11	11	12	11	11	22	22	12	12	11	12	21	12	12	11	22	21	22	22	12	12	12	22	12	12	21	11	22	21	21	22	11	21	21	11	11	12	11	11	22	21	22	12	11	12	12	22	11
60	0	23.530	51.107	12	12	22	12	21	12	12	21	11	12	11	11	12	22	11	22	11	21	22	22	22	12	22	22	12	11	12	12	12	12	12	11	11	11	11	11	21	11	11	21	11	11	12	11	11	22	22	12	12	11	12	21	12	12	11	22	21	22	22	12	12	12	22	12	12	21	11	22	21	21	22	11	21	21	11	11	12	11	11	22	21	22	12	11	12	12	22	11
69	0	23.530	52.283	12	12	22	12	21	12	12	21	11	12	11	11	12	22	11	22	11	21	22	22	22	12	22	22	12	11	12	12	12	12	12	11	11	11	11	11	21	11	11	21	11	11	12	11	11	22	22	12	12	12	12	21	12	12	11	22	21	22	22	12	12	12	22	12	12	21	11	22	21	21	22	11	21	21	11	11	12	11	11	22	21	22	12	11	12	12	22	11
72	0	23.530	52.283	12	12	22	12	21	12	12	21	11	12	11	11	12	22	11	22	11	21	22	22	22	12	22	22	12	11	12	12	12	12	12	11	11	11	11	11	21	11	11	21	11	11	12	11	11	22	22	12	12	12	12	21	12	12	11	22	21	22	22	12	12	12	22	12	12	21	11	22	21	21	22	11	21	21	11	11	12	11	11	22	21	22	12	11	12	12	22	11
66	0	23.530	52.283	12	12	22	12	21	12	12	21	11	12	11	11	12	22	11	22	11	21	22	22	22	12	22	22	12	11	12	12	12	12	12	11	11	11	11	11	21	11	11	21	11	11	12	11	11	22	22	12	12	12	12	21	12	12	11	22	21	22	22	12	12	12	22	12	12	21	11	22	21	21	22	11	21	21	11	11	12	11	11	22	21	22	12	11	12	12	22	11
68	0	23.530	52.283	12	12	22	12	21	12	12	21	11	12	11	11	12	22	11	22	11	21	22	22	22	12	22	22	12	11	12	12	12	12	12	11	11	11	11	11	21	11	11	21	11	11	12	11	11	22	22	12	12	12	12	21	12	12	11	22	21	22	22	12	12	12	22	12	12	21	11	22	21	21	22	11	21	21	11	11	12	11	11	22	21	22	12	11	12	12	22	11
67	0	23.530	52.283	12	12	22	12	21	12	12	21	11	12	11	11	12	22	11	22	11	21	22	22	22	12	22	22	12	11	12	12	12	12	12	11	11	11	11	11	21	11	11	21	11	11	12	11	11	22	22	12	12	12	12	21	12	12	11	22	21	22	22	12	12	12	22	12	12	21	11	22	21	21	22	11	21	21	11	11	12	11	11	22	21	22	12	11	12	12	22	11
71	0	23.530	52.283	12	12	22	12	21	12	12	21	11	12	11	11	12	22	11	22	11	21	22	22	22	12	22	22	12	11	12	12	12	12	12	11	11	11	11	11	21	11	11	21	11	11	12	11	11	22	22	12	12	12	12	21	12	12	11	22	21	22	22	12	12	12	22	12	12	21	11	22	21	21	22	11	21	21	11	11	12	11	11	22	21	22	12	11	12	12	22	11
74	0	23.530	52.283	12	12	22	12	21	12	12	21	11	12	11	11	12	22	11	22	11	21	22	22	22	12	22	22	12	11	12	12	12	12	12	11	11	11	11	11	21	11	11	21	11	11	12	11	11	22	22	12	12	12	12	21	12	12	11	22	21	22	22	12	12	12	22	12	12	21	11	22	21	21	22	11	21	21	11	11	12	11	11	22	21	22	12	11	12	12	22	11
70	0	23.530	52.283	12	12	22	12	21	12	12	21	11	12	11	11	12	22	11	22	11	21	22	22	22	12	22	22	12	11	12	12	12	12	12	11	11	11	11	11	21	11	11	21	11	11	12	11	11	22	22	12	12	12	12	21	12	12	11	22	21	22	22	12	12	12	22	12	12	21	11	22	21	21	22	11	21	21	11	11	12	11	11	22	21	22	12	11	12	12	22	11
65	0	23.530	52.283	12	12	22	12	21	12	12	21	11	12	11	11	12	22	11	22	11	21	22	22	22	12	22	22	12	11	12	12	12	12	12	11	11	11	11	11	21	11	11	21	11	11	12	11	11	22	22	12	12	12	12	21	12	12	11	22	21	22	22	12	12	12	22	12	12	21	11	22	21	21	22	11	21	21	11	11	12	11	11	22	21	22	12	11	12	12	22	11
61	0	24.707	52.283	12	12	12	12	21	12	12	21	11	12	11	11	12	22	11	22	11	21	22	22	22	12	22	22	12	11	12	12	12	12	12	11	11	11	11	11	21	11	11	21	11	11	12	11	11	22	22	12	12	12	12	21	12	12	11	22	21	22	22	12	12	12	22	12	12	21	11	22	21	21	22	11	21	21	11	11	12	11	11	22	21	22	12	11	12	12	22	11
63	0	24.707	52.283	12	12	12	12	21	12	12	21	11	12	11	11	12	22	11	22	11	21	22	22	22	12	22	22	12	11	12	12	12	12	12	11	11	11	11	11	21	11	11	21	11	11	12	11	11	22	22	12	12	12	12	21	12	12	11	22	21	22	22	12	12	12	22	12	12	21	11	22	21	21	22	11	21	21	11	11	12	11	11	22	21	22	12	11	12	12	22	11
59	0	24.707	52.283	12	12	12	12	21	12	12	21	11	12	11	11	12	22	11	22	11	21	22	22	22	12	22	22	12	11	12	12	12	12	12	11	11	11	11	11	21	11	11	21	11	11	12	11	11	22	22	12	12	12	12	21	12	12	11	22	21	22	22	12	12	12	22	12	12	21	11	22	21	21	22	11	21	21	11	11	12	11	11	22	21	22	12	11	12	12	22	11
62	0	24.707	52.283	12	12	12	12	21	12	12	21	11	12	11	11	12	22	11	22	11	21	22	22	22	12	22	22	12	11	12	12	12	12	12	11	11	11	11	11	21	11	11	21	11	11	12	11	11	22	22	12	12	12	12	21	12	12	11	22	21	22	22	12	12	12	22	12	12	21	11	22	21	21	22	11	21	21	11	11	12	11	11	22	21	22	12	11	12	12	22	11
64	0	24.707	52.283	12	12	12	12	21	12	12	21	11	12	11	11	12	22	11	22	11	21	22	22	22	12	22	22	12	11	12	12	12	12	12	11	11	11	11	11	21	11	11	21	11	11	12	11	11	22	22	12	12	12	12	21	12	12	11	22	21	22	22	12	12	12	22	12	12	21	11	22	21	21	22	11	21	21	11	11	12	11	11	22	21	22	12	11	12	12	22	11
55	0	25.884	54.664	12	12	12	12	21	12	12	21	11	12	11	11	12	22	11	22	11	21	22	22	22	12	22	22	12	11	12	12	12	12	12	11	11	11	11	11	21	11	11	21	11	11	12	11	11	22	22	12	12	12	12	21	12	12	11	22	22	22	22	12	12	11	22	12	12	21	11	22	21	21	22	11	21	21	11	11	12	11	11	22	21	22	12	11	12	12	12	11
56	0	25.884	54.664	12	12	12	12	21	12	12	21	11	12	11	11	12	22	11	22	11	21	22	22	22	12	22	22	12	11	12	12	12	12	12	11	11	11	11	11	21	11	11	21	11	11	12	11	11	22	22	12	12	12	12	21	12	12	11	22	22	22	22	12	12	11	22	12	12	21	11	22	21	21	22	11	21	21	11	11	12	11	11	22	21	22	12	11	12	12	12	11
58	0	27.060	54.664	12	12	12	12	21	12	12	21	11	12	11	11	12	22	11	22	11	21	22	22	22	12	22	22	12	11	12	12	12	12	12	11	11	11	11	11	21	11	11	21	11	11	12	11	21	22	22	12	12	12	12	21	12	12	11	22	22	22	22	12	12	11	22	12	12	21	11	22	21	21	22	11	21	21	11	11	12	11	11	22	21	22	12	11	12	12	12	11
54	0	27.060	54.664	12	12	12	12	21	12	12	21	11	12	11	11	12	22	11	22	11	21	22	22	22	12	22	22	12	11	12	12	12	12	12	11	11	11	11	11	21	11	11	21	11	11	12	11	21	22	22	12	12	12	12	21	12	12	11	22	22	22	22	12	12	11	22	12	12	21	11	22	21	21	22	11	21	21	11	11	12	11	11	22	21	22	12	11	12	12	12	11
57	0	27.060	55.841	12	12	12	12	21	12	12	21	11	12	11	11	12	22	11	22	11	21	22	22	22	12	22	22	12	11	12	12	12	12	12	11	12	11	11	11	21	11	11	21	11	11	12	11	21	22	22	12	12	12	12	21	12	12	11	22	22	22	22	12	12	11	22	12	12	21	11	22	21	21	22	11	21	21	11	11	12	11	11	22	21	22	12	11	12	12	12	11
48	0	28.237	62.022	12	12	12	12	21	12	12	21	11	12	11	11	12	22	11	22	11	22	22	22	22	11	22	22	12	11	12	12	12	12	12	11	12	11	11	11	21	11	11	21	11	11	12	11	21	22	22	12	12	12	12	21	12	12	11	22	22	22	22	12	12	11	22	12	12	21	11	22	21	21	21	11	21	11	11	11	12	12	11	22	22	22	12	11	12	12	12	11
51	0	28.237	62.022	12	12	12	12	21	12	12	21	11	12	11	11	12	22	11	22	11	22	22	22	22	11	22	22	12	11	12	12	12	12	12	11	12	11	11	11	21	11	11	21	11	11	12	11	21	22	22	12	12	12	12	21	12	12	11	22	22	22	22	12	12	11	22	12	12	21	11	22	21	21	21	11	21	11	11	11	12	12	11	22	22	22	12	11	12	12	12	11
52	0	28.237	62.022	12	12	12	12	21	12	12	21	11	12	11	11	12	22	11	22	11	22	22	22	22	11	22	22	12	11	12	12	12	12	12	11	12	11	11	11	21	11	11	21	11	11	12	11	21	22	22	12	12	12	12	21	12	12	11	22	22	22	22	12	12	11	22	12	12	21	11	22	21	21	21	11	21	11	11	11	12	12	11	22	22	22	12	11	12	12	12	11
53	0	28.237	62.022	12	12	12	12	21	12	12	21	11	12	11	11	12	22	11	22	11	22	22	22	22	11	22	22	12	11	12	12	12	12	12	11	12	11	11	11	21	11	11	21	11	11	12	11	21	22	22	12	12	12	12	21	12	12	11	22	22	22	22	12	12	11	22	12	12	21	11	22	21	21	21	11	21	11	11	11	12	12	11	22	22	22	12	11	12	12	12	11
50	0	28.237	62.022	12	12	12	12	21	12	12	21	11	12	11	11	12	22	11	22	11	22	22	22	22	11	22	22	12	11	12	12	12	12	12	11	12	11	11	11	21	11	11	21	11	11	12	11	21	22	22	12	12	12	12	21	12	12	11	22	22	22	22	12	12	11	22	12	12	21	11	22	21	21	21	11	21	11	11	11	12	12	11	22	22	22	12	11	12	12	12	11
49	0	28.237	62.022	12	12	12	12	21	12	12	21	11	12	11	11	12	22	11	22	11	22	22	22	22	11	22	22	12	11	12	12	12	12	12	11	12	11	11	11	21	11	11	21	11	11	12	11	21	22	22	12	12	12	12	21	12	12	11	22	22	22	22	12	12	11	22	12	12	21	11	22	21	21	21	11	21	11	11	11	12	12	11	22	22	22	12	11	12	12	12	11
30	0	28.237	64.403	12	12	12	12	21	12	12	21	11	12	11	11	12	22	11	22	11	22	22	22	22	11	22	22	12	11	12	12	12	12	12	11	12	11	11	11	21	11	11	21	11	11	12	11	21	21	22	12	12	12	12	22	12	12	11	22	22	22	22	12	12	11	22	12	12	21	11	22	21	21	21	11	21	11	11	11	12	12	11	22	22	22	12	11	12	12	12	11
36	0	28.237	64.403	12	12	12	12	21	12	12	21	11	12	11	11	12	22	11	22	11	22	22	22	22	11	22	22	12	11	12	12	12	12	12	11	12	11	11	11	21	11	11	21	11	11	12	11	21	21	22	12	12	12	12	22	12	12	11	22	22	22	22	12	12	11	22	12	12	21	11	22	21	21	21	11	21	11	11	11	12	12	11	22	22	22	12	11	12	12	12	11
35	0	28.237	64.403	12	12	12	12	21	12	12	21	11	12	11	11	12	22	11	22	11	22	22	22	22	11	22	22	12	11	12	12	12	12	12	11	12	11	11	11	21	11	11	21	11	11	12	11	21	21	22	12	12	12	12	22	12	12	11	22	22	22	22	12	12	11	22	12	12	21	11	22	21	21	21	11	21	11	11	11	12	12	11	22	22	22	12	11	12	12	12	11
41	0	28.237	64.403	12	12	12	12	21	12	12	21	11	12	11	11	12	22	11	22	11	22	22	22	22	11	22	22	12	11	12	12	12	12	12	11	12	11	11	11	21	11	11	21	11	11	12	11	21	21	22	12	12	12	12	22	12	12	11	22	22	22	22	12	12	11	22	12	12	21	11	22	21	21	21	11	21	11	11	11	12	12	11	22	22	22	12	11	12	12	12	11
37	0	28.237	64.403	12	12	12	12	21	12	12	21	11	12	11	11	12	22	11	22	11	22	22	22	22	11	22	22	12	11	12	12	12	12	12	11	12	11	11	11	21	11	11	21	11	11	12	11	21	21	22	12	12	12	12	22	12	12	11	22	22	22	22	12	12	11	22	12	12	21	11	22	21	21	21	11	21	11	11	11	12	12	11	22	22	22	12	11	12	12	12	11
27	0	28.237	64.403	12	12	12	12	21	12	12	21	11	12	11	11	12	22	11	22	11	22	22	22	22	11	22	22	12	11	12	12	12	12	12	11	12	11	11	11	21	11	11	21	11	11	12	11	21	21	22	12	12	12	12	22	12	12	11	22	22	22	22	12	12	11	22	12	12	21	11	22	21	21	21	11	21	11	11	11	12	12	11	22	22	22	12	11	12	12	12	11
34	0	28.237	64.403	12	12	12	12	21	12	12	21	11	12	11	11	12	22	11	22	11	22	22	22	22	11	22	22	12	11	12	12	12	12	12	11	12	11	11	11	21	11	11	21	11	11	12	11	21	21	22	12	12	12	12	22	12	12	11	22	22	22	22	12	12	11	22	12	12	21	11	22	21	21	21	11	21	11	11	11	12	12	11	22	22	22	12	11	12	12	12	11
38	0	28.237	64.403	12	12	12	12	21	12	12	21	11	12	11	11	12	22	11	22	11	22	22	22	22	11	22	22	12	11	12	12	12	12	12	11	12	11	11	11	21	11	11	21	11	11	12	11	21	21	22	12	12	12	12	22	12	12	11	22	22	22	22	12	12	11	22	12	12	21	11	22	21	21	21	11	21	11	11	11	12	12	11	22	22	22	12	11	12	12	12	11
46	0	28.237	64.403	12	12	12	12	21	12	12	21	11	12	11	11	12	22	11	22	11	22	22	22	22	11	22	22	12	11	12	12	12	12	12	11	12	11	11	11	21	11	11	21	11	11	12	11	21	21	22	12	12	12	12	22	12	12	11	22	22	22	22	12	12	11	22	12	12	21	11	22	21	21	21	11	21	11	11	11	12	12	11	22	22	22	12	11	12	12	12	11
47	0	28.237	64.403	12	12	12	12	21	12	12	21	11	12	11	11	12	22	11	22	11	22	22	22	22	11	22	22	12	11	12	12	12	12	12	11	12	11	11	11	21	11	11	21	11	11	12	11	21	21	22	12	12	12	12	22	12	12	11	22	22	22	22	12	12	11	22	12	12	21	11	22	21	21	21	11	21	11	11	11	12	12	11	22	22	22	12	11	12	12	12	11
40	0	28.237	64.403	12	12	12	12	21	12	12	21	11	12	11	11	12	22	11	22	11	22	22	22	22	11	22	22	12	11	12	12	12	12	12	11	12	11	11	11	21	11	11	21	11	11	12	11	21	21	22	12	12	12	12	22	12	12	11	22	22	22	22	12	12	11	22	12	12	21	11	22	21	21	21	11	21	11	11	11	12	12	11	22	22	22	12	11	12	12	12	11
28	0	28.237	64.403	12	12	12	12	21	12	12	21	11	12	11	11	12	22	11	22	11	22	22	22	22	11	22	22	12	11	12	12	12	12	12	11	12	11	11	11	21	11	11	21	11	11	12	11	21	21	22	12	12	12	12	22	12	12	11	22	22	22	22	12	12	11	22	12	12	21	11	22	21	21	21	11	21	11	11	11	12	12	11	22	22	22	12	11	12	12	12	11
42	0	28.237	64.403	12	12	12	12	21	12	12	21	11	12	11	11	12	22	11	22	11	22	22	22	22	11	22	22	12	11	12	12	12	12	12	11	12	11	11	11	21	11	11	21	11	11	12	11	21	21	22	12	12	12	12	22	12	12	11	22	22	22	22	12	12	11	22	12	12	21	11	22	21	21	21	11	21	11	11	11	12	12	11	22	22	22	12	11	12	12	12	11
32	0	28.237	64.403	12	12	12	12	21	12	12	21	11	12	11	11	12	22	11	22	11	22	22	22	22	11	22	22	12	11	12	12	12	12	12	11	12	11	11	11	21	11	11	21	11	11	12	11	21	21	22	12	12	12	12	22	12	12	11	22	22	22	22	12	12	11	22	12	12	21	11	22	21	21	21	11	21	11	11	11	12	12	11	22	22	22	12	11	12	12	12	11
39	0	28.237	64.403	12	12	12	12	21	12	12	21	11	12	11	11	12	22	11	22	11	22	22	22	22	11	22	22	12	11	12	12	12	12	12	11	12	11	11	11	21	11	11	21	11	11	12	11	21	21	22	12	12	12	12	22	12	12	11	22	22	22	22	12	12	11	22	12	12	21	11	22	21	21	21	11	21	11	11	11	12	12	11	22	22	22	12	11	12	12	12	11
31	0	28.237	64.403	12	12	12	12	21	12	12	21	11	12	11	11	12	22	11	22	11	22	22	22	22	11	22	22	12	11	12	12	12	12	12	11	12	11	11	11	21	11	11	21	11	11	12	11	21	21	22	12	12	12	12	22	12	12	11	22	22	22	22	12	12	11	22	12	12	21	11	22	21	21	21	11	21	11	11	11	12	12	11	22	22	22	12	11	12	12	12	11
29	0	28.237	64.403	12	12	12	12	21	12	12	21	11	12	11	11	12	22	11	22	11	22	22	22	22	11	22	22	12	11	12	12	12	12	12	11	12	11	11	11	21	11	11	21	11	11	12	11	21	21	22	12	12	12	12	22	12	12	11	22	22	22	22	12	12	11	22	12	12	21	11	22	21	21	21	11	21	11	11	11	12	12	11	22	22	22	12	11	12	12	12	11
33	0	28.237	64.403	12	12	12	12	21	12	12	21	11	12	11	11	12	22	11	22	11	22	22	22	22	11	22	22	12	11	12	12	12	12	12	11	12	11	11	11	21	11	11	21	11	11	12	11	21	21	22	12	12	12	12	22	12	12	11	22	22	22	22	12	12	11	22	12	12	21	11	22	21	21	21	11	21	11	11	11	12	12	11	22	22	22	12	11	12	12	12	11
43	0	28.237	64.403	12	12	12	12	21	12	12	21	11	12	11	11	12	22	11	22	11	22	22	22	22	11	22	22	12	11	12	12	12	12	12	11	12	11	11	11	21	11	11	21	11	11	12	11	21	21	22	12	12	12	12	22	12	12	11	22	22	22	22	12	12	11	22	12	12	21	11	22	21	21	21	11	21	11	11	11	12	12	11	22	22	22	12	11	12	12	12	11
45	0	28.237	64.403	12	12	12	12	21	12	12	21	11	12	11	11	12	22	11	22	11	22	22	22	22	11	22	22	12	11	12	12	12	12	12	11	12	11	11	11	21	11	11	21	11	11	12	11	21	21	22	12	12	12	12	22	12	12	11	22	22	22	22	12	12	11	22	12	12	21	11	22	21	21	21	11	21	11	11	11	12	12	11	22	22	22	12	11	12	12	12	11
44	0	28.237	64.403	12	12	12	12	21	12	12	21	11	12	11	11	12	22	11	22	11	22	22	22	22	11	22	22	12	11	12	12	12	12	12	11	12	11	11	11	21	11	11	21	11	11	12	11	21	21	22	12	12	12	12	22	12	12	11	22	22	22	22	12	12	11	22	12	12	21	11	22	21	21	21	11	21	11	11	11	12	12	11	22	22	22	12	11	12	12	12	11
26	0	29.413	65.580	12	12	12	12	21	12	12	21	11	12	11	11	12	22	11	22	11	22	22	22	22	11	22	22	12	11	12	12	12	12	12	11	12	11	11	11	21	11	11	21	11	11	12	11	21	21	22	12	12	12	12	22	12	12	11	22	22	22	22	12	12	11	22	12	12	21	11	22	11	21	21	11	21	11	11	11	12	12	11	22	22	22	12	11	12	12	12	12
20	0	29.413	66.756	12	12	12	12	21	12	12	21	11	12	11	11	12	22	11	22	11	22	22	22	22	11	22	22	12	11	12	12	12	12	12	11	12	11	11	11	21	11	11	21	11	11	12	11	21	21	22	12	12	12	12	22	12	12	11	22	22	22	22	12	12	11	22	12	12	22	11	22	11	21	21	11	21	11	11	11	12	12	11	22	22	22	12	11	12	12	12	12
21	0	29.413	66.756	12	12	12	12	21	12	12	21	11	12	11	11	12	22	11	22	11	22	22	22	22	11	22	22	12	11	12	12	12	12	12	11	12	11	11	11	21	11	11	21	11	11	12	11	21	21	22	12	12	12	12	22	12	12	11	22	22	22	22	12	12	11	22	12	12	22	11	22	11	21	21	11	21	11	11	11	12	12	11	22	22	22	12	11	12	12	12	12
22	0	29.413	66.756	12	12	12	12	21	12	12	21	11	12	11	11	12	22	11	22	11	22	22	22	22	11	22	22	12	11	12	12	12	12	12	11	12	11	11	11	21	11	11	21	11	11	12	11	21	21	22	12	12	12	12	22	12	12	11	22	22	22	22	12	12	11	22	12	12	22	11	22	11	21	21	11	21	11	11	11	12	12	11	22	22	22	12	11	12	12	12	12
25	0	30.590	66.756	12	12	12	12	21	12	12	21	11	12	11	11	12	22	11	22	11	22	22	22	22	11	22	22	12	11	12	12	12	12	12	11	12	11	11	11	21	11	11	21	11	11	12	11	11	21	22	12	12	12	12	22	12	12	11	22	22	22	22	12	12	11	22	12	12	22	11	22	11	21	21	11	21	11	11	11	12	12	11	22	22	22	12	11	12	12	12	12
23	0	30.590	66.756	12	12	12	12	21	12	12	21	11	12	11	11	12	22	11	22	11	22	22	22	22	11	22	22	12	11	12	12	12	12	12	11	12	11	11	11	21	11	11	21	11	11	12	11	11	21	22	12	12	12	12	22	12	12	11	22	22	22	22	12	12	11	22	12	12	22	11	22	11	21	21	11	21	11	11	11	12	12	11	22	22	22	12	11	12	12	12	12
24	0	30.590	66.756	12	12	12	12	21	12	12	21	11	12	11	11	12	22	11	22	11	22	22	22	22	11	22	22	12	11	12	12	12	12	12	11	12	11	11	11	21	11	11	21	11	11	12	11	11	21	22	12	12	12	12	22	12	12	11	22	22	22	22	12	12	11	22	12	12	22	11	22	11	21	21	11	21	11	11	11	12	12	11	22	22	22	12	11	12	12	12	12
19	0	34.206	69.138	12	12	12	12	21	12	11	11	11	12	11	11	12	21	11	22	11	22	22	22	22	11	22	22	12	11	12	12	12	12	12	11	12	11	11	11	21	11	11	21	11	11	12	11	11	21	22	12	22	12	12	22	12	12	11	22	22	22	22	12	12	11	22	22	12	22	11	22	11	21	21	11	21	11	11	11	12	12	11	22	22	22	12	11	12	12	12	12
18	0	34.206	72.754	12	12	12	12	21	12	11	11	11	12	11	12	12	21	11	22	11	22	22	22	22	11	22	22	12	11	12	11	12	12	12	11	12	11	11	11	21	11	11	21	11	11	12	11	11	21	22	12	22	12	12	22	12	12	11	22	22	22	21	12	12	11	22	22	12	22	11	22	11	21	21	11	21	11	11	11	12	12	11	22	22	22	12	11	12	12	12	12
16	0	34.206	73.930	12	12	12	12	21	12	11	11	12	12	11	12	12	21	11	22	11	22	22	22	22	11	22	22	12	11	12	11	12	12	12	11	12	11	11	11	21	11	11	21	11	11	12	11	11	21	22	12	22	12	12	22	12	12	11	22	22	22	21	12	12	11	22	22	12	22	11	22	11	21	21	11	21	11	11	11	12	12	11	22	22	22	12	11	12	12	12	12
15	0	34.206	73.930	12	12	12	12	21	12	11	11	12	12	11	12	12	21	11	22	11	22	22	22	22	11	22	22	12	11	12	11	12	12	12	11	12	11	11	11	21	11	11	21	11	11	12	11	11	21	22	12	22	12	12	22	12	12	11	22	22	22	21	12	12	11	22	22	12	22	11	22	11	21	21	11	21	11	11	11	12	12	11	22	22	22	12	11	12	12	12	12
14	0	34.206	73.930	12	12	12	12	21	12	11	11	12	12	11	12	12	21	11	22	11	22	22	22	22	11	22	22	12	11	12	11	12	12	12	11	12	11	11	11	21	11	11	21	11	11	12	11	11	21	22	12	22	12	12	22	12	12	11	22	22	22	21	12	12	11	22	22	12	22	11	22	11	21	21	11	21	11	11	11	12	12	11	22	22	22	12	11	12	12	12	12
17	0	34.206	75.107	12	12	12	12	21	12	11	11	12	12	11	12	12	21	11	22	11	22	22	22	22	11	22	22	12	11	12	11	12	12	12	11	12	11	11	11	21	11	11	21	11	11	12	11	12	21	22	12	22	12	12	22	12	12	11	22	22	22	21	12	12	11	22	22	12	22	11	22	11	21	21	11	21	11	11	11	12	12	11	22	22	22	12	11	12	12	12	12
13	0	34.206	76.283	12	12	12	12	21	12	11	11	12	12	11	12	12	22	11	22	11	22	22	22	22	11	22	22	12	11	12	11	12	12	12	11	12	11	11	11	21	11	11	21	11	11	12	11	12	21	22	12	22	12	12	22	12	12	11	22	22	22	21	12	12	11	22	22	12	22	11	22	11	21	21	11	21	11	11	11	12	12	11	22	22	22	12	11	12	12	12	12
12	0	34.206	76.283	12	12	12	12	21	12	11	11	12	12	11	12	12	22	11	22	11	22	22	22	22	11	22	22	12	11	12	11	12	12	12	11	12	11	11	11	21	11	11	21	11	11	12	11	12	21	22	12	22	12	12	22	12	12	11	22	22	22	21	12	12	11	22	22	12	22	11	22	11	21	21	11	21	11	11	11	12	12	11	22	22	22	12	11	12	12	12	12
11	0	34.206	76.283	12	12	12	12	21	12	11	11	12	12	11	12	12	22	11	22	11	22	22	22	22	11	22	22	12	11	12	11	12	12	12	11	12	11	11	11	21	11	11	21	11	11	12	11	12	21	22	12	22	12	12	22	12	12	11	22	22	22	21	12	12	11	22	22	12	22	11	22	11	21	21	11	21	11	11	11	12	12	11	22	22	22	12	11	12	12	12	12
8	0	34.206	77.460	12	12	12	12	21	12	11	11	12	12	11	12	12	22	11	22	11	22	22	22	22	11	22	22	12	11	12	11	12	11	12	11	12	11	11	11	21	11	11	21	11	11	12	11	12	21	22	12	22	12	12	22	12	12	11	22	22	22	21	12	12	11	22	22	12	22	11	22	11	21	21	11	21	11	11	11	12	12	11	22	22	22	12	11	12	12	12	12
7	0	34.206	77.460	12	12	12	12	21	12	11	11	12	12	11	12	12	22	11	22	11	22	22	22	22	11	22	22	12	11	12	11	12	11	12	11	12	11	11	11	21	11	11	21	11	11	12	11	12	21	22	12	22	12	12	22	12	12	11	22	22	22	21	12	12	11	22	22	12	22	11	22	11	21	21	11	21	11	11	11	12	12	11	22	22	22	12	11	12	12	12	12
10	0	34.206	77.460	12	12	12	12	21	12	11	11	12	12	11	12	12	22	11	22	11	22	22	22	22	11	22	22	12	11	12	11	12	11	12	11	12	11	11	11	21	11	11	21	11	11	12	11	12	21	22	12	22	12	12	22	12	12	11	22	22	22	21	12	12	11	22	22	12	22	11	22	11	21	21	11	21	11	11	11	12	12	11	22	22	22	12	11	12	12	12	12
9	0	34.206	77.460	12	12	12	12	21	12	11	11	12	12	11	12	12	22	11	22	11	22	22	22	22	11	22	22	12	11	12	11	12	11	12	11	12	11	11	11	21	11	11	21	11	11	12	11	12	21	22	12	22	12	12	22	12	12	11	22	22	22	21	12	12	11	22	22	12	22	11	22	11	21	21	11	21	11	11	11	12	12	11	22	22	22	12	11	12	12	12	12
6	0	34.206	77.460	12	12	12	12	21	12	11	11	12	12	11	12	12	22	11	22	11	22	22	22	22	11	22	22	12	11	12	11	12	11	12	11	12	11	11	11	21	11	11	21	11	11	12	11	12	21	22	12	22	12	12	22	12	12	11	22	22	22	21	12	12	11	22	22	12	22	11	22	11	21	21	11	21	11	11	11	12	12	11	22	22	22	12	11	12	12	12	12
2	0	34.206	78.636	12	12	12	12	21	12	11	11	12	12	11	12	12	22	11	22	11	22	22	22	22	11	22	22	12	11	12	11	12	11	12	11	12	11	11	11	21	11	11	21	11	11	11	11	12	21	22	12	22	12	12	22	12	12	11	22	22	22	21	12	12	11	22	22	12	22	11	22	11	21	21	11	21	11	11	11	12	12	11	22	22	22	12	11	12	12	12	12
3	0	35.382	78.636	12	12	12	12	21	12	11	11	12	12	11	12	12	22	11	22	11	22	22	22	22	11	22	22	12	11	12	11	12	11	12	11	12	11	11	11	21	11	11	21	11	11	11	11	12	21	22	12	22	12	12	22	12	12	11	22	22	22	21	12	12	11	22	22	12	22	11	22	11	21	21	11	21	11	11	11	12	12	11	12	22	22	12	11	12	12	12	12
4	0	35.382	78.636	12	12	12	12	21	12	11	11	12	12	11	12	12	22	11	22	11	22	22	22	22	11	22	22	12	11	12	11	12	11	12	11	12	11	11	11	21	11	11	21	11	11	11	11	12	21	22	12	22	12	12	22	12	12	11	22	22	22	21	12	12	11	22	22	12	22	11	22	11	21	21	11	21	11	11	11	12	12	11	12	22	22	12	11	12	12	12	12
5	0	35.382	78.636	12	12	12	12	21	12	11	11	12	12	11	12	12	22	11	22	11	22	22	22	22	11	22	22	12	11	12	11	12	11	12	11	12	11	11	11	21	11	11	21	11	11	11	11	12	21	22	12	22	12	12	22	12	12	11	22	22	22	21	12	12	11	22	22	12	22	11	22	11	21	21	11	21	11	11	11	12	12	11	12	22	22	12	11	12	12	12	12
1	0	38.998	78.636	12	12	12	12	21	12	11	11	12	12	11	12	12	12	11	22	11	22	12	22	12	11	22	22	12	11	12	11	12	11	12	11	12	11	11	11	21	11	11	21	11	11	11	11	12	21	22	12	22	12	12	22	12	12	11	22	22	22	21	12	12	11	22	22	12	22	11	22	11	21	21	11	21	11	11	11	12	12	11	12	22	22	12	11	12	12	12	12
