MARKER	CHR	MALE_POS	FEMALE_POS	P1xP2	P1xP2	P1xP2	P1xP2	P1xP2	P1xP2	P1xP2	P1xP2	P1xP2	P1xP2	P1xP2	P1xP2	P1xP2	P1xP2	P1xP2	P1xP2	P1xP2	P1xP2	P1xP2	P1xP2	P1xP2	P1xP2	P1xP2	P1xP2	P1xP2	P1xP2	P1xP2	P1xP2	P1xP2	P1xP2	P1xP2	P1xP2	P1xP2	P1xP2	P1xP2	P1xP2	P1xP2	P1xP2	P1xP2	P1xP2	P1xP2	P1xP2	P1xP2	P1xP2	P1xP2	P1xP2	P1xP2	P1xP2	P1xP2	P1xP2	P1xP2	P1xP2	P1xP2	P1xP2	P1xP2	P1xP2	P1xP2	P1xP2	P1xP2	P1xP2	P1xP2	P1xP2	P1xP2	P1xP2	P1xP2	P1xP2	P1xP2	P1xP2	P1xP2	P1xP2	P1xP2	P1xP2	P1xP2	P1xP2	P1xP2	P1xP2	P1xP2	P1xP2	P1xP2	P1xP2	P1xP2	P1xP2	P1xP2	P1xP2	P1xP2	P1xP2	P1xP2	P1xP2
MARKER	CHR	MALE_POS	FEMALE_POS	P1	P2	C1	C2	C3	C4	C5	C6	C7	C8	C9	C10	C11	C12	C13	C14	C15	C16	C17	C18	C19	C20	C21	C22	C23	C24	C25	C26	C27	C28	C29	C30	C31	C32	C33	C34	C35	C36	C37	C38	C39	C40	C41	C42	C43	C44	C45	C46	C47	C48	C49	C50	C51	C52	C53	C54	C55	C56	C57	C58	C59	C60	C61	C62	C63	C64	C65	C66	C67	C68	C69	C70	C71	C72	C73	C74	C75	C76	C77	C78	C79	C80	C81	C82	C83	C84	C85	C86
MARKER	CHR	MALE_POS	FEMALE_POS	0	0	P1	P1	P1	P1	P1	P1	P1	P1	P1	P1	P1	P1	P1	P1	P1	P1	P1	P1	P1	P1	P1	P1	P1	P1	P1	P1	P1	P1	P1	P1	P1	P1	P1	P1	P1	P1	P1	P1	P1	P1	P1	P1	P1	P1	P1	P1	P1	P1	P1	P1	P1	P1	P1	P1	P1	P1	P1	P1	P1	P1	P1	P1	P1	P1	P1	P1	P1	P1	P1	P1	P1	P1	P1	P1	P1	P1	P1	P1	P1	P1	P1	P1	P1	P1	P1	P1
MARKER	CHR	MALE_POS	FEMALE_POS	0	0	P2	P2	P2	P2	P2	P2	P2	P2	P2	P2	P2	P2	P2	P2	P2	P2	P2	P2	P2	P2	P2	P2	P2	P2	P2	P2	P2	P2	P2	P2	P2	P2	P2	P2	P2	P2	P2	P2	P2	P2	P2	P2	P2	P2	P2	P2	P2	P2	P2	P2	P2	P2	P2	P2	P2	P2	P2	P2	P2	P2	P2	P2	P2	P2	P2	P2	P2	P2	P2	P2	P2	P2	P2	P2	P2	P2	P2	P2	P2	P2	P2	P2	P2	P2	P2	P2
MARKER	CHR	MALE_POS	FEMALE_POS	1	2	0	0	0	0	0	0	0	0	0	0	0	0	0	0	0	0	0	0	0	0	0	0	0	0	0	0	0	0	0	0	0	0	0	0	0	0	0	0	0	0	0	0	0	0	0	0	0	0	0	0	0	0	0	0	0	0	0	0	0	0	0	0	0	0	0	0	0	0	0	0	0	0	0	0	0	0	0	0	0	0	0	0	0	0	0	0
MARKER	CHR	MALE_POS	FEMALE_POS	0	0	0	0	0	0	0	0	0	0	0	0	0	0	0	0	0	0	0	0	0	0	0	0	0	0	0	0	0	0	0	0	0	0	0	0	0	0	0	0	0	0	0	0	0	0	0	0	0	0	0	0	0	0	0	0	0	0	0	0	0	0	0	0	0	0	0	0	0	0	0	0	0	0	0	0	0	0	0	0	0	0	0	0	0	0	0	0
88	0	0.000	0.000	12	12	22	22	12	12	21	22	21	21	21	21	21	11	11	12	12	22	21	12	21	11	12	12	22	21	11	11	11	11	21	22	12	11	11	11	12	21	21	21	21	21	11	21	22	12	11	21	21	11	21	12	12	22	21	22	22	11	21	12	11	21	22	21	21	12	12	11	12	12	21	21	22	12	11	22	22	22	12	12	11	12	22	21	21	21	12	21
90	0	0.000	3.616	12	12	22	22	11	12	21	22	21	21	21	21	21	11	11	12	12	21	21	12	21	11	12	12	22	21	11	12	11	11	21	22	12	11	11	11	12	21	21	21	21	21	11	21	22	12	11	21	21	11	21	12	12	22	21	22	22	11	21	12	11	21	22	21	21	12	12	11	12	12	21	21	22	12	11	22	22	22	12	12	11	12	22	21	21	21	12	21
86	0	0.000	3.616	12	12	22	22	11	12	21	22	21	21	21	21	21	11	11	12	12	21	21	12	21	11	12	12	22	21	11	12	11	11	21	22	12	11	11	11	12	21	21	21	21	21	11	21	22	12	11	21	21	11	21	12	12	22	21	22	22	11	21	12	11	21	22	21	21	12	12	11	12	12	21	21	22	12	11	22	22	22	12	12	11	12	22	21	21	21	12	21
85	0	0.000	3.616	12	12	22	22	11	12	21	22	21	21	21	21	21	11	11	12	12	21	21	12	21	11	12	12	22	21	11	12	11	11	21	22	12	11	11	11	12	21	21	21	21	21	11	21	22	12	11	21	21	11	21	12	12	22	21	22	22	11	21	12	11	21	22	21	21	12	12	11	12	12	21	21	22	12	11	22	22	22	12	12	11	12	22	21	21	21	12	21
87	0	0.000	3.616	12	12	22	22	11	12	21	22	21	21	21	21	21	11	11	12	12	21	21	12	21	11	12	12	22	21	11	12	11	11	21	22	12	11	11	11	12	21	21	21	21	21	11	21	22	12	11	21	21	11	21	12	12	22	21	22	22	11	21	12	11	21	22	21	21	12	12	11	12	12	21	21	22	12	11	22	22	22	12	12	11	12	22	21	21	21	12	21
89	0	0.000	3.616	12	12	22	22	11	12	21	22	21	21	21	21	21	11	11	12	12	21	21	12	21	11	12	12	22	21	11	12	11	11	21	22	12	11	11	11	12	21	21	21	21	21	11	21	22	12	11	21	21	11	21	12	12	22	21	22	22	11	21	12	11	21	22	21	21	12	12	11	12	12	21	21	22	12	11	22	22	22	12	12	11	12	22	21	21	21	12	21
81	0	1.177	8.498	12	12	22	22	11	12	21	22	21	21	21	11	21	11	12	12	12	21	21	11	21	11	12	12	22	21	11	12	11	11	21	22	12	11	11	11	12	21	21	21	21	21	11	21	22	12	11	21	21	11	21	12	12	22	21	22	22	11	21	11	11	21	22	21	21	12	12	11	12	12	21	21	22	12	11	22	22	22	12	12	11	12	22	21	21	21	11	21
84	0	1.177	8.498	12	12	22	22	11	12	21	22	21	21	21	11	21	11	12	12	12	21	21	11	21	11	12	12	22	21	11	12	11	11	21	22	12	11	11	11	12	21	21	21	21	21	11	21	22	12	11	21	21	11	21	12	12	22	21	22	22	11	21	11	11	21	22	21	21	12	12	11	12	12	21	21	22	12	11	22	22	22	12	12	11	12	22	21	21	21	11	21
83	0	1.177	9.674	12	12	22	22	11	12	21	21	21	21	21	11	21	11	12	12	12	21	21	11	21	11	12	12	22	21	11	12	11	11	21	22	12	11	11	11	12	21	21	21	21	21	11	21	22	12	11	21	21	11	21	12	12	22	21	22	22	11	21	11	11	21	22	21	21	12	12	11	12	12	21	21	22	12	11	22	22	22	12	12	11	12	22	21	21	21	11	21
82	0	1.177	9.674	12	12	22	22	11	12	21	21	21	21	21	11	21	11	12	12	12	21	21	11	21	11	12	12	22	21	11	12	11	11	21	22	12	11	11	11	12	21	21	21	21	21	11	21	22	12	11	21	21	11	21	12	12	22	21	22	22	11	21	11	11	21	22	21	21	12	12	11	12	12	21	21	22	12	11	22	22	22	12	12	11	12	22	21	21	21	11	21
79	0	2.353	9.674	12	12	22	22	11	12	21	21	21	21	21	11	21	11	12	12	12	21	21	11	21	11	12	12	22	21	11	12	11	11	21	22	12	11	11	11	12	21	21	21	21	21	11	21	22	12	11	21	21	11	21	12	12	22	21	22	22	11	21	11	11	21	22	21	21	12	12	11	12	12	21	21	22	12	11	22	22	22	12	12	11	12	22	21	11	21	11	21
78	0	2.353	9.674	12	12	22	22	11	12	21	21	21	21	21	11	21	11	12	12	12	21	21	11	21	11	12	12	22	21	11	12	11	11	21	22	12	11	11	11	12	21	21	21	21	21	11	21	22	12	11	21	21	11	21	12	12	22	21	22	22	11	21	11	11	21	22	21	21	12	12	11	12	12	21	21	22	12	11	22	22	22	12	12	11	12	22	21	11	21	11	21
80	0	2.353	9.674	12	12	22	22	11	12	21	21	21	21	21	11	21	11	12	12	12	21	21	11	21	11	12	12	22	21	11	12	11	11	21	22	12	11	11	11	12	21	21	21	21	21	11	21	22	12	11	21	21	11	21	12	12	22	21	22	22	11	21	11	11	21	22	21	21	12	12	11	12	12	21	21	22	12	11	22	22	22	12	12	11	12	22	21	11	21	11	21
77	0	2.353	10.851	12	12	22	22	11	12	21	22	21	21	21	11	21	11	12	12	12	21	21	11	21	11	12	12	22	21	11	12	11	11	21	22	12	11	11	11	12	21	21	21	21	21	11	21	22	12	11	21	21	11	21	12	12	22	21	22	22	11	21	11	11	21	22	21	21	12	12	11	12	12	21	21	22	12	11	22	22	22	12	12	11	12	22	21	11	21	11	21
75	0	2.353	10.851	12	12	22	22	11	12	21	22	21	21	21	11	21	11	12	12	12	21	21	11	21	11	12	12	22	21	11	12	11	11	21	22	12	11	11	11	12	21	21	21	21	21	11	21	22	12	11	21	21	11	21	12	12	22	21	22	22	11	21	11	11	21	22	21	21	12	12	11	12	12	21	21	22	12	11	22	22	22	12	12	11	12	22	21	11	21	11	21
74	0	2.353	10.851	12	12	22	22	11	12	21	22	21	21	21	11	21	11	12	12	12	21	21	11	21	11	12	12	22	21	11	12	11	11	21	22	12	11	11	11	12	21	21	21	21	21	11	21	22	12	11	21	21	11	21	12	12	22	21	22	22	11	21	11	11	21	22	21	21	12	12	11	12	12	21	21	22	12	11	22	22	22	12	12	11	12	22	21	11	21	11	21
76	0	2.353	10.851	12	12	22	22	11	12	21	22	21	21	21	11	21	11	12	12	12	21	21	11	21	11	12	12	22	21	11	12	11	11	21	22	12	11	11	11	12	21	21	21	21	21	11	21	22	12	11	21	21	11	21	12	12	22	21	22	22	11	21	11	11	21	22	21	21	12	12	11	12	12	21	21	22	12	11	22	22	22	12	12	11	12	22	21	11	21	11	21
73	0	2.353	10.851	12	12	22	22	11	12	21	22	21	21	21	11	21	11	12	12	12	21	21	11	21	11	12	12	22	21	11	12	11	11	21	22	12	11	11	11	12	21	21	21	21	21	11	21	22	12	11	21	21	11	21	12	12	22	21	22	22	11	21	11	11	21	22	21	21	12	12	11	12	12	21	21	22	12	11	22	22	22	12	12	11	12	22	21	11	21	11	21
72	0	4.734	10.851	12	12	22	22	11	12	21	22	21	21	21	11	21	11	12	12	12	21	21	11	21	11	12	12	22	21	11	12	11	11	21	22	22	11	11	11	12	11	21	21	21	21	11	21	22	12	11	21	21	11	21	12	12	22	21	22	22	11	21	11	11	21	22	21	21	12	12	11	12	12	21	21	22	12	11	22	22	22	12	12	11	12	22	21	11	21	11	21
69	0	4.734	10.851	12	12	22	22	11	12	21	22	21	21	21	11	21	11	12	12	12	21	21	11	21	11	12	12	22	21	11	12	11	11	21	22	22	11	11	11	12	11	21	21	21	21	11	21	22	12	11	21	21	11	21	12	12	22	21	22	22	11	21	11	11	21	22	21	21	12	12	11	12	12	21	21	22	12	11	22	22	22	12	12	11	12	22	21	11	21	11	21
71	0	4.734	10.851	12	12	22	22	11	12	21	22	21	21	21	11	21	11	12	12	12	21	21	11	21	11	12	12	22	21	11	12	11	11	21	22	22	11	11	11	12	11	21	21	21	21	11	21	22	12	11	21	21	11	21	12	12	22	21	22	22	11	21	11	11	21	22	21	21	12	12	11	12	12	21	21	22	12	11	22	22	22	12	12	11	12	22	21	11	21	11	21
70	0	4.734	10.851	12	12	22	22	11	12	21	22	21	21	21	11	21	11	12	12	12	21	21	11	21	11	12	12	22	21	11	12	11	11	21	22	22	11	11	11	12	11	21	21	21	21	11	21	22	12	11	21	21	11	21	12	12	22	21	22	22	11	21	11	11	21	22	21	21	12	12	11	12	12	21	21	22	12	11	22	22	22	12	12	11	12	22	21	11	21	11	21
66	0	5.911	13.232	12	12	22	22	11	12	21	22	21	21	21	11	21	11	12	12	12	21	21	11	21	11	12	12	22	21	11	12	11	11	21	22	22	11	11	11	12	21	22	21	22	21	11	21	22	12	11	21	21	11	21	12	12	22	21	22	22	11	21	11	11	21	22	21	21	12	12	11	12	12	21	21	22	12	11	22	22	22	12	12	11	12	22	21	11	21	11	21
59	0	5.911	13.232	12	12	22	22	11	12	21	22	21	21	21	11	21	11	12	12	12	21	21	11	21	11	12	12	22	21	11	12	11	11	21	22	22	11	11	11	12	21	22	21	22	21	11	21	22	12	11	21	21	11	21	12	12	22	21	22	22	11	21	11	11	21	22	21	21	12	12	11	12	12	21	21	22	12	11	22	22	22	12	12	11	12	22	21	11	21	11	21
63	0	5.911	13.232	12	12	22	22	11	12	21	22	21	21	21	11	21	11	12	12	12	21	21	11	21	11	12	12	22	21	11	12	11	11	21	22	22	11	11	11	12	21	22	21	22	21	11	21	22	12	11	21	21	11	21	12	12	22	21	22	22	11	21	11	11	21	22	21	21	12	12	11	12	12	21	21	22	12	11	22	22	22	12	12	11	12	22	21	11	21	11	21
62	0	5.911	13.232	12	12	22	22	11	12	21	22	21	21	21	11	21	11	12	12	12	21	21	11	21	11	12	12	22	21	11	12	11	11	21	22	22	11	11	11	12	21	22	21	22	21	11	21	22	12	11	21	21	11	21	12	12	22	21	22	22	11	21	11	11	21	22	21	21	12	12	11	12	12	21	21	22	12	11	22	22	22	12	12	11	12	22	21	11	21	11	21
65	0	5.911	13.232	12	12	22	22	11	12	21	22	21	21	21	11	21	11	12	12	12	21	21	11	21	11	12	12	22	21	11	12	11	11	21	22	22	11	11	11	12	21	22	21	22	21	11	21	22	12	11	21	21	11	21	12	12	22	21	22	22	11	21	11	11	21	22	21	21	12	12	11	12	12	21	21	22	12	11	22	22	22	12	12	11	12	22	21	11	21	11	21
64	0	5.911	13.232	12	12	22	22	11	12	21	22	21	21	21	11	21	11	12	12	12	21	21	11	21	11	12	12	22	21	11	12	11	11	21	22	22	11	11	11	12	21	22	21	22	21	11	21	22	12	11	21	21	11	21	12	12	22	21	22	22	11	21	11	11	21	22	21	21	12	12	11	12	12	21	21	22	12	11	22	22	22	12	12	11	12	22	21	11	21	11	21
67	0	5.911	13.232	12	12	22	22	11	12	21	22	21	21	21	11	21	11	12	12	12	21	21	11	21	11	12	12	22	21	11	12	11	11	21	22	22	11	11	11	12	21	22	21	22	21	11	21	22	12	11	21	21	11	21	12	12	22	21	22	22	11	21	11	11	21	22	21	21	12	12	11	12	12	21	21	22	12	11	22	22	22	12	12	11	12	22	21	11	21	11	21
68	0	5.911	15.614	12	12	22	22	11	12	21	22	21	21	21	11	21	11	12	12	12	21	21	11	21	11	12	12	22	21	12	12	11	11	21	22	21	11	11	11	12	21	22	21	22	21	11	21	22	12	11	21	21	11	21	12	12	22	21	22	22	11	21	11	11	21	22	21	21	12	12	11	12	12	21	21	22	12	11	22	22	22	12	12	11	12	22	21	11	21	11	21
60	0	7.088	15.614	12	12	22	22	11	12	21	22	21	11	21	11	21	11	12	12	12	21	21	11	21	11	12	12	22	21	12	12	11	11	21	22	21	11	11	11	12	21	22	21	22	21	11	21	22	12	11	21	21	11	21	12	12	22	21	22	22	11	21	11	11	21	22	21	21	12	12	11	12	12	21	21	22	12	11	22	22	22	12	12	11	12	22	21	11	21	11	21
61	0	7.088	15.614	12	12	22	22	11	12	21	22	21	11	21	11	21	11	12	12	12	21	21	11	21	11	12	12	22	21	12	12	11	11	21	22	21	11	11	11	12	21	22	21	22	21	11	21	22	12	11	21	21	11	21	12	12	22	21	22	22	11	21	11	11	21	22	21	21	12	12	11	12	12	21	21	22	12	11	22	22	22	12	12	11	12	22	21	11	21	11	21
58	0	7.088	17.995	12	12	22	22	11	12	21	22	21	11	21	11	21	11	12	12	12	21	21	11	21	11	12	12	22	21	12	12	12	11	21	22	21	11	11	11	12	21	22	21	22	21	11	21	22	12	11	21	21	11	21	12	12	22	21	22	22	11	21	11	11	21	22	21	22	12	12	11	12	12	21	21	22	12	11	22	22	22	12	12	11	12	22	21	11	21	11	21
57	0	7.088	17.995	12	12	22	22	11	12	21	22	21	11	21	11	21	11	12	12	12	21	21	11	21	11	12	12	22	21	12	12	12	11	21	22	21	11	11	11	12	21	22	21	22	21	11	21	22	12	11	21	21	11	21	12	12	22	21	22	22	11	21	11	11	21	22	21	22	12	12	11	12	12	21	21	22	12	11	22	22	22	12	12	11	12	22	21	11	21	11	21
56	0	7.088	17.995	12	12	22	22	11	12	21	22	21	11	21	11	21	11	12	12	12	21	21	11	21	11	12	12	22	21	12	12	12	11	21	22	21	11	11	11	12	21	22	21	22	21	11	21	22	12	11	21	21	11	21	12	12	22	21	22	22	11	21	11	11	21	22	21	22	12	12	11	12	12	21	21	22	12	11	22	22	22	12	12	11	12	22	21	11	21	11	21
54	0	8.264	17.995	12	12	22	22	11	12	21	22	21	11	21	11	21	11	12	12	12	21	21	11	21	11	12	12	22	21	12	12	12	11	21	22	21	11	11	11	12	21	22	21	22	21	11	21	22	12	11	21	21	11	21	12	12	22	21	22	22	11	21	11	11	21	22	21	12	12	12	11	12	12	21	21	22	12	11	22	22	22	12	12	11	12	22	21	11	21	11	21
55	0	8.264	17.995	12	12	22	22	11	12	21	22	21	11	21	11	21	11	12	12	12	21	21	11	21	11	12	12	22	21	12	12	12	11	21	22	21	11	11	11	12	21	22	21	22	21	11	21	22	12	11	21	21	11	21	12	12	22	21	22	22	11	21	11	11	21	22	21	12	12	12	11	12	12	21	21	22	12	11	22	22	22	12	12	11	12	22	21	11	21	11	21
53	0	9.441	17.995	12	12	22	22	11	12	21	22	21	11	21	11	21	11	12	12	12	21	21	11	21	11	12	12	22	21	12	12	12	11	21	22	21	11	11	11	12	21	22	21	22	21	11	21	22	12	11	21	21	11	21	12	12	22	11	22	22	11	21	11	11	21	22	21	12	12	12	11	12	12	21	21	22	12	11	22	22	22	12	12	11	12	22	21	11	21	11	21
52	0	9.441	17.995	12	12	22	22	11	12	21	22	21	11	21	11	21	11	12	12	12	21	21	11	21	11	12	12	22	21	12	12	12	11	21	22	21	11	11	11	12	21	22	21	22	21	11	21	22	12	11	21	21	11	21	12	12	22	11	22	22	11	21	11	11	21	22	21	12	12	12	11	12	12	21	21	22	12	11	22	22	22	12	12	11	12	22	21	11	21	11	21
49	0	11.822	17.995	12	12	22	22	11	22	21	22	21	11	21	11	21	11	12	12	12	21	21	11	21	11	12	12	12	21	12	12	12	11	21	22	21	11	11	11	12	21	22	21	22	21	11	21	22	12	11	21	21	11	21	12	12	22	11	22	22	11	21	11	11	21	22	21	12	12	12	11	12	12	21	21	22	12	11	22	22	22	12	12	11	12	22	21	11	21	11	21
51	0	11.822	17.995	12	12	22	22	11	22	21	22	21	11	21	11	21	11	12	12	12	21	21	11	21	11	12	12	12	21	12	12	12	11	21	22	21	11	11	11	12	21	22	21	22	21	11	21	22	12	11	21	21	11	21	12	12	22	11	22	22	11	21	11	11	21	22	21	12	12	12	11	12	12	21	21	22	12	11	22	22	22	12	12	11	12	22	21	11	21	11	21
50	0	11.822	17.995	12	12	22	22	11	22	21	22	21	11	21	11	21	11	12	12	12	21	21	11	21	11	12	12	12	21	12	12	12	11	21	22	21	11	11	11	12	21	22	21	22	21	11	21	22	12	11	21	21	11	21	12	12	22	11	22	22	11	21	11	11	21	22	21	12	12	12	11	12	12	21	21	22	12	11	22	22	22	12	12	11	12	22	21	11	21	11	21
46	0	11.822	21.611	12	12	22	22	11	22	21	22	21	11	21	11	21	11	12	12	12	21	21	11	21	11	12	12	12	21	12	12	12	11	21	22	21	11	11	11	12	21	22	21	22	21	11	21	22	12	11	21	21	11	21	12	12	22	11	22	22	11	21	11	12	21	22	21	12	12	12	11	12	12	21	21	22	12	11	22	21	22	11	12	11	12	22	21	11	21	11	21
47	0	11.822	21.611	12	12	22	22	11	22	21	22	21	11	21	11	21	11	12	12	12	21	21	11	21	11	12	12	12	21	12	12	12	11	21	22	21	11	11	11	12	21	22	21	22	21	11	21	22	12	11	21	21	11	21	12	12	22	11	22	22	11	21	11	12	21	22	21	12	12	12	11	12	12	21	21	22	12	11	22	21	22	11	12	11	12	22	21	11	21	11	21
48	0	11.822	21.611	12	12	22	22	11	22	21	22	21	11	21	11	21	11	12	12	12	21	21	11	21	11	12	12	12	21	12	12	12	11	21	22	21	11	11	11	12	21	22	21	22	21	11	21	22	12	11	21	21	11	21	12	12	22	11	22	22	11	21	11	12	21	22	21	12	12	12	11	12	12	21	21	22	12	11	22	21	22	11	12	11	12	22	21	11	21	11	21
44	0	11.822	25.227	12	12	22	22	11	22	21	22	21	11	21	11	21	11	12	12	12	21	22	11	21	11	12	12	12	21	12	12	12	11	21	22	21	12	11	11	12	21	22	21	22	21	11	21	22	12	11	21	21	11	21	12	12	22	12	22	22	11	21	11	12	21	22	21	12	12	12	11	12	12	21	21	22	12	11	22	21	22	11	12	11	12	22	21	11	21	11	21
45	0	11.822	25.227	12	12	22	22	11	22	21	22	21	11	21	11	21	11	12	12	12	21	22	11	21	11	12	12	12	21	12	12	12	11	21	22	21	12	11	11	12	21	22	21	22	21	11	21	22	12	11	21	21	11	21	12	12	22	12	22	22	11	21	11	12	21	22	21	12	12	12	11	12	12	21	21	22	12	11	22	21	22	11	12	11	12	22	21	11	21	11	21
42	0	12.998	26.404	12	12	22	22	11	22	21	22	21	11	21	11	21	11	12	12	12	21	12	11	21	11	12	12	12	21	12	12	12	11	21	22	21	12	11	11	12	21	22	21	22	21	11	21	22	12	11	21	21	11	21	12	12	22	12	22	22	11	21	11	12	21	22	21	12	12	12	11	12	12	21	21	22	12	12	22	21	22	11	12	11	12	22	21	11	21	11	21
43	0	12.998	26.404	12	12	22	22	11	22	21	22	21	11	21	11	21	11	12	12	12	21	12	11	21	11	12	12	12	21	12	12	12	11	21	22	21	12	11	11	12	21	22	21	22	21	11	21	22	12	11	21	21	11	21	12	12	22	12	22	22	11	21	11	12	21	22	21	12	12	12	11	12	12	21	21	22	12	12	22	21	22	11	12	11	12	22	21	11	21	11	21
36	0	12.998	27.580	12	12	22	22	11	22	21	22	21	11	21	11	21	11	12	12	12	21	12	11	21	11	12	12	12	21	12	12	12	11	21	22	21	12	11	11	12	21	22	21	22	21	11	21	22	12	11	21	21	11	21	12	12	22	12	22	22	11	21	11	12	21	22	21	12	12	12	11	12	12	21	21	22	12	12	22	21	21	11	12	11	12	22	21	11	21	11	21
38	0	12.998	27.580	12	12	22	22	11	22	21	22	21	11	21	11	21	11	12	12	12	21	12	11	21	11	12	12	12	21	12	12	12	11	21	22	21	12	11	11	12	21	22	21	22	21	11	21	22	12	11	21	21	11	21	12	12	22	12	22	22	11	21	11	12	21	22	21	12	12	12	11	12	12	21	21	22	12	12	22	21	21	11	12	11	12	22	21	11	21	11	21
41	0	12.998	27.580	12	12	22	22	11	22	21	22	21	11	21	11	21	11	12	12	12	21	12	11	21	11	12	12	12	21	12	12	12	11	21	22	21	12	11	11	12	21	22	21	22	21	11	21	22	12	11	21	21	11	21	12	12	22	12	22	22	11	21	11	12	21	22	21	12	12	12	11	12	12	21	21	22	12	12	22	21	21	11	12	11	12	22	21	11	21	11	21
37	0	12.998	27.580	12	12	22	22	11	22	21	22	21	11	21	11	21	11	12	12	12	21	12	11	21	11	12	12	12	21	12	12	12	11	21	22	21	12	11	11	12	21	22	21	22	21	11	21	22	12	11	21	21	11	21	12	12	22	12	22	22	11	21	11	12	21	22	21	12	12	12	11	12	12	21	21	22	12	12	22	21	21	11	12	11	12	22	21	11	21	11	21
40	0	12.998	29.962	12	12	22	22	11	22	21	22	21	12	22	11	21	11	12	12	12	21	12	11	21	11	12	12	12	21	12	12	12	11	21	22	21	12	11	11	12	21	22	21	22	21	11	21	22	12	11	21	21	11	21	12	12	22	12	22	22	11	21	11	12	21	22	21	12	12	12	11	12	12	21	21	22	12	12	22	21	21	11	12	11	12	22	21	11	21	11	21
39	0	12.998	29.962	12	12	22	22	11	22	21	22	21	12	22	11	21	11	12	12	12	21	12	11	21	11	12	12	12	21	12	12	12	11	21	22	21	12	11	11	12	21	22	21	22	21	11	21	22	12	11	21	21	11	21	12	12	22	12	22	22	11	21	11	12	21	22	21	12	12	12	11	12	12	21	21	22	12	12	22	21	21	11	12	11	12	22	21	11	21	11	21
35	0	16.615	29.962	12	12	22	22	11	22	21	22	21	12	12	11	21	11	12	12	12	21	12	11	21	11	12	12	12	21	12	12	12	11	21	22	21	12	11	11	12	21	12	21	12	21	11	21	22	12	11	21	21	11	21	12	12	22	12	22	22	11	21	11	12	21	22	21	12	12	12	11	12	12	21	21	22	12	12	22	21	21	11	12	11	12	22	21	11	21	11	21
33	0	16.615	33.578	12	12	22	22	11	22	21	22	21	12	12	11	21	11	12	12	12	21	12	11	21	11	12	12	12	21	12	12	12	11	21	22	21	12	11	11	12	22	12	21	12	21	11	21	22	12	12	21	21	11	21	12	12	22	12	22	22	11	21	11	12	21	22	21	12	12	12	11	12	12	21	21	22	12	12	22	21	21	11	12	11	11	22	21	11	21	11	21
34	0	16.615	34.754	12	12	22	22	11	21	21	22	21	12	12	11	21	11	12	12	12	21	12	11	21	11	12	12	12	21	12	12	12	11	21	22	21	12	11	11	12	22	12	21	12	21	11	21	22	12	12	21	21	11	21	12	12	22	12	22	22	11	21	11	12	21	22	21	12	12	12	11	12	12	21	21	22	12	12	22	21	21	11	12	11	11	22	21	11	21	11	21
32	0	16.615	35.931	12	12	22	22	11	21	21	22	21	12	12	12	21	11	12	12	12	21	12	11	21	11	12	12	12	21	12	12	12	11	21	22	21	12	11	11	12	22	12	21	12	21	11	21	22	12	12	21	21	11	21	12	12	22	12	22	22	11	21	11	12	21	22	21	12	12	12	11	12	12	21	21	22	12	12	22	21	21	11	12	11	11	22	21	11	21	11	21
30	0	18.996	37.107	12	12	22	22	11	21	21	22	21	12	12	12	21	11	12	12	12	21	12	11	21	11	12	12	12	21	12	12	12	12	21	22	21	12	11	11	12	22	12	21	12	21	11	11	22	12	12	21	21	11	21	12	12	22	12	22	22	11	21	11	12	21	22	21	12	12	12	11	12	12	21	11	22	12	12	22	21	21	11	12	11	11	22	21	11	21	11	21
29	0	18.996	39.489	12	12	22	22	11	21	22	22	21	12	12	12	21	11	12	12	12	21	12	11	22	11	12	12	12	21	12	12	12	12	21	22	21	12	11	11	12	22	12	21	12	21	11	11	22	12	12	21	21	11	21	12	12	22	12	22	22	11	21	11	12	21	22	21	12	12	12	11	12	12	21	11	22	12	12	22	21	21	11	12	11	11	22	21	11	21	11	21
28	0	18.996	39.489	12	12	22	22	11	21	22	22	21	12	12	12	21	11	12	12	12	21	12	11	22	11	12	12	12	21	12	12	12	12	21	22	21	12	11	11	12	22	12	21	12	21	11	11	22	12	12	21	21	11	21	12	12	22	12	22	22	11	21	11	12	21	22	21	12	12	12	11	12	12	21	11	22	12	12	22	21	21	11	12	11	11	22	21	11	21	11	21
31	0	21.377	39.489	12	12	22	22	11	21	22	22	21	12	12	12	21	11	12	12	12	21	12	11	12	11	12	12	12	21	12	12	12	12	21	22	21	12	11	11	12	22	12	21	12	21	11	11	22	12	12	21	21	11	21	12	12	22	12	22	22	11	21	11	12	11	22	21	12	12	12	11	12	12	21	11	22	12	12	22	21	21	11	12	11	11	22	21	11	21	11	21
27	0	21.377	39.489	12	12	22	22	11	21	22	22	21	12	12	12	21	11	12	12	12	21	12	11	12	11	12	12	12	21	12	12	12	12	21	22	21	12	11	11	12	22	12	21	12	21	11	11	22	12	12	21	21	11	21	12	12	22	12	22	22	11	21	11	12	11	22	21	12	12	12	11	12	12	21	11	22	12	12	22	21	21	11	12	11	11	22	21	11	21	11	21
26	0	21.377	43.105	12	12	22	22	11	21	22	22	21	12	12	12	21	11	12	12	12	21	12	11	12	12	12	12	12	21	12	12	12	12	21	22	21	12	11	11	12	22	12	21	12	21	11	11	22	12	12	21	21	11	21	12	11	22	12	22	22	12	21	11	12	11	22	21	12	12	12	11	12	12	21	11	22	12	12	22	21	21	11	12	11	11	22	21	11	21	11	21
22	0	22.554	43.105	12	12	22	22	11	21	22	22	21	12	12	12	21	11	12	12	12	21	12	11	12	12	12	12	12	21	12	12	12	12	21	22	21	12	11	11	12	22	12	21	12	21	11	11	22	12	12	21	21	11	21	12	11	22	12	22	22	12	21	11	12	11	22	21	12	12	12	21	12	12	21	11	22	12	12	22	21	21	11	12	11	11	22	21	11	21	11	21
23	0	22.554	43.105	12	12	22	22	11	21	22	22	21	12	12	12	21	11	12	12	12	21	12	11	12	12	12	12	12	21	12	12	12	12	21	22	21	12	11	11	12	22	12	21	12	21	11	11	22	12	12	21	21	11	21	12	11	22	12	22	22	12	21	11	12	11	22	21	12	12	12	21	12	12	21	11	22	12	12	22	21	21	11	12	11	11	22	21	11	21	11	21
24	0	23.730	46.721	12	12	22	22	11	22	22	22	21	12	12	12	21	11	12	12	12	11	12	11	12	12	12	12	12	21	12	12	12	12	22	22	21	12	11	11	12	22	12	21	12	21	11	11	21	12	12	21	21	11	21	12	11	22	12	22	22	12	21	11	12	11	22	21	12	12	12	21	12	12	21	11	22	12	12	22	21	21	11	12	11	11	22	21	11	21	11	21
25	0	23.730	47.897	12	12	22	22	11	22	22	22	21	12	12	12	21	11	12	12	12	11	12	11	12	12	12	12	12	21	12	12	12	12	22	22	21	12	11	11	12	22	12	21	12	21	11	11	21	12	12	21	21	11	21	12	11	22	12	22	22	12	21	11	12	11	22	21	12	12	11	21	12	12	21	11	22	12	12	22	21	21	11	12	11	11	22	21	11	21	11	21
19	0	29.911	55.411	12	12	22	22	11	22	12	22	21	12	12	12	21	11	12	12	12	11	12	11	12	12	12	12	22	21	12	12	12	12	12	22	21	12	11	11	12	22	12	21	12	22	11	11	21	12	12	22	21	11	21	12	11	22	12	21	21	12	21	11	22	11	22	21	12	12	11	21	12	12	21	12	21	12	12	22	21	11	11	12	11	11	22	21	11	21	11	21
21	0	29.911	55.411	12	12	22	22	11	22	12	22	21	12	12	12	21	11	12	12	12	11	12	11	12	12	12	12	22	21	12	12	12	12	12	22	21	12	11	11	12	22	12	21	12	22	11	11	21	12	12	22	21	11	21	12	11	22	12	21	21	12	21	11	22	11	22	21	12	12	11	21	12	12	21	12	21	12	12	22	21	11	11	12	11	11	22	21	11	21	11	21
17	0	29.911	55.411	12	12	22	22	11	22	12	22	21	12	12	12	21	11	12	12	12	11	12	11	12	12	12	12	22	21	12	12	12	12	12	22	21	12	11	11	12	22	12	21	12	22	11	11	21	12	12	22	21	11	21	12	11	22	12	21	21	12	21	11	22	11	22	21	12	12	11	21	12	12	21	12	21	12	12	22	21	11	11	12	11	11	22	21	11	21	11	21
20	0	29.911	55.411	12	12	22	22	11	22	12	22	21	12	12	12	21	11	12	12	12	11	12	11	12	12	12	12	22	21	12	12	12	12	12	22	21	12	11	11	12	22	12	21	12	22	11	11	21	12	12	22	21	11	21	12	11	22	12	21	21	12	21	11	22	11	22	21	12	12	11	21	12	12	21	12	21	12	12	22	21	11	11	12	11	11	22	21	11	21	11	21
18	0	29.911	55.411	12	12	22	22	11	22	12	22	21	12	12	12	21	11	12	12	12	11	12	11	12	12	12	12	22	21	12	12	12	12	12	22	21	12	11	11	12	22	12	21	12	22	11	11	21	12	12	22	21	11	21	12	11	22	12	21	21	12	21	11	22	11	22	21	12	12	11	21	12	12	21	12	21	12	12	22	21	11	11	12	11	11	22	21	11	21	11	21
14	0	34.793	60.293	12	12	22	22	11	22	12	22	21	12	12	12	21	11	12	12	12	11	12	11	12	12	12	11	21	22	12	12	12	12	12	22	21	12	11	11	12	12	12	21	12	22	11	11	21	12	12	12	21	11	21	12	11	21	12	21	21	12	21	11	22	11	22	21	12	12	11	21	12	12	21	12	21	12	22	22	21	11	11	12	11	11	22	21	11	21	11	11
15	0	37.174	60.293	12	12	22	22	11	22	12	12	21	12	12	12	21	11	12	12	12	11	12	11	12	22	12	11	21	22	12	12	12	12	12	22	21	12	11	11	12	12	12	21	12	22	11	11	21	12	12	12	21	11	21	12	11	21	12	21	21	12	21	11	22	11	22	21	12	12	11	21	12	12	21	12	21	12	22	22	21	11	11	12	11	11	22	21	11	21	11	11
16	0	37.174	60.293	12	12	22	22	11	22	12	12	21	12	12	12	21	11	12	12	12	11	12	11	12	22	12	11	21	22	12	12	12	12	12	22	21	12	11	11	12	12	12	21	12	22	11	11	21	12	12	12	21	11	21	12	11	21	12	21	21	12	21	11	22	11	22	21	12	12	11	21	12	12	21	12	21	12	22	22	21	11	11	12	11	11	22	21	11	21	11	11
13	0	44.689	67.807	12	12	21	21	11	12	12	12	21	12	12	12	11	11	12	12	12	11	12	11	12	22	11	11	21	22	12	12	12	12	12	22	21	12	11	11	12	12	12	21	12	22	11	11	21	12	12	12	11	11	21	12	11	21	12	21	11	12	21	11	22	11	21	22	12	12	11	21	12	12	22	12	11	12	22	22	21	11	11	12	11	11	22	11	11	21	11	11
12	0	45.865	68.984	12	12	21	21	11	12	12	12	21	12	12	12	11	11	12	12	12	11	12	11	12	22	11	11	21	22	12	12	12	12	12	22	21	12	11	11	12	12	12	21	12	22	11	11	21	12	12	12	11	11	21	12	11	21	12	21	11	12	21	11	22	12	21	22	12	12	11	21	12	12	22	12	11	12	22	22	21	11	11	12	11	11	22	11	11	11	11	11
11	0	45.865	68.984	12	12	21	21	11	12	12	12	21	12	12	12	11	11	12	12	12	11	12	11	12	22	11	11	21	22	12	12	12	12	12	22	21	12	11	11	12	12	12	21	12	22	11	11	21	12	12	12	11	11	21	12	11	21	12	21	11	12	21	11	22	12	21	22	12	12	11	21	12	12	22	12	11	12	22	22	21	11	11	12	11	11	22	11	11	11	11	11
10	0	48.246	71.365	12	12	21	21	11	12	12	12	21	12	12	12	11	11	12	12	12	11	12	11	12	22	11	11	21	22	12	12	12	12	12	22	11	12	11	11	12	12	12	21	12	22	11	12	21	12	12	12	11	11	21	12	11	21	12	21	11	12	21	11	22	12	21	22	12	12	11	21	12	12	12	12	11	12	22	22	21	11	11	12	11	11	22	11	11	12	11	11
5	0	54.427	87.726	12	12	11	21	11	12	12	12	21	12	12	12	12	11	12	12	11	11	12	11	12	22	11	11	11	22	12	12	22	12	12	21	11	22	11	11	11	12	12	22	12	12	11	12	21	12	12	12	11	11	22	11	11	21	12	21	11	12	22	11	22	12	21	22	12	11	11	21	12	12	12	12	11	12	22	22	21	11	11	12	12	11	22	11	12	12	11	12
4	0	54.427	87.726	12	12	11	21	11	12	12	12	21	12	12	12	12	11	12	12	11	11	12	11	12	22	11	11	11	22	12	12	22	12	12	21	11	22	11	11	11	12	12	22	12	12	11	12	21	12	12	12	11	11	22	11	11	21	12	21	11	12	22	11	22	12	21	22	12	11	11	21	12	12	12	12	11	12	22	22	21	11	11	12	12	11	22	11	12	12	11	12
9	0	55.604	87.726	12	12	11	11	11	12	12	12	21	12	12	12	12	11	12	12	11	11	12	11	12	22	11	11	11	22	12	12	22	12	12	21	11	22	11	11	11	12	12	22	12	12	11	12	21	12	12	12	11	11	22	11	11	21	12	21	11	12	22	11	22	12	21	22	12	11	11	21	12	12	12	12	11	12	22	22	21	11	11	12	12	11	22	11	12	12	11	12
2	0	55.604	90.107	12	12	11	11	11	12	12	12	22	12	12	12	12	11	12	12	11	11	12	11	12	22	11	11	11	22	12	12	22	12	12	21	11	22	11	11	11	12	12	22	12	12	11	12	21	12	12	12	11	11	22	11	11	21	12	21	11	12	22	11	22	12	21	22	12	11	11	22	12	12	12	12	11	12	22	22	21	11	11	12	12	11	22	11	12	12	11	12
1	0	55.604	91.284	12	12	11	11	11	12	12	12	22	12	12	12	12	11	12	12	11	11	12	11	12	22	11	11	11	22	12	12	22	12	12	21	11	22	11	11	11	12	12	22	12	12	11	12	21	12	12	12	12	11	22	11	11	21	12	21	11	12	22	11	22	12	21	22	12	11	11	22	12	12	12	12	11	12	22	22	21	11	11	12	12	11	22	11	12	12	11	12
3	0	55.604	92.461	12	12	11	11	11	12	12	12	22	12	12	12	12	11	12	12	11	11	12	11	12	22	11	11	11	22	12	12	22	12	12	21	11	22	11	11	11	12	12	22	12	12	11	12	22	12	12	12	12	11	22	11	11	21	12	21	11	12	22	11	22	12	21	22	12	11	11	22	12	12	12	12	11	12	22	22	21	11	11	12	12	11	22	11	12	12	11	12
6	0	59.220	93.637	12	12	11	11	11	12	12	12	12	12	12	12	12	11	12	12	11	11	12	11	12	22	11	11	11	22	12	12	22	12	12	21	11	22	11	11	11	22	12	22	12	12	11	12	22	12	12	12	12	11	22	11	11	21	12	21	11	12	22	11	22	12	21	22	12	11	11	12	12	12	12	12	11	12	22	22	21	11	11	12	12	11	22	12	12	12	11	12
8	0	59.220	93.637	12	12	11	11	11	12	12	12	12	12	12	12	12	11	12	12	11	11	12	11	12	22	11	11	11	22	12	12	22	12	12	21	11	22	11	11	11	22	12	22	12	12	11	12	22	12	12	12	12	11	22	11	11	21	12	21	11	12	22	11	22	12	21	22	12	11	11	12	12	12	12	12	11	12	22	22	21	11	11	12	12	11	22	12	12	12	11	12
7	0	59.220	93.637	12	12	11	11	11	12	12	12	12	12	12	12	12	11	12	12	11	11	12	11	12	22	11	11	11	22	12	12	22	12	12	21	11	22	11	11	11	22	12	22	12	12	11	12	22	12	12	12	12	11	22	11	11	21	12	21	11	12	22	11	22	12	21	22	12	11	11	12	12	12	12	12	11	12	22	22	21	11	11	12	12	11	22	12	12	12	11	12
