MARKER	CHR	MALE_POS	FEMALE_POS	P1xP2	P1xP2	P1xP2	P1xP2	P1xP2	P1xP2	P1xP2	P1xP2	P1xP2	P1xP2	P1xP2	P1xP2	P1xP2	P1xP2	P1xP2	P1xP2	P1xP2	P1xP2	P1xP2	P1xP2	P1xP2	P1xP2	P1xP2	P1xP2	P1xP2	P1xP2	P1xP2	P1xP2	P1xP2	P1xP2	P1xP2	P1xP2	P1xP2	P1xP2	P1xP2	P1xP2	P1xP2	P1xP2	P1xP2	P1xP2	P1xP2	P1xP2	P1xP2	P1xP2	P1xP2	P1xP2	P1xP2	P1xP2	P1xP2	P1xP2	P1xP2	P1xP2	P1xP2	P1xP2	P1xP2	P1xP2	P1xP2	P1xP2	P1xP2	P1xP2	P1xP2	P1xP2	P1xP2	P1xP2	P1xP2	P1xP2	P1xP2	P1xP2	P1xP2	P1xP2	P1xP2	P1xP2	P1xP2	P1xP2	P1xP2	P1xP2	P1xP2	P1xP2	P1xP2	P1xP2	P1xP2	P1xP2	P1xP2	P1xP2	P1xP2	P1xP2	P1xP2	P1xP2
MARKER	CHR	MALE_POS	FEMALE_POS	P1	P2	C1	C2	C3	C4	C5	C6	C7	C8	C9	C10	C11	C12	C13	C14	C15	C16	C17	C18	C19	C20	C21	C22	C23	C24	C25	C26	C27	C28	C29	C30	C31	C32	C33	C34	C35	C36	C37	C38	C39	C40	C41	C42	C43	C44	C45	C46	C47	C48	C49	C50	C51	C52	C53	C54	C55	C56	C57	C58	C59	C60	C61	C62	C63	C64	C65	C66	C67	C68	C69	C70	C71	C72	C73	C74	C75	C76	C77	C78	C79	C80	C81	C82	C83	C84	C85	C86
MARKER	CHR	MALE_POS	FEMALE_POS	0	0	P1	P1	P1	P1	P1	P1	P1	P1	P1	P1	P1	P1	P1	P1	P1	P1	P1	P1	P1	P1	P1	P1	P1	P1	P1	P1	P1	P1	P1	P1	P1	P1	P1	P1	P1	P1	P1	P1	P1	P1	P1	P1	P1	P1	P1	P1	P1	P1	P1	P1	P1	P1	P1	P1	P1	P1	P1	P1	P1	P1	P1	P1	P1	P1	P1	P1	P1	P1	P1	P1	P1	P1	P1	P1	P1	P1	P1	P1	P1	P1	P1	P1	P1	P1	P1	P1
MARKER	CHR	MALE_POS	FEMALE_POS	0	0	P2	P2	P2	P2	P2	P2	P2	P2	P2	P2	P2	P2	P2	P2	P2	P2	P2	P2	P2	P2	P2	P2	P2	P2	P2	P2	P2	P2	P2	P2	P2	P2	P2	P2	P2	P2	P2	P2	P2	P2	P2	P2	P2	P2	P2	P2	P2	P2	P2	P2	P2	P2	P2	P2	P2	P2	P2	P2	P2	P2	P2	P2	P2	P2	P2	P2	P2	P2	P2	P2	P2	P2	P2	P2	P2	P2	P2	P2	P2	P2	P2	P2	P2	P2	P2	P2
MARKER	CHR	MALE_POS	FEMALE_POS	1	2	0	0	0	0	0	0	0	0	0	0	0	0	0	0	0	0	0	0	0	0	0	0	0	0	0	0	0	0	0	0	0	0	0	0	0	0	0	0	0	0	0	0	0	0	0	0	0	0	0	0	0	0	0	0	0	0	0	0	0	0	0	0	0	0	0	0	0	0	0	0	0	0	0	0	0	0	0	0	0	0	0	0	0	0	0	0
MARKER	CHR	MALE_POS	FEMALE_POS	0	0	0	0	0	0	0	0	0	0	0	0	0	0	0	0	0	0	0	0	0	0	0	0	0	0	0	0	0	0	0	0	0	0	0	0	0	0	0	0	0	0	0	0	0	0	0	0	0	0	0	0	0	0	0	0	0	0	0	0	0	0	0	0	0	0	0	0	0	0	0	0	0	0	0	0	0	0	0	0	0	0	0	0	0	0	0	0
6	0	0.000	0.000	12	12	11	21	11	21	22	11	11	22	22	22	22	22	12	21	22	11	12	21	21	22	22	22	21	21	11	21	22	12	12	21	21	21	11	22	22	21	11	12	11	11	22	12	22	12	12	11	11	21	11	22	21	21	21	22	22	11	22	22	12	11	22	22	11	11	11	11	21	21	21	22	11	21	11	21	21	22	11	11	12	11	22	12	12	22	11	12
4	0	0.000	0.000	12	12	11	21	11	21	22	11	11	22	22	22	22	22	12	21	22	11	12	21	21	22	22	22	21	21	11	21	22	12	12	21	21	21	11	22	22	21	11	12	11	11	22	12	22	12	12	11	11	21	11	22	21	21	21	22	22	11	22	22	12	11	22	22	11	11	11	11	21	21	21	22	11	21	11	21	21	22	11	11	12	11	22	12	12	22	11	12
5	0	0.000	0.000	12	12	11	21	11	21	22	11	11	22	22	22	22	22	12	21	22	11	12	21	21	22	22	22	21	21	11	21	22	12	12	21	21	21	11	22	22	21	11	12	11	11	22	12	22	12	12	11	11	21	11	22	21	21	21	22	22	11	22	22	12	11	22	22	11	11	11	11	21	21	21	22	11	21	11	21	21	22	11	11	12	11	22	12	12	22	11	12
3	0	0.000	1.177	12	12	11	21	11	21	22	11	11	22	22	22	22	22	12	21	22	11	12	21	21	22	22	22	21	21	11	21	22	12	12	21	21	21	11	22	22	21	11	12	11	11	22	12	22	12	12	11	11	21	11	22	21	21	21	22	22	11	22	22	12	11	22	21	11	11	11	11	21	21	21	22	11	21	11	21	21	22	11	11	12	11	22	12	12	22	11	12
2	0	1.177	3.558	12	12	11	11	11	21	22	11	11	22	22	22	22	22	12	21	22	11	12	21	21	21	22	22	21	21	11	21	22	12	12	21	21	21	11	21	22	21	11	12	11	11	22	12	22	12	12	11	11	21	11	22	21	21	21	22	22	11	22	22	12	11	22	21	11	11	11	11	21	21	21	22	11	21	11	21	21	22	11	11	12	11	22	12	12	22	11	12
7	0	1.177	3.558	12	12	11	11	11	21	22	11	11	22	22	22	22	22	12	21	22	11	12	21	21	21	22	22	21	21	11	21	22	12	12	21	21	21	11	21	22	21	11	12	11	11	22	12	22	12	12	11	11	21	11	22	21	21	21	22	22	11	22	22	12	11	22	21	11	11	11	11	21	21	21	22	11	21	11	21	21	22	11	11	12	11	22	12	12	22	11	12
9	0	1.177	4.734	12	12	11	11	11	21	22	11	11	21	22	22	22	22	12	21	22	11	12	21	21	21	22	22	21	21	11	21	22	12	12	21	21	21	11	21	22	21	11	12	11	11	22	12	22	12	12	11	11	21	11	22	21	21	21	22	22	11	22	22	12	11	22	21	11	11	11	11	21	21	21	22	11	21	11	21	21	22	11	11	12	11	22	12	12	22	11	12
10	0	1.177	4.734	12	12	11	11	11	21	22	11	11	21	22	22	22	22	12	21	22	11	12	21	21	21	22	22	21	21	11	21	22	12	12	21	21	21	11	21	22	21	11	12	11	11	22	12	22	12	12	11	11	21	11	22	21	21	21	22	22	11	22	22	12	11	22	21	11	11	11	11	21	21	21	22	11	21	11	21	21	22	11	11	12	11	22	12	12	22	11	12
1	0	1.177	4.734	12	12	11	11	11	21	22	11	11	21	22	22	22	22	12	21	22	11	12	21	21	21	22	22	21	21	11	21	22	12	12	21	21	21	11	21	22	21	11	12	11	11	22	12	22	12	12	11	11	21	11	22	21	21	21	22	22	11	22	22	12	11	22	21	11	11	11	11	21	21	21	22	11	21	11	21	21	22	11	11	12	11	22	12	12	22	11	12
8	0	1.177	4.734	12	12	11	11	11	21	22	11	11	21	22	22	22	22	12	21	22	11	12	21	21	21	22	22	21	21	11	21	22	12	12	21	21	21	11	21	22	21	11	12	11	11	22	12	22	12	12	11	11	21	11	22	21	21	21	22	22	11	22	22	12	11	22	21	11	11	11	11	21	21	21	22	11	21	11	21	21	22	11	11	12	11	22	12	12	22	11	12
12	0	1.177	4.734	12	12	11	11	11	21	22	11	11	21	22	22	22	22	12	21	22	11	12	21	21	21	22	22	21	21	11	21	22	12	12	21	21	21	11	21	22	21	11	12	11	11	22	12	22	12	12	11	11	21	11	22	21	21	21	22	22	11	22	22	12	11	22	21	11	11	11	11	21	21	21	22	11	21	11	21	21	22	11	11	12	11	22	12	12	22	11	12
11	0	1.177	4.734	12	12	11	11	11	21	22	11	11	21	22	22	22	22	12	21	22	11	12	21	21	21	22	22	21	21	11	21	22	12	12	21	21	21	11	21	22	21	11	12	11	11	22	12	22	12	12	11	11	21	11	22	21	21	21	22	22	11	22	22	12	11	22	21	11	11	11	11	21	21	21	22	11	21	11	21	21	22	11	11	12	11	22	12	12	22	11	12
15	0	2.353	5.911	12	12	11	11	11	21	22	21	12	21	22	22	22	22	12	21	22	11	12	21	21	21	22	22	21	21	11	21	22	12	12	21	21	21	11	21	22	21	11	12	11	11	22	12	22	12	12	11	11	21	11	22	21	21	21	22	22	11	22	22	12	11	22	21	11	11	11	11	21	21	21	22	11	21	11	21	21	22	11	11	12	11	22	12	12	22	11	12
14	0	2.353	5.911	12	12	11	11	11	21	22	21	12	21	22	22	22	22	12	21	22	11	12	21	21	21	22	22	21	21	11	21	22	12	12	21	21	21	11	21	22	21	11	12	11	11	22	12	22	12	12	11	11	21	11	22	21	21	21	22	22	11	22	22	12	11	22	21	11	11	11	11	21	21	21	22	11	21	11	21	21	22	11	11	12	11	22	12	12	22	11	12
13	0	2.353	5.911	12	12	11	11	11	21	22	21	12	21	22	22	22	22	12	21	22	11	12	21	21	21	22	22	21	21	11	21	22	12	12	21	21	21	11	21	22	21	11	12	11	11	22	12	22	12	12	11	11	21	11	22	21	21	21	22	22	11	22	22	12	11	22	21	11	11	11	11	21	21	21	22	11	21	11	21	21	22	11	11	12	11	22	12	12	22	11	12
18	0	2.353	7.088	12	12	11	11	11	21	22	21	12	21	22	22	22	22	12	21	22	11	12	21	21	21	22	22	21	21	11	22	22	12	12	21	21	21	11	21	22	21	11	12	11	11	22	12	22	12	12	11	11	21	11	22	21	21	21	22	22	11	22	22	12	11	22	21	11	11	11	11	21	21	21	22	11	21	11	21	21	22	11	11	12	11	22	12	12	22	11	12
17	0	2.353	7.088	12	12	11	11	11	21	22	21	12	21	22	22	22	22	12	21	22	11	12	21	21	21	22	22	21	21	11	22	22	12	12	21	21	21	11	21	22	21	11	12	11	11	22	12	22	12	12	11	11	21	11	22	21	21	21	22	22	11	22	22	12	11	22	21	11	11	11	11	21	21	21	22	11	21	11	21	21	22	11	11	12	11	22	12	12	22	11	12
16	0	2.353	7.088	12	12	11	11	11	21	22	21	12	21	22	22	22	22	12	21	22	11	12	21	21	21	22	22	21	21	11	22	22	12	12	21	21	21	11	21	22	21	11	12	11	11	22	12	22	12	12	11	11	21	11	22	21	21	21	22	22	11	22	22	12	11	22	21	11	11	11	11	21	21	21	22	11	21	11	21	21	22	11	11	12	11	22	12	12	22	11	12
19	0	2.353	7.088	12	12	11	11	11	21	22	21	12	21	22	22	22	22	12	21	22	11	12	21	21	21	22	22	21	21	11	22	22	12	12	21	21	21	11	21	22	21	11	12	11	11	22	12	22	12	12	11	11	21	11	22	21	21	21	22	22	11	22	22	12	11	22	21	11	11	11	11	21	21	21	22	11	21	11	21	21	22	11	11	12	11	22	12	12	22	11	12
20	0	3.530	7.088	12	12	11	11	11	21	22	21	12	21	22	22	22	22	12	21	22	11	12	21	21	21	22	22	21	21	11	22	22	12	12	21	21	21	11	21	22	21	11	12	11	11	22	12	22	12	12	11	11	21	11	22	21	21	21	22	22	11	22	22	12	11	22	21	11	11	21	11	21	21	21	22	11	21	11	21	21	22	11	11	12	11	22	12	12	22	11	12
24	0	3.530	8.264	12	12	11	11	11	21	22	21	12	21	22	22	22	22	12	21	22	11	12	21	21	21	22	22	21	21	11	22	22	12	12	21	21	21	11	21	22	21	11	12	11	11	22	12	22	12	12	11	11	21	11	22	21	21	21	22	22	11	22	22	12	11	22	21	11	11	21	12	21	21	21	22	11	21	11	21	21	22	11	11	12	11	22	12	12	22	11	12
21	0	3.530	8.264	12	12	11	11	11	21	22	21	12	21	22	22	22	22	12	21	22	11	12	21	21	21	22	22	21	21	11	22	22	12	12	21	21	21	11	21	22	21	11	12	11	11	22	12	22	12	12	11	11	21	11	22	21	21	21	22	22	11	22	22	12	11	22	21	11	11	21	12	21	21	21	22	11	21	11	21	21	22	11	11	12	11	22	12	12	22	11	12
22	0	3.530	8.264	12	12	11	11	11	21	22	21	12	21	22	22	22	22	12	21	22	11	12	21	21	21	22	22	21	21	11	22	22	12	12	21	21	21	11	21	22	21	11	12	11	11	22	12	22	12	12	11	11	21	11	22	21	21	21	22	22	11	22	22	12	11	22	21	11	11	21	12	21	21	21	22	11	21	11	21	21	22	11	11	12	11	22	12	12	22	11	12
23	0	3.530	8.264	12	12	11	11	11	21	22	21	12	21	22	22	22	22	12	21	22	11	12	21	21	21	22	22	21	21	11	22	22	12	12	21	21	21	11	21	22	21	11	12	11	11	22	12	22	12	12	11	11	21	11	22	21	21	21	22	22	11	22	22	12	11	22	21	11	11	21	12	21	21	21	22	11	21	11	21	21	22	11	11	12	11	22	12	12	22	11	12
29	0	4.706	9.441	12	12	11	11	11	21	22	21	12	21	22	22	22	22	12	21	22	11	12	21	21	21	22	22	21	21	11	22	22	12	12	21	21	21	11	21	22	21	11	12	11	11	22	12	22	12	12	11	11	21	11	22	21	21	11	22	22	11	22	22	12	11	22	21	11	11	21	12	22	21	21	22	11	21	11	21	21	22	11	11	12	11	22	12	12	22	11	12
27	0	4.706	9.441	12	12	11	11	11	21	22	21	12	21	22	22	22	22	12	21	22	11	12	21	21	21	22	22	21	21	11	22	22	12	12	21	21	21	11	21	22	21	11	12	11	11	22	12	22	12	12	11	11	21	11	22	21	21	11	22	22	11	22	22	12	11	22	21	11	11	21	12	22	21	21	22	11	21	11	21	21	22	11	11	12	11	22	12	12	22	11	12
26	0	4.706	9.441	12	12	11	11	11	21	22	21	12	21	22	22	22	22	12	21	22	11	12	21	21	21	22	22	21	21	11	22	22	12	12	21	21	21	11	21	22	21	11	12	11	11	22	12	22	12	12	11	11	21	11	22	21	21	11	22	22	11	22	22	12	11	22	21	11	11	21	12	22	21	21	22	11	21	11	21	21	22	11	11	12	11	22	12	12	22	11	12
32	0	4.706	10.617	12	12	11	11	11	21	22	21	12	21	22	21	22	22	12	21	22	11	12	21	21	21	22	22	21	21	11	22	22	12	12	21	21	21	11	21	22	21	11	12	11	11	22	12	22	12	12	11	11	21	11	22	21	21	11	22	22	11	22	22	12	11	22	21	11	11	21	12	22	21	21	22	11	21	11	21	21	22	11	11	12	11	22	12	12	22	11	12
33	0	4.706	10.617	12	12	11	11	11	21	22	21	12	21	22	21	22	22	12	21	22	11	12	21	21	21	22	22	21	21	11	22	22	12	12	21	21	21	11	21	22	21	11	12	11	11	22	12	22	12	12	11	11	21	11	22	21	21	11	22	22	11	22	22	12	11	22	21	11	11	21	12	22	21	21	22	11	21	11	21	21	22	11	11	12	11	22	12	12	22	11	12
28	0	5.883	10.617	12	12	11	11	11	21	22	11	12	21	22	21	22	22	12	21	22	11	12	21	21	21	22	22	21	21	11	22	22	12	12	21	21	21	11	21	22	21	11	12	11	11	22	12	22	12	12	11	11	21	11	22	21	21	11	22	22	11	22	22	12	11	22	21	11	11	21	12	22	21	21	22	11	21	11	21	21	22	11	11	12	11	22	12	12	22	11	12
25	0	5.883	10.617	12	12	11	11	11	21	22	11	12	21	22	21	22	22	12	21	22	11	12	21	21	21	22	22	21	21	11	22	22	12	12	21	21	21	11	21	22	21	11	12	11	11	22	12	22	12	12	11	11	21	11	22	21	21	11	22	22	11	22	22	12	11	22	21	11	11	21	12	22	21	21	22	11	21	11	21	21	22	11	11	12	11	22	12	12	22	11	12
38	0	5.883	11.794	12	12	11	11	11	21	22	11	12	21	22	21	22	22	12	21	22	11	12	21	21	21	22	22	21	21	11	22	22	12	12	21	21	21	11	21	22	21	11	12	11	11	22	12	22	11	12	11	11	21	11	22	21	21	11	22	22	11	22	22	12	11	22	21	11	11	21	12	22	21	21	22	11	21	11	21	21	22	11	11	12	11	22	12	12	22	11	12
40	0	5.883	11.794	12	12	11	11	11	21	22	11	12	21	22	21	22	22	12	21	22	11	12	21	21	21	22	22	21	21	11	22	22	12	12	21	21	21	11	21	22	21	11	12	11	11	22	12	22	11	12	11	11	21	11	22	21	21	11	22	22	11	22	22	12	11	22	21	11	11	21	12	22	21	21	22	11	21	11	21	21	22	11	11	12	11	22	12	12	22	11	12
37	0	5.883	11.794	12	12	11	11	11	21	22	11	12	21	22	21	22	22	12	21	22	11	12	21	21	21	22	22	21	21	11	22	22	12	12	21	21	21	11	21	22	21	11	12	11	11	22	12	22	11	12	11	11	21	11	22	21	21	11	22	22	11	22	22	12	11	22	21	11	11	21	12	22	21	21	22	11	21	11	21	21	22	11	11	12	11	22	12	12	22	11	12
39	0	5.883	11.794	12	12	11	11	11	21	22	11	12	21	22	21	22	22	12	21	22	11	12	21	21	21	22	22	21	21	11	22	22	12	12	21	21	21	11	21	22	21	11	12	11	11	22	12	22	11	12	11	11	21	11	22	21	21	11	22	22	11	22	22	12	11	22	21	11	11	21	12	22	21	21	22	11	21	11	21	21	22	11	11	12	11	22	12	12	22	11	12
36	0	5.883	11.794	12	12	11	11	11	21	22	11	12	21	22	21	22	22	12	21	22	11	12	21	21	21	22	22	21	21	11	22	22	12	12	21	21	21	11	21	22	21	11	12	11	11	22	12	22	11	12	11	11	21	11	22	21	21	11	22	22	11	22	22	12	11	22	21	11	11	21	12	22	21	21	22	11	21	11	21	21	22	11	11	12	11	22	12	12	22	11	12
34	0	5.883	11.794	12	12	11	11	11	21	22	11	12	21	22	21	22	22	12	21	22	11	12	21	21	21	22	22	21	21	11	22	22	12	12	21	21	21	11	21	22	21	11	12	11	11	22	12	22	11	12	11	11	21	11	22	21	21	11	22	22	11	22	22	12	11	22	21	11	11	21	12	22	21	21	22	11	21	11	21	21	22	11	11	12	11	22	12	12	22	11	12
35	0	5.883	11.794	12	12	11	11	11	21	22	11	12	21	22	21	22	22	12	21	22	11	12	21	21	21	22	22	21	21	11	22	22	12	12	21	21	21	11	21	22	21	11	12	11	11	22	12	22	11	12	11	11	21	11	22	21	21	11	22	22	11	22	22	12	11	22	21	11	11	21	12	22	21	21	22	11	21	11	21	21	22	11	11	12	11	22	12	12	22	11	12
30	0	5.883	14.175	12	12	11	11	11	21	22	11	12	21	22	21	22	22	12	21	22	11	12	21	21	21	22	22	21	21	11	22	22	12	12	21	21	21	11	21	22	22	11	12	11	11	22	12	22	11	12	11	11	21	11	22	21	21	11	22	22	11	22	22	12	11	22	21	11	11	21	12	22	21	21	22	11	21	11	21	21	22	11	11	12	11	22	12	12	21	11	12
41	0	5.883	14.175	12	12	11	11	11	21	22	11	12	21	22	21	22	22	12	21	22	11	12	21	21	21	22	22	21	21	11	22	22	12	12	21	21	21	11	21	22	22	11	12	11	11	22	12	22	11	12	11	11	21	11	22	21	21	11	22	22	11	22	22	12	11	22	21	11	11	21	12	22	21	21	22	11	21	11	21	21	22	11	11	12	11	22	12	12	21	11	12
31	0	5.883	14.175	12	12	11	11	11	21	22	11	12	21	22	21	22	22	12	21	22	11	12	21	21	21	22	22	21	21	11	22	22	12	12	21	21	21	11	21	22	22	11	12	11	11	22	12	22	11	12	11	11	21	11	22	21	21	11	22	22	11	22	22	12	11	22	21	11	11	21	12	22	21	21	22	11	21	11	21	21	22	11	11	12	11	22	12	12	21	11	12
42	0	5.883	14.175	12	12	11	11	11	21	22	11	12	21	22	21	22	22	12	21	22	11	12	21	21	21	22	22	21	21	11	22	22	12	12	21	21	21	11	21	22	22	11	12	11	11	22	12	22	11	12	11	11	21	11	22	21	21	11	22	22	11	22	22	12	11	22	21	11	11	21	12	22	21	21	22	11	21	11	21	21	22	11	11	12	11	22	12	12	21	11	12
43	0	5.883	15.352	12	12	11	11	11	21	22	11	12	21	22	21	22	22	12	21	22	11	12	21	21	21	22	22	21	21	11	22	22	12	12	21	21	21	11	21	22	22	11	12	11	11	22	12	22	11	12	11	11	21	11	22	21	21	11	22	22	11	22	22	12	11	22	21	11	11	21	12	22	21	21	22	11	21	11	21	22	22	11	11	12	11	22	12	12	21	11	12
46	0	7.059	15.352	12	12	11	11	11	21	22	11	12	21	22	21	22	22	12	21	22	11	12	21	21	21	22	22	21	21	11	22	22	12	12	21	21	21	11	21	22	22	11	12	11	11	22	12	22	11	12	11	11	21	11	22	21	11	11	22	22	11	22	22	12	11	22	21	11	11	21	12	22	21	21	22	11	21	11	21	22	22	11	11	12	11	22	12	12	21	11	12
48	0	7.059	15.352	12	12	11	11	11	21	22	11	12	21	22	21	22	22	12	21	22	11	12	21	21	21	22	22	21	21	11	22	22	12	12	21	21	21	11	21	22	22	11	12	11	11	22	12	22	11	12	11	11	21	11	22	21	11	11	22	22	11	22	22	12	11	22	21	11	11	21	12	22	21	21	22	11	21	11	21	22	22	11	11	12	11	22	12	12	21	11	12
44	0	7.059	15.352	12	12	11	11	11	21	22	11	12	21	22	21	22	22	12	21	22	11	12	21	21	21	22	22	21	21	11	22	22	12	12	21	21	21	11	21	22	22	11	12	11	11	22	12	22	11	12	11	11	21	11	22	21	11	11	22	22	11	22	22	12	11	22	21	11	11	21	12	22	21	21	22	11	21	11	21	22	22	11	11	12	11	22	12	12	21	11	12
45	0	7.059	15.352	12	12	11	11	11	21	22	11	12	21	22	21	22	22	12	21	22	11	12	21	21	21	22	22	21	21	11	22	22	12	12	21	21	21	11	21	22	22	11	12	11	11	22	12	22	11	12	11	11	21	11	22	21	11	11	22	22	11	22	22	12	11	22	21	11	11	21	12	22	21	21	22	11	21	11	21	22	22	11	11	12	11	22	12	12	21	11	12
47	0	7.059	15.352	12	12	11	11	11	21	22	11	12	21	22	21	22	22	12	21	22	11	12	21	21	21	22	22	21	21	11	22	22	12	12	21	21	21	11	21	22	22	11	12	11	11	22	12	22	11	12	11	11	21	11	22	21	11	11	22	22	11	22	22	12	11	22	21	11	11	21	12	22	21	21	22	11	21	11	21	22	22	11	11	12	11	22	12	12	21	11	12
49	0	7.059	22.866	12	12	11	11	11	21	22	11	12	21	22	21	22	22	12	22	22	11	12	21	21	21	22	22	21	21	11	22	22	12	12	21	21	21	11	21	21	22	11	12	11	11	22	12	22	11	12	11	11	22	11	22	21	11	11	21	22	11	22	21	12	11	22	21	11	11	21	12	22	21	22	22	11	21	11	21	22	22	11	11	12	11	22	12	12	21	11	12
50	0	7.059	24.042	12	12	11	11	11	21	22	11	12	21	22	21	22	22	12	22	22	11	12	21	21	21	22	22	21	21	11	22	22	11	12	21	21	21	11	21	21	22	11	12	11	11	22	12	22	11	12	11	11	22	11	22	21	11	11	21	22	11	22	21	12	11	22	21	11	11	21	12	22	21	22	22	11	21	11	21	22	22	11	11	12	11	22	12	12	21	11	12
51	0	8.236	24.042	12	12	11	11	11	21	22	11	12	21	22	21	22	22	12	22	22	11	12	21	21	21	22	22	21	21	11	22	22	11	12	21	11	21	11	21	21	22	11	12	11	11	22	12	22	11	12	11	11	22	11	22	21	11	11	21	22	11	22	21	12	11	22	21	11	11	21	12	22	21	22	22	11	21	11	21	22	22	11	11	12	11	22	12	12	21	11	12
54	0	8.236	24.042	12	12	11	11	11	21	22	11	12	21	22	21	22	22	12	22	22	11	12	21	21	21	22	22	21	21	11	22	22	11	12	21	11	21	11	21	21	22	11	12	11	11	22	12	22	11	12	11	11	22	11	22	21	11	11	21	22	11	22	21	12	11	22	21	11	11	21	12	22	21	22	22	11	21	11	21	22	22	11	11	12	11	22	12	12	21	11	12
53	0	8.236	24.042	12	12	11	11	11	21	22	11	12	21	22	21	22	22	12	22	22	11	12	21	21	21	22	22	21	21	11	22	22	11	12	21	11	21	11	21	21	22	11	12	11	11	22	12	22	11	12	11	11	22	11	22	21	11	11	21	22	11	22	21	12	11	22	21	11	11	21	12	22	21	22	22	11	21	11	21	22	22	11	11	12	11	22	12	12	21	11	12
52	0	8.236	24.042	12	12	11	11	11	21	22	11	12	21	22	21	22	22	12	22	22	11	12	21	21	21	22	22	21	21	11	22	22	11	12	21	11	21	11	21	21	22	11	12	11	11	22	12	22	11	12	11	11	22	11	22	21	11	11	21	22	11	22	21	12	11	22	21	11	11	21	12	22	21	22	22	11	21	11	21	22	22	11	11	12	11	22	12	12	21	11	12
57	0	9.412	24.042	12	12	11	11	11	21	22	21	12	21	22	21	22	22	12	22	22	11	12	21	21	21	22	22	21	21	11	22	22	11	12	21	11	21	11	21	21	22	11	12	11	11	22	12	22	11	12	11	11	22	11	22	21	11	11	21	22	11	22	21	12	11	22	21	11	11	21	12	22	21	22	22	11	21	11	21	22	22	11	11	12	11	22	12	12	21	11	12
55	0	9.412	24.042	12	12	11	11	11	21	22	21	12	21	22	21	22	22	12	22	22	11	12	21	21	21	22	22	21	21	11	22	22	11	12	21	11	21	11	21	21	22	11	12	11	11	22	12	22	11	12	11	11	22	11	22	21	11	11	21	22	11	22	21	12	11	22	21	11	11	21	12	22	21	22	22	11	21	11	21	22	22	11	11	12	11	22	12	12	21	11	12
56	0	9.412	24.042	12	12	11	11	11	21	22	21	12	21	22	21	22	22	12	22	22	11	12	21	21	21	22	22	21	21	11	22	22	11	12	21	11	21	11	21	21	22	11	12	11	11	22	12	22	11	12	11	11	22	11	22	21	11	11	21	22	11	22	21	12	11	22	21	11	11	21	12	22	21	22	22	11	21	11	21	22	22	11	11	12	11	22	12	12	21	11	12
58	0	9.412	25.219	12	12	11	11	11	21	22	21	12	21	22	21	22	22	12	22	22	11	12	21	21	21	22	22	21	21	11	22	22	11	12	21	11	21	11	21	21	22	11	12	11	11	22	12	22	11	11	11	11	22	11	22	21	11	11	21	22	11	22	21	12	11	22	21	11	11	21	12	22	21	22	22	11	21	11	21	22	22	11	11	12	11	22	12	12	21	11	12
59	0	9.412	25.219	12	12	11	11	11	21	22	21	12	21	22	21	22	22	12	22	22	11	12	21	21	21	22	22	21	21	11	22	22	11	12	21	11	21	11	21	21	22	11	12	11	11	22	12	22	11	11	11	11	22	11	22	21	11	11	21	22	11	22	21	12	11	22	21	11	11	21	12	22	21	22	22	11	21	11	21	22	22	11	11	12	11	22	12	12	21	11	12
64	0	9.412	25.219	12	12	11	11	11	21	22	21	12	21	22	21	22	22	12	22	22	11	12	21	21	21	22	22	21	21	11	22	22	11	12	21	11	21	11	21	21	22	11	12	11	11	22	12	22	11	11	11	11	22	11	22	21	11	11	21	22	11	22	21	12	11	22	21	11	11	21	12	22	21	22	22	11	21	11	21	22	22	11	11	12	11	22	12	12	21	11	12
63	0	9.412	26.395	12	12	11	11	11	21	22	21	12	21	21	21	22	22	12	22	22	11	12	21	21	21	22	22	21	21	11	22	22	11	12	21	11	21	11	21	21	22	11	12	11	11	22	12	22	11	11	11	11	22	11	22	21	11	11	21	22	11	22	21	12	11	22	21	11	11	21	12	22	21	22	22	11	21	11	21	22	22	11	11	12	11	22	12	12	21	11	12
65	0	9.412	26.395	12	12	11	11	11	21	22	21	12	21	21	21	22	22	12	22	22	11	12	21	21	21	22	22	21	21	11	22	22	11	12	21	11	21	11	21	21	22	11	12	11	11	22	12	22	11	11	11	11	22	11	22	21	11	11	21	22	11	22	21	12	11	22	21	11	11	21	12	22	21	22	22	11	21	11	21	22	22	11	11	12	11	22	12	12	21	11	12
62	0	9.412	26.395	12	12	11	11	11	21	22	21	12	21	21	21	22	22	12	22	22	11	12	21	21	21	22	22	21	21	11	22	22	11	12	21	11	21	11	21	21	22	11	12	11	11	22	12	22	11	11	11	11	22	11	22	21	11	11	21	22	11	22	21	12	11	22	21	11	11	21	12	22	21	22	22	11	21	11	21	22	22	11	11	12	11	22	12	12	21	11	12
61	0	10.589	27.572	12	12	11	11	11	21	22	11	12	21	21	21	22	22	12	22	22	11	12	21	21	21	22	22	21	21	11	22	22	11	12	21	11	21	11	21	21	22	11	12	11	11	22	12	22	11	11	11	11	22	11	22	21	11	11	21	22	11	22	21	12	11	22	21	11	11	21	12	22	21	22	22	11	21	11	21	22	22	11	12	12	11	22	12	12	21	11	12
60	0	10.589	27.572	12	12	11	11	11	21	22	11	12	21	21	21	22	22	12	22	22	11	12	21	21	21	22	22	21	21	11	22	22	11	12	21	11	21	11	21	21	22	11	12	11	11	22	12	22	11	11	11	11	22	11	22	21	11	11	21	22	11	22	21	12	11	22	21	11	11	21	12	22	21	22	22	11	21	11	21	22	22	11	12	12	11	22	12	12	21	11	12
66	0	10.589	31.188	12	12	11	11	11	21	22	11	12	21	21	21	22	22	12	22	22	11	12	21	21	21	22	22	21	21	11	22	22	11	12	21	11	21	11	22	21	22	12	12	12	11	22	12	22	11	11	11	11	22	11	22	21	11	11	21	22	11	22	21	12	11	22	21	11	11	21	12	22	21	22	22	11	21	11	21	22	22	11	12	12	11	22	12	12	21	11	12
67	0	10.589	34.804	12	12	11	11	11	21	21	11	12	21	21	21	22	22	12	22	22	11	12	21	21	21	22	22	21	21	11	22	22	11	12	21	11	21	11	22	21	22	12	12	12	11	22	12	22	11	11	11	11	22	11	22	21	11	12	21	22	11	22	21	12	11	22	21	11	11	21	12	22	21	22	22	11	21	11	21	22	22	11	11	12	11	22	12	12	21	11	12
71	0	10.589	35.980	12	12	11	11	11	21	21	11	12	21	21	21	22	22	12	22	22	11	12	21	21	21	22	22	21	21	11	22	22	11	12	21	11	21	11	22	21	22	12	12	12	11	22	12	22	11	11	11	11	22	11	22	21	11	12	21	22	11	22	21	12	11	22	21	11	12	21	12	22	21	22	22	11	21	11	21	22	22	11	11	12	11	22	12	12	21	11	12
69	0	10.589	37.157	12	12	11	11	11	21	21	11	12	21	21	21	22	22	12	22	22	11	12	21	21	21	22	22	21	21	12	22	22	11	12	21	11	21	11	22	21	22	12	12	12	11	22	12	22	11	11	11	11	22	11	22	21	11	12	21	22	11	22	21	12	11	22	21	11	12	21	12	22	21	22	22	11	21	11	21	22	22	11	11	12	11	22	12	12	21	11	12
70	0	10.589	37.157	12	12	11	11	11	21	21	11	12	21	21	21	22	22	12	22	22	11	12	21	21	21	22	22	21	21	12	22	22	11	12	21	11	21	11	22	21	22	12	12	12	11	22	12	22	11	11	11	11	22	11	22	21	11	12	21	22	11	22	21	12	11	22	21	11	12	21	12	22	21	22	22	11	21	11	21	22	22	11	11	12	11	22	12	12	21	11	12
68	0	10.589	37.157	12	12	11	11	11	21	21	11	12	21	21	21	22	22	12	22	22	11	12	21	21	21	22	22	21	21	12	22	22	11	12	21	11	21	11	22	21	22	12	12	12	11	22	12	22	11	11	11	11	22	11	22	21	11	12	21	22	11	22	21	12	11	22	21	11	12	21	12	22	21	22	22	11	21	11	21	22	22	11	11	12	11	22	12	12	21	11	12
73	0	10.589	38.333	12	12	11	11	11	21	21	11	12	21	21	21	22	22	12	22	21	11	12	21	21	21	22	22	21	21	12	22	22	11	12	21	11	21	11	22	21	22	12	12	12	11	22	12	22	11	11	11	11	22	11	22	21	11	12	21	22	11	22	21	12	11	22	21	11	12	21	12	22	21	22	22	11	21	11	21	22	22	11	11	12	11	22	12	12	21	11	12
74	0	10.589	38.333	12	12	11	11	11	21	21	11	12	21	21	21	22	22	12	22	21	11	12	21	21	21	22	22	21	21	12	22	22	11	12	21	11	21	11	22	21	22	12	12	12	11	22	12	22	11	11	11	11	22	11	22	21	11	12	21	22	11	22	21	12	11	22	21	11	12	21	12	22	21	22	22	11	21	11	21	22	22	11	11	12	11	22	12	12	21	11	12
76	0	10.589	38.333	12	12	11	11	11	21	21	11	12	21	21	21	22	22	12	22	21	11	12	21	21	21	22	22	21	21	12	22	22	11	12	21	11	21	11	22	21	22	12	12	12	11	22	12	22	11	11	11	11	22	11	22	21	11	12	21	22	11	22	21	12	11	22	21	11	12	21	12	22	21	22	22	11	21	11	21	22	22	11	11	12	11	22	12	12	21	11	12
75	0	10.589	38.333	12	12	11	11	11	21	21	11	12	21	21	21	22	22	12	22	21	11	12	21	21	21	22	22	21	21	12	22	22	11	12	21	11	21	11	22	21	22	12	12	12	11	22	12	22	11	11	11	11	22	11	22	21	11	12	21	22	11	22	21	12	11	22	21	11	12	21	12	22	21	22	22	11	21	11	21	22	22	11	11	12	11	22	12	12	21	11	12
72	0	10.589	38.333	12	12	11	11	11	21	21	11	12	21	21	21	22	22	12	22	21	11	12	21	21	21	22	22	21	21	12	22	22	11	12	21	11	21	11	22	21	22	12	12	12	11	22	12	22	11	11	11	11	22	11	22	21	11	12	21	22	11	22	21	12	11	22	21	11	12	21	12	22	21	22	22	11	21	11	21	22	22	11	11	12	11	22	12	12	21	11	12
77	0	12.970	39.510	12	12	11	11	11	22	21	11	12	21	21	21	22	22	12	22	21	11	12	21	21	21	22	22	21	21	12	22	22	11	12	21	11	21	11	22	21	22	12	12	12	11	22	12	22	11	11	11	11	22	11	22	21	11	12	21	22	11	22	21	12	11	22	21	11	12	21	12	22	11	22	22	11	21	11	21	12	22	11	11	12	11	22	12	12	21	11	12
78	0	12.970	39.510	12	12	11	11	11	22	21	11	12	21	21	21	22	22	12	22	21	11	12	21	21	21	22	22	21	21	12	22	22	11	12	21	11	21	11	22	21	22	12	12	12	11	22	12	22	11	11	11	11	22	11	22	21	11	12	21	22	11	22	21	12	11	22	21	11	12	21	12	22	11	22	22	11	21	11	21	12	22	11	11	12	11	22	12	12	21	11	12
79	0	14.147	40.686	12	12	11	11	11	22	21	11	12	21	21	21	22	22	12	22	21	11	12	21	21	21	22	22	21	21	12	22	21	11	12	11	11	21	11	22	21	22	12	12	12	11	22	12	22	11	11	11	11	22	11	22	21	11	12	21	22	11	22	21	12	11	22	21	11	12	21	12	22	11	22	22	11	21	11	21	12	22	11	11	12	11	22	12	12	21	11	12
80	0	14.147	40.686	12	12	11	11	11	22	21	11	12	21	21	21	22	22	12	22	21	11	12	21	21	21	22	22	21	21	12	22	21	11	12	11	11	21	11	22	21	22	12	12	12	11	22	12	22	11	11	11	11	22	11	22	21	11	12	21	22	11	22	21	12	11	22	21	11	12	21	12	22	11	22	22	11	21	11	21	12	22	11	11	12	11	22	12	12	21	11	12
84	0	14.147	41.863	12	12	11	11	11	22	21	11	12	21	21	21	22	22	12	22	21	11	12	21	21	21	22	22	22	21	12	22	21	11	12	11	11	21	11	22	21	22	12	12	12	11	22	12	22	11	11	11	11	22	11	22	21	11	12	21	22	11	22	21	12	11	22	21	11	12	21	12	22	11	22	22	11	21	11	21	12	22	11	11	12	11	22	12	12	21	11	12
82	0	14.147	43.039	12	12	11	11	11	22	21	11	12	21	21	21	22	22	12	22	21	11	12	21	21	21	22	22	22	21	12	22	21	11	12	11	11	21	11	22	21	22	12	12	12	11	22	12	22	11	11	11	11	22	11	22	21	11	12	21	22	11	22	21	11	11	22	21	11	12	21	12	22	11	22	22	11	21	11	21	12	22	11	11	12	11	22	12	12	21	11	12
83	0	14.147	43.039	12	12	11	11	11	22	21	11	12	21	21	21	22	22	12	22	21	11	12	21	21	21	22	22	22	21	12	22	21	11	12	11	11	21	11	22	21	22	12	12	12	11	22	12	22	11	11	11	11	22	11	22	21	11	12	21	22	11	22	21	11	11	22	21	11	12	21	12	22	11	22	22	11	21	11	21	12	22	11	11	12	11	22	12	12	21	11	12
81	0	14.147	43.039	12	12	11	11	11	22	21	11	12	21	21	21	22	22	12	22	21	11	12	21	21	21	22	22	22	21	12	22	21	11	12	11	11	21	11	22	21	22	12	12	12	11	22	12	22	11	11	11	11	22	11	22	21	11	12	21	22	11	22	21	11	11	22	21	11	12	21	12	22	11	22	22	11	21	11	21	12	22	11	11	12	11	22	12	12	21	11	12
85	0	14.147	43.039	12	12	11	11	11	22	21	11	12	21	21	21	22	22	12	22	21	11	12	21	21	21	22	22	22	21	12	22	21	11	12	11	11	21	11	22	21	22	12	12	12	11	22	12	22	11	11	11	11	22	11	22	21	11	12	21	22	11	22	21	11	11	22	21	11	12	21	12	22	11	22	22	11	21	11	21	12	22	11	11	12	11	22	12	12	21	11	12
86	0	14.147	43.039	12	12	11	11	11	22	21	11	12	21	21	21	22	22	12	22	21	11	12	21	21	21	22	22	22	21	12	22	21	11	12	11	11	21	11	22	21	22	12	12	12	11	22	12	22	11	11	11	11	22	11	22	21	11	12	21	22	11	22	21	11	11	22	21	11	12	21	12	22	11	22	22	11	21	11	21	12	22	11	11	12	11	22	12	12	21	11	12
87	0	14.147	45.421	12	12	11	11	11	22	21	11	12	21	21	21	22	22	12	22	21	11	12	21	21	21	22	22	22	21	12	22	21	11	12	11	11	21	11	22	21	22	12	12	12	11	22	12	22	11	11	11	11	22	11	22	21	11	12	21	22	11	22	21	11	11	22	21	11	12	21	12	22	12	22	21	11	21	11	21	12	22	11	11	12	11	22	12	12	21	11	12
88	0	14.147	46.597	12	12	11	11	11	22	21	11	12	22	21	21	22	22	12	22	21	11	12	21	21	21	22	22	22	21	12	22	21	11	12	11	11	21	11	22	21	22	12	12	12	11	22	12	22	11	11	11	11	22	11	22	21	11	12	21	22	11	22	21	11	11	22	21	11	12	21	12	22	12	22	21	11	21	11	21	12	22	11	11	12	11	22	12	12	21	11	12
90	0	16.528	50.213	12	12	11	11	11	22	21	12	12	22	21	21	22	22	12	22	21	11	12	21	21	21	22	22	22	22	12	22	21	11	12	11	11	21	11	22	21	12	12	12	12	11	22	12	22	11	11	11	11	22	21	22	21	11	12	21	22	11	22	21	11	11	22	21	11	12	21	12	22	12	22	21	11	21	11	21	12	22	11	11	12	11	22	12	12	22	11	12
92	0	16.528	50.213	12	12	11	11	11	22	21	12	12	22	21	21	22	22	12	22	21	11	12	21	21	21	22	22	22	22	12	22	21	11	12	11	11	21	11	22	21	12	12	12	12	11	22	12	22	11	11	11	11	22	21	22	21	11	12	21	22	11	22	21	11	11	22	21	11	12	21	12	22	12	22	21	11	21	11	21	12	22	11	11	12	11	22	12	12	22	11	12
91	0	16.528	50.213	12	12	11	11	11	22	21	12	12	22	21	21	22	22	12	22	21	11	12	21	21	21	22	22	22	22	12	22	21	11	12	11	11	21	11	22	21	12	12	12	12	11	22	12	22	11	11	11	11	22	21	22	21	11	12	21	22	11	22	21	11	11	22	21	11	12	21	12	22	12	22	21	11	21	11	21	12	22	11	11	12	11	22	12	12	22	11	12
89	0	20.144	50.213	12	12	11	11	11	22	21	12	12	12	21	21	22	22	12	22	21	11	12	21	21	21	22	22	22	22	12	22	21	11	12	11	11	21	11	22	21	12	12	12	12	11	22	12	22	11	11	11	11	22	11	22	21	11	12	21	22	11	22	21	11	11	22	21	11	12	21	12	22	12	22	21	11	21	11	21	12	22	11	11	12	11	22	12	12	12	11	12
95	0	20.144	52.595	12	12	11	11	11	22	21	12	12	12	21	21	22	22	12	22	21	11	12	21	21	21	22	22	22	22	12	22	21	11	12	11	11	21	11	22	21	12	12	12	12	11	21	12	22	11	11	11	11	22	11	22	21	11	12	21	22	12	22	21	11	11	22	21	11	12	21	12	22	12	22	21	11	21	11	21	12	22	11	11	12	11	22	12	12	12	11	12
94	0	20.144	52.595	12	12	11	11	11	22	21	12	12	12	21	21	22	22	12	22	21	11	12	21	21	21	22	22	22	22	12	22	21	11	12	11	11	21	11	22	21	12	12	12	12	11	21	12	22	11	11	11	11	22	11	22	21	11	12	21	22	12	22	21	11	11	22	21	11	12	21	12	22	12	22	21	11	21	11	21	12	22	11	11	12	11	22	12	12	12	11	12
93	0	20.144	52.595	12	12	11	11	11	22	21	12	12	12	21	21	22	22	12	22	21	11	12	21	21	21	22	22	22	22	12	22	21	11	12	11	11	21	11	22	21	12	12	12	12	11	21	12	22	11	11	11	11	22	11	22	21	11	12	21	22	12	22	21	11	11	22	21	11	12	21	12	22	12	22	21	11	21	11	21	12	22	11	11	12	11	22	12	12	12	11	12
103	0	20.144	53.771	12	12	11	11	11	22	21	12	12	12	21	21	22	22	12	22	21	11	12	21	21	21	22	22	22	22	12	22	21	11	12	11	11	21	11	22	21	12	12	12	12	11	21	11	22	11	11	11	11	22	11	22	21	11	12	21	22	12	22	21	11	11	22	21	11	12	21	12	22	12	22	21	11	21	11	21	12	22	11	11	12	11	22	12	12	12	11	12
96	0	20.144	53.771	12	12	11	11	11	22	21	12	12	12	21	21	22	22	12	22	21	11	12	21	21	21	22	22	22	22	12	22	21	11	12	11	11	21	11	22	21	12	12	12	12	11	21	11	22	11	11	11	11	22	11	22	21	11	12	21	22	12	22	21	11	11	22	21	11	12	21	12	22	12	22	21	11	21	11	21	12	22	11	11	12	11	22	12	12	12	11	12
97	0	20.144	53.771	12	12	11	11	11	22	21	12	12	12	21	21	22	22	12	22	21	11	12	21	21	21	22	22	22	22	12	22	21	11	12	11	11	21	11	22	21	12	12	12	12	11	21	11	22	11	11	11	11	22	11	22	21	11	12	21	22	12	22	21	11	11	22	21	11	12	21	12	22	12	22	21	11	21	11	21	12	22	11	11	12	11	22	12	12	12	11	12
98	0	20.144	53.771	12	12	11	11	11	22	21	12	12	12	21	21	22	22	12	22	21	11	12	21	21	21	22	22	22	22	12	22	21	11	12	11	11	21	11	22	21	12	12	12	12	11	21	11	22	11	11	11	11	22	11	22	21	11	12	21	22	12	22	21	11	11	22	21	11	12	21	12	22	12	22	21	11	21	11	21	12	22	11	11	12	11	22	12	12	12	11	12
102	0	21.321	53.771	12	12	11	21	11	22	21	12	12	12	21	21	22	22	12	22	21	11	12	21	21	21	22	22	22	22	12	22	21	11	12	11	11	21	11	22	21	12	12	12	12	11	21	11	22	11	11	11	11	22	11	22	21	11	12	21	22	12	22	21	11	11	22	21	11	12	21	12	22	12	22	21	11	21	11	21	12	22	11	11	12	11	22	12	12	12	11	12
99	0	21.321	57.387	12	12	11	21	11	22	21	12	12	12	21	21	22	22	12	22	21	11	12	21	22	21	22	22	22	22	12	22	21	11	12	11	11	21	11	22	21	12	12	12	12	11	21	11	22	11	11	11	11	22	11	22	22	11	12	21	22	12	22	21	11	11	22	21	11	12	22	12	22	12	22	21	11	21	11	21	12	22	11	11	12	11	22	12	12	12	11	12
101	0	21.321	57.387	12	12	11	21	11	22	21	12	12	12	21	21	22	22	12	22	21	11	12	21	22	21	22	22	22	22	12	22	21	11	12	11	11	21	11	22	21	12	12	12	12	11	21	11	22	11	11	11	11	22	11	22	22	11	12	21	22	12	22	21	11	11	22	21	11	12	22	12	22	12	22	21	11	21	11	21	12	22	11	11	12	11	22	12	12	12	11	12
100	0	21.321	57.387	12	12	11	21	11	22	21	12	12	12	21	21	22	22	12	22	21	11	12	21	22	21	22	22	22	22	12	22	21	11	12	11	11	21	11	22	21	12	12	12	12	11	21	11	22	11	11	11	11	22	11	22	22	11	12	21	22	12	22	21	11	11	22	21	11	12	22	12	22	12	22	21	11	21	11	21	12	22	11	11	12	11	22	12	12	12	11	12
110	0	28.835	58.564	12	12	11	21	11	22	11	12	12	12	21	21	22	22	12	22	21	11	12	21	12	11	22	22	12	22	12	22	21	11	12	12	11	21	11	22	21	12	12	12	12	11	21	11	22	11	11	11	11	22	11	22	12	11	12	21	22	12	22	21	11	11	22	21	11	12	12	12	22	12	22	21	11	21	11	21	12	22	11	11	12	11	22	12	12	12	11	12
109	0	28.835	58.564	12	12	11	21	11	22	11	12	12	12	21	21	22	22	12	22	21	11	12	21	12	11	22	22	12	22	12	22	21	11	12	12	11	21	11	22	21	12	12	12	12	11	21	11	22	11	11	11	11	22	11	22	12	11	12	21	22	12	22	21	11	11	22	21	11	12	12	12	22	12	22	21	11	21	11	21	12	22	11	11	12	11	22	12	12	12	11	12
108	0	28.835	58.564	12	12	11	21	11	22	11	12	12	12	21	21	22	22	12	22	21	11	12	21	12	11	22	22	12	22	12	22	21	11	12	12	11	21	11	22	21	12	12	12	12	11	21	11	22	11	11	11	11	22	11	22	12	11	12	21	22	12	22	21	11	11	22	21	11	12	12	12	22	12	22	21	11	21	11	21	12	22	11	11	12	11	22	12	12	12	11	12
104	0	30.011	58.564	12	12	11	11	11	22	11	12	12	12	21	21	22	22	12	22	21	11	12	21	12	11	22	22	12	22	12	22	21	11	12	12	11	21	11	22	21	12	12	12	12	11	21	11	22	11	11	11	11	22	11	22	12	11	12	21	22	12	22	21	11	11	22	21	11	12	12	12	22	12	22	21	11	21	11	21	12	22	11	11	12	11	22	12	12	12	11	12
105	0	30.011	59.740	12	12	11	11	11	22	11	12	12	12	21	21	22	22	12	22	21	11	12	21	12	11	22	22	12	22	12	22	21	11	12	12	11	21	11	22	21	12	12	12	12	11	21	11	22	11	11	11	11	22	11	22	12	11	12	21	22	12	22	21	11	12	22	21	11	12	12	12	22	12	22	21	11	21	11	21	12	22	11	11	12	11	22	12	12	12	11	12
107	0	30.011	59.740	12	12	11	11	11	22	11	12	12	12	21	21	22	22	12	22	21	11	12	21	12	11	22	22	12	22	12	22	21	11	12	12	11	21	11	22	21	12	12	12	12	11	21	11	22	11	11	11	11	22	11	22	12	11	12	21	22	12	22	21	11	12	22	21	11	12	12	12	22	12	22	21	11	21	11	21	12	22	11	11	12	11	22	12	12	12	11	12
106	0	31.188	59.740	12	12	11	11	11	22	11	12	12	12	11	21	22	22	12	22	21	11	12	21	12	11	22	22	12	22	12	22	21	11	12	12	11	21	11	22	21	12	12	12	12	11	21	11	22	11	11	11	11	22	11	22	12	11	12	21	22	12	22	21	11	12	22	21	11	12	12	12	22	12	22	21	11	21	11	21	12	22	11	11	12	11	22	12	12	12	11	12
113	0	31.188	60.917	12	12	11	11	11	22	11	12	12	12	11	21	22	22	12	22	21	11	12	21	12	11	22	22	12	22	12	22	21	11	12	12	11	21	11	22	21	12	12	12	12	11	21	11	22	11	11	11	11	22	11	21	12	11	12	21	22	12	22	21	11	12	22	21	11	12	12	12	22	12	22	21	11	21	11	21	12	22	11	11	12	11	22	12	12	12	11	12
112	0	31.188	60.917	12	12	11	11	11	22	11	12	12	12	11	21	22	22	12	22	21	11	12	21	12	11	22	22	12	22	12	22	21	11	12	12	11	21	11	22	21	12	12	12	12	11	21	11	22	11	11	11	11	22	11	21	12	11	12	21	22	12	22	21	11	12	22	21	11	12	12	12	22	12	22	21	11	21	11	21	12	22	11	11	12	11	22	12	12	12	11	12
114	0	31.188	60.917	12	12	11	11	11	22	11	12	12	12	11	21	22	22	12	22	21	11	12	21	12	11	22	22	12	22	12	22	21	11	12	12	11	21	11	22	21	12	12	12	12	11	21	11	22	11	11	11	11	22	11	21	12	11	12	21	22	12	22	21	11	12	22	21	11	12	12	12	22	12	22	21	11	21	11	21	12	22	11	11	12	11	22	12	12	12	11	12
111	0	31.188	60.917	12	12	11	11	11	22	11	12	12	12	11	21	22	22	12	22	21	11	12	21	12	11	22	22	12	22	12	22	21	11	12	12	11	21	11	22	21	12	12	12	12	11	21	11	22	11	11	11	11	22	11	21	12	11	12	21	22	12	22	21	11	12	22	21	11	12	12	12	22	12	22	21	11	21	11	21	12	22	11	11	12	11	22	12	12	12	11	12
116	0	32.364	62.093	12	12	11	11	11	22	11	12	12	12	11	21	22	22	12	22	21	11	12	21	12	11	22	22	12	22	12	22	21	11	12	12	11	21	11	22	21	12	12	12	12	11	21	11	22	11	11	11	11	22	11	21	12	11	12	21	22	12	22	11	11	11	22	21	11	12	12	12	22	12	22	21	11	21	11	21	12	22	11	11	12	11	22	12	12	12	11	12
117	0	32.364	62.093	12	12	11	11	11	22	11	12	12	12	11	21	22	22	12	22	21	11	12	21	12	11	22	22	12	22	12	22	21	11	12	12	11	21	11	22	21	12	12	12	12	11	21	11	22	11	11	11	11	22	11	21	12	11	12	21	22	12	22	11	11	11	22	21	11	12	12	12	22	12	22	21	11	21	11	21	12	22	11	11	12	11	22	12	12	12	11	12
115	0	32.364	62.093	12	12	11	11	11	22	11	12	12	12	11	21	22	22	12	22	21	11	12	21	12	11	22	22	12	22	12	22	21	11	12	12	11	21	11	22	21	12	12	12	12	11	21	11	22	11	11	11	11	22	11	21	12	11	12	21	22	12	22	11	11	11	22	21	11	12	12	12	22	12	22	21	11	21	11	21	12	22	11	11	12	11	22	12	12	12	11	12
123	0	32.364	63.270	12	12	11	11	11	22	11	12	12	12	11	21	22	22	12	22	21	11	12	21	12	11	22	22	12	22	12	22	21	11	12	12	11	21	11	22	21	12	12	12	12	11	21	11	22	11	11	11	11	22	11	21	12	11	12	21	22	12	22	11	11	11	22	21	11	12	12	12	22	12	22	21	11	21	11	22	12	22	11	11	12	11	22	12	12	12	11	12
122	0	32.364	63.270	12	12	11	11	11	22	11	12	12	12	11	21	22	22	12	22	21	11	12	21	12	11	22	22	12	22	12	22	21	11	12	12	11	21	11	22	21	12	12	12	12	11	21	11	22	11	11	11	11	22	11	21	12	11	12	21	22	12	22	11	11	11	22	21	11	12	12	12	22	12	22	21	11	21	11	22	12	22	11	11	12	11	22	12	12	12	11	12
120	0	32.364	63.270	12	12	11	11	11	22	11	12	12	12	11	21	22	22	12	22	21	11	12	21	12	11	22	22	12	22	12	22	21	11	12	12	11	21	11	22	21	12	12	12	12	11	21	11	22	11	11	11	11	22	11	21	12	11	12	21	22	12	22	11	11	11	22	21	11	12	12	12	22	12	22	21	11	21	11	22	12	22	11	11	12	11	22	12	12	12	11	12
121	0	32.364	63.270	12	12	11	11	11	22	11	12	12	12	11	21	22	22	12	22	21	11	12	21	12	11	22	22	12	22	12	22	21	11	12	12	11	21	11	22	21	12	12	12	12	11	21	11	22	11	11	11	11	22	11	21	12	11	12	21	22	12	22	11	11	11	22	21	11	12	12	12	22	12	22	21	11	21	11	22	12	22	11	11	12	11	22	12	12	12	11	12
118	0	33.541	63.270	12	12	11	11	11	22	11	12	12	12	11	21	22	22	12	22	21	11	12	21	12	11	22	22	12	22	12	22	21	11	12	12	11	21	11	22	21	12	12	12	12	11	21	11	22	11	11	11	11	22	11	21	12	11	12	21	22	12	22	11	11	11	22	21	11	12	12	12	22	12	22	21	11	21	11	12	12	22	11	11	12	11	22	12	12	12	11	12
119	0	33.541	63.270	12	12	11	11	11	22	11	12	12	12	11	21	22	22	12	22	21	11	12	21	12	11	22	22	12	22	12	22	21	11	12	12	11	21	11	22	21	12	12	12	12	11	21	11	22	11	11	11	11	22	11	21	12	11	12	21	22	12	22	11	11	11	22	21	11	12	12	12	22	12	22	21	11	21	11	12	12	22	11	11	12	11	22	12	12	12	11	12
124	0	35.922	63.270	12	12	11	11	11	22	11	12	12	12	11	21	22	22	12	22	21	11	12	21	12	11	22	22	12	22	12	22	21	11	12	12	11	21	11	12	21	12	12	12	12	11	21	11	22	11	11	11	11	22	11	21	12	11	12	21	22	12	22	11	11	11	22	21	11	12	12	12	22	12	22	11	11	21	11	12	12	22	11	11	12	11	22	12	12	12	11	12
127	0	35.922	65.651	12	12	11	11	11	22	11	12	12	12	11	21	22	22	12	22	21	11	12	21	12	11	22	22	12	22	12	22	21	11	12	12	11	22	11	12	21	12	12	12	12	11	21	11	22	11	11	11	11	22	12	21	12	11	12	21	22	12	22	11	11	11	22	21	11	12	12	12	22	12	22	11	11	21	11	12	12	22	11	11	12	11	22	12	12	12	11	12
125	0	35.922	65.651	12	12	11	11	11	22	11	12	12	12	11	21	22	22	12	22	21	11	12	21	12	11	22	22	12	22	12	22	21	11	12	12	11	22	11	12	21	12	12	12	12	11	21	11	22	11	11	11	11	22	12	21	12	11	12	21	22	12	22	11	11	11	22	21	11	12	12	12	22	12	22	11	11	21	11	12	12	22	11	11	12	11	22	12	12	12	11	12
126	0	35.922	65.651	12	12	11	11	11	22	11	12	12	12	11	21	22	22	12	22	21	11	12	21	12	11	22	22	12	22	12	22	21	11	12	12	11	22	11	12	21	12	12	12	12	11	21	11	22	11	11	11	11	22	12	21	12	11	12	21	22	12	22	11	11	11	22	21	11	12	12	12	22	12	22	11	11	21	11	12	12	22	11	11	12	11	22	12	12	12	11	12
139	0	38.304	71.832	12	12	11	11	11	22	11	11	12	12	11	21	22	22	12	22	21	11	12	21	12	11	22	22	12	22	12	22	21	11	12	12	11	22	11	12	21	12	12	12	12	11	21	11	22	11	11	11	11	22	12	21	12	11	12	21	22	12	21	11	11	11	21	11	11	12	12	12	22	12	22	11	11	22	11	12	12	11	11	11	12	11	22	12	12	12	11	12
138	0	38.304	73.009	12	12	11	11	11	22	11	11	12	12	11	21	22	22	12	22	21	11	12	21	12	11	22	22	12	22	12	22	21	11	12	12	11	22	11	12	21	12	12	12	12	11	21	11	22	11	11	11	11	22	12	21	12	11	12	21	22	12	21	11	11	11	21	11	11	12	12	12	22	12	22	11	12	22	11	12	12	11	11	11	12	11	22	12	12	12	11	12
135	0	38.304	73.009	12	12	11	11	11	22	11	11	12	12	11	21	22	22	12	22	21	11	12	21	12	11	22	22	12	22	12	22	21	11	12	12	11	22	11	12	21	12	12	12	12	11	21	11	22	11	11	11	11	22	12	21	12	11	12	21	22	12	21	11	11	11	21	11	11	12	12	12	22	12	22	11	12	22	11	12	12	11	11	11	12	11	22	12	12	12	11	12
137	0	38.304	73.009	12	12	11	11	11	22	11	11	12	12	11	21	22	22	12	22	21	11	12	21	12	11	22	22	12	22	12	22	21	11	12	12	11	22	11	12	21	12	12	12	12	11	21	11	22	11	11	11	11	22	12	21	12	11	12	21	22	12	21	11	11	11	21	11	11	12	12	12	22	12	22	11	12	22	11	12	12	11	11	11	12	11	22	12	12	12	11	12
136	0	38.304	73.009	12	12	11	11	11	22	11	11	12	12	11	21	22	22	12	22	21	11	12	21	12	11	22	22	12	22	12	22	21	11	12	12	11	22	11	12	21	12	12	12	12	11	21	11	22	11	11	11	11	22	12	21	12	11	12	21	22	12	21	11	11	11	21	11	11	12	12	12	22	12	22	11	12	22	11	12	12	11	11	11	12	11	22	12	12	12	11	12
129	0	38.304	74.185	12	12	11	11	11	22	11	11	12	12	11	21	22	22	12	22	21	11	12	21	12	11	22	22	12	22	12	22	21	11	12	12	11	22	11	12	21	12	12	12	12	11	21	11	22	11	11	11	12	22	12	21	12	11	12	21	22	12	21	11	11	11	21	11	11	12	12	12	22	12	22	11	12	22	11	12	12	11	11	11	12	11	22	12	12	12	11	12
128	0	38.304	74.185	12	12	11	11	11	22	11	11	12	12	11	21	22	22	12	22	21	11	12	21	12	11	22	22	12	22	12	22	21	11	12	12	11	22	11	12	21	12	12	12	12	11	21	11	22	11	11	11	12	22	12	21	12	11	12	21	22	12	21	11	11	11	21	11	11	12	12	12	22	12	22	11	12	22	11	12	12	11	11	11	12	11	22	12	12	12	11	12
130	0	38.304	74.185	12	12	11	11	11	22	11	11	12	12	11	21	22	22	12	22	21	11	12	21	12	11	22	22	12	22	12	22	21	11	12	12	11	22	11	12	21	12	12	12	12	11	21	11	22	11	11	11	12	22	12	21	12	11	12	21	22	12	21	11	11	11	21	11	11	12	12	12	22	12	22	11	12	22	11	12	12	11	11	11	12	11	22	12	12	12	11	12
134	0	39.480	74.185	12	12	11	11	11	22	11	21	12	12	11	21	22	22	12	22	21	11	12	21	12	11	22	22	12	22	12	22	21	11	12	12	11	22	11	12	21	12	12	12	12	11	21	11	22	11	11	11	12	22	12	21	12	11	12	21	22	12	21	11	11	11	21	11	11	12	12	12	22	12	22	11	12	22	11	12	12	11	11	11	12	11	22	12	12	12	11	12
133	0	39.480	74.185	12	12	11	11	11	22	11	21	12	12	11	21	22	22	12	22	21	11	12	21	12	11	22	22	12	22	12	22	21	11	12	12	11	22	11	12	21	12	12	12	12	11	21	11	22	11	11	11	12	22	12	21	12	11	12	21	22	12	21	11	11	11	21	11	11	12	12	12	22	12	22	11	12	22	11	12	12	11	11	11	12	11	22	12	12	12	11	12
152	0	39.480	74.185	12	12	11	11	11	22	11	21	12	12	11	21	22	22	12	22	21	11	12	21	12	11	22	22	12	22	12	22	21	11	12	12	11	22	11	12	21	12	12	12	12	11	21	11	22	11	11	11	12	22	12	21	12	11	12	21	22	12	21	11	11	11	21	11	11	12	12	12	22	12	22	11	12	22	11	12	12	11	11	11	12	11	22	12	12	12	11	12
153	0	39.480	74.185	12	12	11	11	11	22	11	21	12	12	11	21	22	22	12	22	21	11	12	21	12	11	22	22	12	22	12	22	21	11	12	12	11	22	11	12	21	12	12	12	12	11	21	11	22	11	11	11	12	22	12	21	12	11	12	21	22	12	21	11	11	11	21	11	11	12	12	12	22	12	22	11	12	22	11	12	12	11	11	11	12	11	22	12	12	12	11	12
151	0	39.480	74.185	12	12	11	11	11	22	11	21	12	12	11	21	22	22	12	22	21	11	12	21	12	11	22	22	12	22	12	22	21	11	12	12	11	22	11	12	21	12	12	12	12	11	21	11	22	11	11	11	12	22	12	21	12	11	12	21	22	12	21	11	11	11	21	11	11	12	12	12	22	12	22	11	12	22	11	12	12	11	11	11	12	11	22	12	12	12	11	12
131	0	39.480	74.185	12	12	11	11	11	22	11	21	12	12	11	21	22	22	12	22	21	11	12	21	12	11	22	22	12	22	12	22	21	11	12	12	11	22	11	12	21	12	12	12	12	11	21	11	22	11	11	11	12	22	12	21	12	11	12	21	22	12	21	11	11	11	21	11	11	12	12	12	22	12	22	11	12	22	11	12	12	11	11	11	12	11	22	12	12	12	11	12
132	0	39.480	74.185	12	12	11	11	11	22	11	21	12	12	11	21	22	22	12	22	21	11	12	21	12	11	22	22	12	22	12	22	21	11	12	12	11	22	11	12	21	12	12	12	12	11	21	11	22	11	11	11	12	22	12	21	12	11	12	21	22	12	21	11	11	11	21	11	11	12	12	12	22	12	22	11	12	22	11	12	12	11	11	11	12	11	22	12	12	12	11	12
154	0	41.862	74.185	12	12	11	11	11	22	11	21	12	12	11	21	22	22	12	22	21	11	12	21	12	11	22	22	12	22	12	22	21	11	12	12	11	22	11	12	21	12	12	12	12	11	21	11	22	11	11	11	12	22	12	21	12	11	12	21	22	12	11	11	11	11	21	11	11	12	12	12	22	12	22	11	22	22	11	12	12	11	11	11	12	11	22	12	12	12	11	12
155	0	41.862	74.185	12	12	11	11	11	22	11	21	12	12	11	21	22	22	12	22	21	11	12	21	12	11	22	22	12	22	12	22	21	11	12	12	11	22	11	12	21	12	12	12	12	11	21	11	22	11	11	11	12	22	12	21	12	11	12	21	22	12	11	11	11	11	21	11	11	12	12	12	22	12	22	11	22	22	11	12	12	11	11	11	12	11	22	12	12	12	11	12
150	0	43.038	75.362	12	12	11	11	11	22	11	21	12	12	11	21	22	22	12	22	21	11	12	21	12	11	22	22	12	22	12	22	21	11	12	12	11	22	11	12	21	12	12	12	12	11	21	11	22	11	11	11	12	22	12	21	12	12	12	21	22	12	11	11	11	11	21	11	11	22	12	12	22	12	22	11	22	22	11	12	12	11	11	11	12	11	22	12	12	12	11	12
148	0	43.038	76.538	12	12	11	11	11	22	11	21	12	12	11	21	22	22	12	22	21	11	12	21	12	11	22	22	12	22	12	22	21	11	12	12	11	22	11	12	21	12	12	12	12	11	21	11	22	11	11	11	12	22	12	21	12	12	12	21	22	11	11	11	11	11	21	11	11	22	12	12	22	12	22	11	22	22	11	12	12	11	11	11	12	11	22	12	12	12	11	12
149	0	43.038	76.538	12	12	11	11	11	22	11	21	12	12	11	21	22	22	12	22	21	11	12	21	12	11	22	22	12	22	12	22	21	11	12	12	11	22	11	12	21	12	12	12	12	11	21	11	22	11	11	11	12	22	12	21	12	12	12	21	22	11	11	11	11	11	21	11	11	22	12	12	22	12	22	11	22	22	11	12	12	11	11	11	12	11	22	12	12	12	11	12
147	0	43.038	76.538	12	12	11	11	11	22	11	21	12	12	11	21	22	22	12	22	21	11	12	21	12	11	22	22	12	22	12	22	21	11	12	12	11	22	11	12	21	12	12	12	12	11	21	11	22	11	11	11	12	22	12	21	12	12	12	21	22	11	11	11	11	11	21	11	11	22	12	12	22	12	22	11	22	22	11	12	12	11	11	11	12	11	22	12	12	12	11	12
146	0	44.215	80.154	12	12	12	12	11	22	11	21	12	12	11	21	22	22	12	22	21	11	12	21	12	11	22	22	12	22	12	22	21	11	12	12	12	22	11	12	21	12	12	12	12	11	21	11	22	11	11	11	12	22	12	21	12	12	12	21	22	11	11	11	11	11	21	11	11	22	12	12	22	22	22	11	22	22	11	12	12	11	11	11	12	11	22	12	12	12	11	12
145	0	45.391	80.154	12	12	12	12	11	22	11	21	12	12	11	21	22	22	12	22	21	11	12	21	12	11	22	22	12	22	12	22	21	11	12	12	12	12	11	12	21	12	12	12	12	11	21	11	22	11	11	11	12	22	12	21	12	12	12	21	22	11	11	11	11	11	21	11	11	22	12	12	22	22	22	11	22	22	11	12	12	11	11	11	12	11	22	12	12	12	11	12
142	0	45.391	81.331	12	12	12	12	11	22	11	21	12	12	11	21	22	22	12	22	21	11	12	22	12	11	22	22	12	22	12	22	21	11	12	12	12	12	11	12	21	12	12	12	12	11	21	11	22	11	11	11	12	22	12	21	12	12	12	21	22	11	11	11	11	11	21	11	11	22	12	12	22	22	22	11	22	22	11	12	12	11	11	11	12	11	22	12	12	12	11	12
140	0	45.391	81.331	12	12	12	12	11	22	11	21	12	12	11	21	22	22	12	22	21	11	12	22	12	11	22	22	12	22	12	22	21	11	12	12	12	12	11	12	21	12	12	12	12	11	21	11	22	11	11	11	12	22	12	21	12	12	12	21	22	11	11	11	11	11	21	11	11	22	12	12	22	22	22	11	22	22	11	12	12	11	11	11	12	11	22	12	12	12	11	12
143	0	46.568	81.331	12	12	12	12	11	22	11	11	12	12	11	21	22	22	12	22	21	11	12	22	12	11	22	22	12	22	12	22	21	11	12	12	12	12	11	12	21	12	12	12	12	11	21	11	22	11	11	11	12	22	12	21	12	12	12	21	22	11	11	11	11	11	21	11	11	22	12	12	22	22	22	11	22	22	11	12	12	11	11	11	12	11	22	12	12	12	11	12
144	0	46.568	81.331	12	12	12	12	11	22	11	11	12	12	11	21	22	22	12	22	21	11	12	22	12	11	22	22	12	22	12	22	21	11	12	12	12	12	11	12	21	12	12	12	12	11	21	11	22	11	11	11	12	22	12	21	12	12	12	21	22	11	11	11	11	11	21	11	11	22	12	12	22	22	22	11	22	22	11	12	12	11	11	11	12	11	22	12	12	12	11	12
141	0	46.568	83.712	12	12	12	12	11	22	11	11	12	12	11	21	22	21	12	22	21	11	12	22	12	11	22	22	12	22	12	22	21	11	12	12	12	12	11	12	21	12	12	11	12	11	21	11	22	11	11	11	12	22	12	21	12	12	12	21	22	11	11	11	11	11	21	11	11	22	12	12	22	22	22	11	22	22	11	12	12	11	11	11	12	11	22	12	12	12	11	12
