MARKER	CHR	MALE_POS	FEMALE_POS	P1xP2	P1xP2	P1xP2	P1xP2	P1xP2	P1xP2	P1xP2	P1xP2	P1xP2	P1xP2	P1xP2	P1xP2	P1xP2	P1xP2	P1xP2	P1xP2	P1xP2	P1xP2	P1xP2	P1xP2	P1xP2	P1xP2	P1xP2	P1xP2	P1xP2	P1xP2	P1xP2	P1xP2	P1xP2	P1xP2	P1xP2	P1xP2	P1xP2	P1xP2	P1xP2	P1xP2	P1xP2	P1xP2	P1xP2	P1xP2	P1xP2	P1xP2	P1xP2	P1xP2	P1xP2	P1xP2	P1xP2	P1xP2	P1xP2	P1xP2	P1xP2	P1xP2	P1xP2	P1xP2	P1xP2	P1xP2	P1xP2	P1xP2	P1xP2	P1xP2	P1xP2	P1xP2	P1xP2	P1xP2	P1xP2	P1xP2	P1xP2	P1xP2	P1xP2	P1xP2	P1xP2	P1xP2	P1xP2	P1xP2	P1xP2	P1xP2	P1xP2	P1xP2	P1xP2	P1xP2	P1xP2	P1xP2	P1xP2	P1xP2	P1xP2	P1xP2	P1xP2	P1xP2
MARKER	CHR	MALE_POS	FEMALE_POS	P1	P2	C1	C2	C3	C4	C5	C6	C7	C8	C9	C10	C11	C12	C13	C14	C15	C16	C17	C18	C19	C20	C21	C22	C23	C24	C25	C26	C27	C28	C29	C30	C31	C32	C33	C34	C35	C36	C37	C38	C39	C40	C41	C42	C43	C44	C45	C46	C47	C48	C49	C50	C51	C52	C53	C54	C55	C56	C57	C58	C59	C60	C61	C62	C63	C64	C65	C66	C67	C68	C69	C70	C71	C72	C73	C74	C75	C76	C77	C78	C79	C80	C81	C82	C83	C84	C85	C86
MARKER	CHR	MALE_POS	FEMALE_POS	0	0	P1	P1	P1	P1	P1	P1	P1	P1	P1	P1	P1	P1	P1	P1	P1	P1	P1	P1	P1	P1	P1	P1	P1	P1	P1	P1	P1	P1	P1	P1	P1	P1	P1	P1	P1	P1	P1	P1	P1	P1	P1	P1	P1	P1	P1	P1	P1	P1	P1	P1	P1	P1	P1	P1	P1	P1	P1	P1	P1	P1	P1	P1	P1	P1	P1	P1	P1	P1	P1	P1	P1	P1	P1	P1	P1	P1	P1	P1	P1	P1	P1	P1	P1	P1	P1	P1
MARKER	CHR	MALE_POS	FEMALE_POS	0	0	P2	P2	P2	P2	P2	P2	P2	P2	P2	P2	P2	P2	P2	P2	P2	P2	P2	P2	P2	P2	P2	P2	P2	P2	P2	P2	P2	P2	P2	P2	P2	P2	P2	P2	P2	P2	P2	P2	P2	P2	P2	P2	P2	P2	P2	P2	P2	P2	P2	P2	P2	P2	P2	P2	P2	P2	P2	P2	P2	P2	P2	P2	P2	P2	P2	P2	P2	P2	P2	P2	P2	P2	P2	P2	P2	P2	P2	P2	P2	P2	P2	P2	P2	P2	P2	P2
MARKER	CHR	MALE_POS	FEMALE_POS	1	2	0	0	0	0	0	0	0	0	0	0	0	0	0	0	0	0	0	0	0	0	0	0	0	0	0	0	0	0	0	0	0	0	0	0	0	0	0	0	0	0	0	0	0	0	0	0	0	0	0	0	0	0	0	0	0	0	0	0	0	0	0	0	0	0	0	0	0	0	0	0	0	0	0	0	0	0	0	0	0	0	0	0	0	0	0	0
MARKER	CHR	MALE_POS	FEMALE_POS	0	0	0	0	0	0	0	0	0	0	0	0	0	0	0	0	0	0	0	0	0	0	0	0	0	0	0	0	0	0	0	0	0	0	0	0	0	0	0	0	0	0	0	0	0	0	0	0	0	0	0	0	0	0	0	0	0	0	0	0	0	0	0	0	0	0	0	0	0	0	0	0	0	0	0	0	0	0	0	0	0	0	0	0	0	0	0	0
265	0	0.000	0.000	12	12	22	22	21	12	21	22	22	12	22	22	22	11	21	11	12	12	22	22	22	22	21	21	12	22	22	22	21	11	12	22	21	22	11	12	22	11	11	22	11	11	12	12	11	22	11	11	22	12	21	11	12	22	21	21	21	21	11	12	11	22	11	11	11	22	22	21	11	11	12	21	22	12	12	22	21	22	21	22	11	22	21	21	11	21	22	12
262	0	0.000	2.381	12	12	22	22	21	12	21	22	22	12	22	22	22	11	21	11	12	12	22	22	22	22	21	21	12	22	22	22	21	11	12	22	21	22	11	12	22	11	11	22	11	11	12	12	11	22	11	11	22	12	21	11	12	22	21	21	22	21	11	12	11	22	11	11	11	22	22	21	11	11	12	21	22	12	12	22	21	22	21	22	11	21	21	21	11	21	22	12
263	0	0.000	2.381	12	12	22	22	21	12	21	22	22	12	22	22	22	11	21	11	12	12	22	22	22	22	21	21	12	22	22	22	21	11	12	22	21	22	11	12	22	11	11	22	11	11	12	12	11	22	11	11	22	12	21	11	12	22	21	21	22	21	11	12	11	22	11	11	11	22	22	21	11	11	12	21	22	12	12	22	21	22	21	22	11	21	21	21	11	21	22	12
264	0	0.000	2.381	12	12	22	22	21	12	21	22	22	12	22	22	22	11	21	11	12	12	22	22	22	22	21	21	12	22	22	22	21	11	12	22	21	22	11	12	22	11	11	22	11	11	12	12	11	22	11	11	22	12	21	11	12	22	21	21	22	21	11	12	11	22	11	11	11	22	22	21	11	11	12	21	22	12	12	22	21	22	21	22	11	21	21	21	11	21	22	12
261	0	0.000	5.997	12	12	22	22	21	12	21	22	22	12	22	22	22	11	21	11	12	12	22	22	22	22	21	21	12	22	22	22	21	11	12	22	21	22	11	12	22	11	11	22	11	11	12	12	11	22	11	11	22	12	22	12	12	22	21	21	22	21	11	11	11	22	11	11	11	22	22	21	11	11	12	21	22	12	12	22	21	22	21	22	11	21	21	21	11	21	22	12
257	0	0.000	10.879	12	12	22	22	21	12	21	22	22	12	22	22	22	11	21	11	12	12	21	22	21	22	21	21	12	21	22	22	21	11	12	22	21	22	11	12	22	11	11	22	11	11	12	12	11	22	11	11	22	12	22	12	12	22	21	21	22	21	11	11	12	22	11	11	11	22	22	21	11	11	12	21	22	12	12	22	21	22	21	22	11	21	21	21	11	21	22	12
260	0	0.000	10.879	12	12	22	22	21	12	21	22	22	12	22	22	22	11	21	11	12	12	21	22	21	22	21	21	12	21	22	22	21	11	12	22	21	22	11	12	22	11	11	22	11	11	12	12	11	22	11	11	22	12	22	12	12	22	21	21	22	21	11	11	12	22	11	11	11	22	22	21	11	11	12	21	22	12	12	22	21	22	21	22	11	21	21	21	11	21	22	12
258	0	0.000	10.879	12	12	22	22	21	12	21	22	22	12	22	22	22	11	21	11	12	12	21	22	21	22	21	21	12	21	22	22	21	11	12	22	21	22	11	12	22	11	11	22	11	11	12	12	11	22	11	11	22	12	22	12	12	22	21	21	22	21	11	11	12	22	11	11	11	22	22	21	11	11	12	21	22	12	12	22	21	22	21	22	11	21	21	21	11	21	22	12
259	0	0.000	10.879	12	12	22	22	21	12	21	22	22	12	22	22	22	11	21	11	12	12	21	22	21	22	21	21	12	21	22	22	21	11	12	22	21	22	11	12	22	11	11	22	11	11	12	12	11	22	11	11	22	12	22	12	12	22	21	21	22	21	11	11	12	22	11	11	11	22	22	21	11	11	12	21	22	12	12	22	21	22	21	22	11	21	21	21	11	21	22	12
256	0	2.381	10.879	12	12	22	22	21	12	21	22	22	12	22	22	22	11	21	11	12	12	11	22	11	22	21	21	12	21	22	22	21	11	12	22	21	22	11	12	22	11	11	22	11	11	12	12	11	22	11	11	22	12	22	12	12	22	21	21	22	21	11	11	12	22	11	11	11	22	22	21	11	11	12	21	22	12	12	22	21	22	21	22	11	21	21	21	11	21	22	12
255	0	3.558	10.879	12	12	22	22	21	12	21	22	22	12	22	22	22	11	21	11	12	12	11	22	11	22	21	21	12	21	22	22	21	11	12	22	21	22	11	12	22	11	11	22	11	11	12	12	11	22	11	11	22	12	22	12	12	22	21	21	22	21	11	11	12	22	11	11	11	22	22	21	11	11	12	21	22	12	12	22	21	22	21	22	11	21	21	11	11	21	22	12
243	0	3.558	12.056	12	12	22	22	21	12	21	22	22	12	22	22	22	11	21	11	12	12	11	22	11	22	21	21	12	21	22	22	21	11	12	22	21	22	11	12	22	11	11	22	11	11	12	12	11	22	11	11	22	12	22	12	12	22	21	21	22	21	11	11	12	22	11	11	11	22	22	21	11	11	12	21	22	12	12	22	21	22	21	22	11	21	22	11	11	21	22	12
244	0	4.734	12.056	12	12	22	22	21	12	21	22	22	12	22	22	22	11	21	11	22	12	11	22	11	22	21	21	12	21	22	22	21	11	12	22	21	22	11	12	22	11	11	22	11	11	12	12	11	22	11	11	22	12	22	12	12	22	21	21	22	21	11	11	12	22	11	11	11	22	22	21	11	11	12	21	22	12	12	22	21	22	21	22	11	21	22	11	11	21	22	12
245	0	4.734	12.056	12	12	22	22	21	12	21	22	22	12	22	22	22	11	21	11	22	12	11	22	11	22	21	21	12	21	22	22	21	11	12	22	21	22	11	12	22	11	11	22	11	11	12	12	11	22	11	11	22	12	22	12	12	22	21	21	22	21	11	11	12	22	11	11	11	22	22	21	11	11	12	21	22	12	12	22	21	22	21	22	11	21	22	11	11	21	22	12
251	0	4.734	12.056	12	12	22	22	21	12	21	22	22	12	22	22	22	11	21	11	22	12	11	22	11	22	21	21	12	21	22	22	21	11	12	22	21	22	11	12	22	11	11	22	11	11	12	12	11	22	11	11	22	12	22	12	12	22	21	21	22	21	11	11	12	22	11	11	11	22	22	21	11	11	12	21	22	12	12	22	21	22	21	22	11	21	22	11	11	21	22	12
246	0	4.734	12.056	12	12	22	22	21	12	21	22	22	12	22	22	22	11	21	11	22	12	11	22	11	22	21	21	12	21	22	22	21	11	12	22	21	22	11	12	22	11	11	22	11	11	12	12	11	22	11	11	22	12	22	12	12	22	21	21	22	21	11	11	12	22	11	11	11	22	22	21	11	11	12	21	22	12	12	22	21	22	21	22	11	21	22	11	11	21	22	12
250	0	4.734	12.056	12	12	22	22	21	12	21	22	22	12	22	22	22	11	21	11	22	12	11	22	11	22	21	21	12	21	22	22	21	11	12	22	21	22	11	12	22	11	11	22	11	11	12	12	11	22	11	11	22	12	22	12	12	22	21	21	22	21	11	11	12	22	11	11	11	22	22	21	11	11	12	21	22	12	12	22	21	22	21	22	11	21	22	11	11	21	22	12
252	0	4.734	12.056	12	12	22	22	21	12	21	22	22	12	22	22	22	11	21	11	22	12	11	22	11	22	21	21	12	21	22	22	21	11	12	22	21	22	11	12	22	11	11	22	11	11	12	12	11	22	11	11	22	12	22	12	12	22	21	21	22	21	11	11	12	22	11	11	11	22	22	21	11	11	12	21	22	12	12	22	21	22	21	22	11	21	22	11	11	21	22	12
247	0	4.734	13.232	12	12	22	22	21	12	21	22	22	12	22	22	22	11	21	11	21	12	11	22	11	22	21	21	12	21	22	22	21	11	12	22	21	22	11	12	22	11	11	22	11	11	12	12	11	22	11	11	22	12	22	12	12	22	21	21	22	21	11	11	12	22	11	11	11	22	22	21	11	11	12	21	22	12	12	22	21	22	21	22	11	21	22	11	11	21	22	12
249	0	4.734	13.232	12	12	22	22	21	12	21	22	22	12	22	22	22	11	21	11	21	12	11	22	11	22	21	21	12	21	22	22	21	11	12	22	21	22	11	12	22	11	11	22	11	11	12	12	11	22	11	11	22	12	22	12	12	22	21	21	22	21	11	11	12	22	11	11	11	22	22	21	11	11	12	21	22	12	12	22	21	22	21	22	11	21	22	11	11	21	22	12
248	0	4.734	13.232	12	12	22	22	21	12	21	22	22	12	22	22	22	11	21	11	21	12	11	22	11	22	21	21	12	21	22	22	21	11	12	22	21	22	11	12	22	11	11	22	11	11	12	12	11	22	11	11	22	12	22	12	12	22	21	21	22	21	11	11	12	22	11	11	11	22	22	21	11	11	12	21	22	12	12	22	21	22	21	22	11	21	22	11	11	21	22	12
253	0	4.734	14.409	12	12	22	22	21	12	21	21	22	12	22	22	22	11	21	11	21	12	11	22	11	22	21	21	12	21	22	22	21	11	12	22	21	22	11	12	22	11	11	22	11	11	12	12	11	22	11	11	22	12	22	12	12	22	21	21	22	21	11	11	12	22	11	11	11	22	22	21	11	11	12	21	22	12	12	22	21	22	21	22	11	21	22	11	11	21	22	12
254	0	4.734	14.409	12	12	22	22	21	12	21	21	22	12	22	22	22	11	21	11	21	12	11	22	11	22	21	21	12	21	22	22	21	11	12	22	21	22	11	12	22	11	11	22	11	11	12	12	11	22	11	11	22	12	22	12	12	22	21	21	22	21	11	11	12	22	11	11	11	22	22	21	11	11	12	21	22	12	12	22	21	22	21	22	11	21	22	11	11	21	22	12
242	0	5.911	14.409	12	12	22	22	21	12	21	21	22	12	22	22	22	11	21	11	21	12	11	22	11	22	21	21	12	21	22	22	21	11	12	22	21	22	11	12	22	11	11	22	11	11	12	12	11	22	11	11	22	12	22	12	12	22	21	21	22	21	11	11	12	22	11	21	11	22	22	21	11	11	12	21	22	12	12	22	21	22	21	22	11	21	22	11	11	21	22	12
240	0	5.911	15.585	12	12	22	22	21	12	21	21	22	12	22	22	22	11	21	11	21	12	11	22	11	22	21	21	12	21	22	22	21	11	12	22	21	22	11	11	22	11	11	22	11	11	12	12	11	22	11	11	22	12	22	12	12	22	21	21	22	21	11	11	12	22	11	21	11	22	22	21	11	11	12	21	22	12	12	22	21	22	21	22	11	21	22	11	11	21	22	12
239	0	5.911	15.585	12	12	22	22	21	12	21	21	22	12	22	22	22	11	21	11	21	12	11	22	11	22	21	21	12	21	22	22	21	11	12	22	21	22	11	11	22	11	11	22	11	11	12	12	11	22	11	11	22	12	22	12	12	22	21	21	22	21	11	11	12	22	11	21	11	22	22	21	11	11	12	21	22	12	12	22	21	22	21	22	11	21	22	11	11	21	22	12
241	0	5.911	15.585	12	12	22	22	21	12	21	21	22	12	22	22	22	11	21	11	21	12	11	22	11	22	21	21	12	21	22	22	21	11	12	22	21	22	11	11	22	11	11	22	11	11	12	12	11	22	11	11	22	12	22	12	12	22	21	21	22	21	11	11	12	22	11	21	11	22	22	21	11	11	12	21	22	12	12	22	21	22	21	22	11	21	22	11	11	21	22	12
237	0	5.911	16.762	12	12	22	22	21	12	21	21	22	12	22	22	22	11	21	11	21	12	11	22	11	22	21	21	12	21	22	22	22	11	12	22	21	22	11	11	22	11	11	22	11	11	12	12	11	22	11	11	22	12	22	12	12	22	21	21	22	21	11	11	12	22	11	21	11	22	22	21	11	11	12	21	22	12	12	22	21	22	21	22	11	21	22	11	11	21	22	12
236	0	5.911	16.762	12	12	22	22	21	12	21	21	22	12	22	22	22	11	21	11	21	12	11	22	11	22	21	21	12	21	22	22	22	11	12	22	21	22	11	11	22	11	11	22	11	11	12	12	11	22	11	11	22	12	22	12	12	22	21	21	22	21	11	11	12	22	11	21	11	22	22	21	11	11	12	21	22	12	12	22	21	22	21	22	11	21	22	11	11	21	22	12
238	0	5.911	16.762	12	12	22	22	21	12	21	21	22	12	22	22	22	11	21	11	21	12	11	22	11	22	21	21	12	21	22	22	22	11	12	22	21	22	11	11	22	11	11	22	11	11	12	12	11	22	11	11	22	12	22	12	12	22	21	21	22	21	11	11	12	22	11	21	11	22	22	21	11	11	12	21	22	12	12	22	21	22	21	22	11	21	22	11	11	21	22	12
233	0	5.911	19.143	12	12	22	22	21	12	21	21	22	12	22	22	22	11	21	11	21	12	11	22	11	22	21	21	12	21	22	22	22	11	12	21	21	22	11	11	22	11	11	22	11	11	12	12	11	22	11	11	22	12	22	12	12	22	21	21	22	21	11	11	12	22	11	21	11	22	22	21	11	11	12	21	22	12	12	22	22	22	21	22	11	21	22	11	11	21	22	12
232	0	5.911	19.143	12	12	22	22	21	12	21	21	22	12	22	22	22	11	21	11	21	12	11	22	11	22	21	21	12	21	22	22	22	11	12	21	21	22	11	11	22	11	11	22	11	11	12	12	11	22	11	11	22	12	22	12	12	22	21	21	22	21	11	11	12	22	11	21	11	22	22	21	11	11	12	21	22	12	12	22	22	22	21	22	11	21	22	11	11	21	22	12
234	0	5.911	19.143	12	12	22	22	21	12	21	21	22	12	22	22	22	11	21	11	21	12	11	22	11	22	21	21	12	21	22	22	22	11	12	21	21	22	11	11	22	11	11	22	11	11	12	12	11	22	11	11	22	12	22	12	12	22	21	21	22	21	11	11	12	22	11	21	11	22	22	21	11	11	12	21	22	12	12	22	22	22	21	22	11	21	22	11	11	21	22	12
235	0	5.911	19.143	12	12	22	22	21	12	21	21	22	12	22	22	22	11	21	11	21	12	11	22	11	22	21	21	12	21	22	22	22	11	12	21	21	22	11	11	22	11	11	22	11	11	12	12	11	22	11	11	22	12	22	12	12	22	21	21	22	21	11	11	12	22	11	21	11	22	22	21	11	11	12	21	22	12	12	22	22	22	21	22	11	21	22	11	11	21	22	12
231	0	5.911	20.320	12	12	22	22	21	12	21	21	22	12	22	22	22	11	21	11	21	12	11	22	11	22	21	21	12	21	22	22	22	11	12	21	21	22	11	11	22	11	11	22	11	11	12	12	11	22	11	11	22	12	22	12	12	22	21	21	22	21	11	11	12	22	11	21	11	22	22	21	11	11	12	21	22	12	12	22	22	21	21	22	11	21	22	11	11	21	22	12
223	0	5.911	22.701	12	12	22	22	21	12	21	21	22	12	22	22	22	11	21	11	21	12	11	22	11	22	21	21	12	21	22	22	22	11	12	21	21	22	11	11	22	11	12	22	12	11	12	12	11	22	11	11	22	12	22	12	12	22	21	21	22	21	11	11	12	22	11	21	11	22	22	21	11	11	12	21	22	12	12	22	22	21	21	22	11	21	22	11	11	21	22	12
224	0	5.911	22.701	12	12	22	22	21	12	21	21	22	12	22	22	22	11	21	11	21	12	11	22	11	22	21	21	12	21	22	22	22	11	12	21	21	22	11	11	22	11	12	22	12	11	12	12	11	22	11	11	22	12	22	12	12	22	21	21	22	21	11	11	12	22	11	21	11	22	22	21	11	11	12	21	22	12	12	22	22	21	21	22	11	21	22	11	11	21	22	12
229	0	5.911	22.701	12	12	22	22	21	12	21	21	22	12	22	22	22	11	21	11	21	12	11	22	11	22	21	21	12	21	22	22	22	11	12	21	21	22	11	11	22	11	12	22	12	11	12	12	11	22	11	11	22	12	22	12	12	22	21	21	22	21	11	11	12	22	11	21	11	22	22	21	11	11	12	21	22	12	12	22	22	21	21	22	11	21	22	11	11	21	22	12
228	0	5.911	22.701	12	12	22	22	21	12	21	21	22	12	22	22	22	11	21	11	21	12	11	22	11	22	21	21	12	21	22	22	22	11	12	21	21	22	11	11	22	11	12	22	12	11	12	12	11	22	11	11	22	12	22	12	12	22	21	21	22	21	11	11	12	22	11	21	11	22	22	21	11	11	12	21	22	12	12	22	22	21	21	22	11	21	22	11	11	21	22	12
227	0	5.911	22.701	12	12	22	22	21	12	21	21	22	12	22	22	22	11	21	11	21	12	11	22	11	22	21	21	12	21	22	22	22	11	12	21	21	22	11	11	22	11	12	22	12	11	12	12	11	22	11	11	22	12	22	12	12	22	21	21	22	21	11	11	12	22	11	21	11	22	22	21	11	11	12	21	22	12	12	22	22	21	21	22	11	21	22	11	11	21	22	12
221	0	5.911	22.701	12	12	22	22	21	12	21	21	22	12	22	22	22	11	21	11	21	12	11	22	11	22	21	21	12	21	22	22	22	11	12	21	21	22	11	11	22	11	12	22	12	11	12	12	11	22	11	11	22	12	22	12	12	22	21	21	22	21	11	11	12	22	11	21	11	22	22	21	11	11	12	21	22	12	12	22	22	21	21	22	11	21	22	11	11	21	22	12
226	0	5.911	22.701	12	12	22	22	21	12	21	21	22	12	22	22	22	11	21	11	21	12	11	22	11	22	21	21	12	21	22	22	22	11	12	21	21	22	11	11	22	11	12	22	12	11	12	12	11	22	11	11	22	12	22	12	12	22	21	21	22	21	11	11	12	22	11	21	11	22	22	21	11	11	12	21	22	12	12	22	22	21	21	22	11	21	22	11	11	21	22	12
225	0	5.911	22.701	12	12	22	22	21	12	21	21	22	12	22	22	22	11	21	11	21	12	11	22	11	22	21	21	12	21	22	22	22	11	12	21	21	22	11	11	22	11	12	22	12	11	12	12	11	22	11	11	22	12	22	12	12	22	21	21	22	21	11	11	12	22	11	21	11	22	22	21	11	11	12	21	22	12	12	22	22	21	21	22	11	21	22	11	11	21	22	12
222	0	5.911	22.701	12	12	22	22	21	12	21	21	22	12	22	22	22	11	21	11	21	12	11	22	11	22	21	21	12	21	22	22	22	11	12	21	21	22	11	11	22	11	12	22	12	11	12	12	11	22	11	11	22	12	22	12	12	22	21	21	22	21	11	11	12	22	11	21	11	22	22	21	11	11	12	21	22	12	12	22	22	21	21	22	11	21	22	11	11	21	22	12
220	0	5.911	22.701	12	12	22	22	21	12	21	21	22	12	22	22	22	11	21	11	21	12	11	22	11	22	21	21	12	21	22	22	22	11	12	21	21	22	11	11	22	11	12	22	12	11	12	12	11	22	11	11	22	12	22	12	12	22	21	21	22	21	11	11	12	22	11	21	11	22	22	21	11	11	12	21	22	12	12	22	22	21	21	22	11	21	22	11	11	21	22	12
230	0	5.911	22.701	12	12	22	22	21	12	21	21	22	12	22	22	22	11	21	11	21	12	11	22	11	22	21	21	12	21	22	22	22	11	12	21	21	22	11	11	22	11	12	22	12	11	12	12	11	22	11	11	22	12	22	12	12	22	21	21	22	21	11	11	12	22	11	21	11	22	22	21	11	11	12	21	22	12	12	22	22	21	21	22	11	21	22	11	11	21	22	12
213	0	5.911	25.083	12	12	22	22	21	12	21	21	22	12	22	22	22	11	21	11	21	12	11	21	11	22	21	21	12	21	22	22	22	11	12	21	21	22	11	11	22	11	12	22	12	11	12	12	11	22	11	11	22	12	22	12	12	22	21	21	22	21	11	11	12	22	11	21	11	22	22	21	11	11	11	21	22	12	12	22	22	21	21	22	11	21	22	11	11	21	22	12
215	0	5.911	25.083	12	12	22	22	21	12	21	21	22	12	22	22	22	11	21	11	21	12	11	21	11	22	21	21	12	21	22	22	22	11	12	21	21	22	11	11	22	11	12	22	12	11	12	12	11	22	11	11	22	12	22	12	12	22	21	21	22	21	11	11	12	22	11	21	11	22	22	21	11	11	11	21	22	12	12	22	22	21	21	22	11	21	22	11	11	21	22	12
217	0	5.911	25.083	12	12	22	22	21	12	21	21	22	12	22	22	22	11	21	11	21	12	11	21	11	22	21	21	12	21	22	22	22	11	12	21	21	22	11	11	22	11	12	22	12	11	12	12	11	22	11	11	22	12	22	12	12	22	21	21	22	21	11	11	12	22	11	21	11	22	22	21	11	11	11	21	22	12	12	22	22	21	21	22	11	21	22	11	11	21	22	12
211	0	5.911	25.083	12	12	22	22	21	12	21	21	22	12	22	22	22	11	21	11	21	12	11	21	11	22	21	21	12	21	22	22	22	11	12	21	21	22	11	11	22	11	12	22	12	11	12	12	11	22	11	11	22	12	22	12	12	22	21	21	22	21	11	11	12	22	11	21	11	22	22	21	11	11	11	21	22	12	12	22	22	21	21	22	11	21	22	11	11	21	22	12
218	0	5.911	25.083	12	12	22	22	21	12	21	21	22	12	22	22	22	11	21	11	21	12	11	21	11	22	21	21	12	21	22	22	22	11	12	21	21	22	11	11	22	11	12	22	12	11	12	12	11	22	11	11	22	12	22	12	12	22	21	21	22	21	11	11	12	22	11	21	11	22	22	21	11	11	11	21	22	12	12	22	22	21	21	22	11	21	22	11	11	21	22	12
212	0	5.911	25.083	12	12	22	22	21	12	21	21	22	12	22	22	22	11	21	11	21	12	11	21	11	22	21	21	12	21	22	22	22	11	12	21	21	22	11	11	22	11	12	22	12	11	12	12	11	22	11	11	22	12	22	12	12	22	21	21	22	21	11	11	12	22	11	21	11	22	22	21	11	11	11	21	22	12	12	22	22	21	21	22	11	21	22	11	11	21	22	12
209	0	5.911	25.083	12	12	22	22	21	12	21	21	22	12	22	22	22	11	21	11	21	12	11	21	11	22	21	21	12	21	22	22	22	11	12	21	21	22	11	11	22	11	12	22	12	11	12	12	11	22	11	11	22	12	22	12	12	22	21	21	22	21	11	11	12	22	11	21	11	22	22	21	11	11	11	21	22	12	12	22	22	21	21	22	11	21	22	11	11	21	22	12
210	0	5.911	25.083	12	12	22	22	21	12	21	21	22	12	22	22	22	11	21	11	21	12	11	21	11	22	21	21	12	21	22	22	22	11	12	21	21	22	11	11	22	11	12	22	12	11	12	12	11	22	11	11	22	12	22	12	12	22	21	21	22	21	11	11	12	22	11	21	11	22	22	21	11	11	11	21	22	12	12	22	22	21	21	22	11	21	22	11	11	21	22	12
208	0	5.911	25.083	12	12	22	22	21	12	21	21	22	12	22	22	22	11	21	11	21	12	11	21	11	22	21	21	12	21	22	22	22	11	12	21	21	22	11	11	22	11	12	22	12	11	12	12	11	22	11	11	22	12	22	12	12	22	21	21	22	21	11	11	12	22	11	21	11	22	22	21	11	11	11	21	22	12	12	22	22	21	21	22	11	21	22	11	11	21	22	12
214	0	5.911	25.083	12	12	22	22	21	12	21	21	22	12	22	22	22	11	21	11	21	12	11	21	11	22	21	21	12	21	22	22	22	11	12	21	21	22	11	11	22	11	12	22	12	11	12	12	11	22	11	11	22	12	22	12	12	22	21	21	22	21	11	11	12	22	11	21	11	22	22	21	11	11	11	21	22	12	12	22	22	21	21	22	11	21	22	11	11	21	22	12
207	0	5.911	25.083	12	12	22	22	21	12	21	21	22	12	22	22	22	11	21	11	21	12	11	21	11	22	21	21	12	21	22	22	22	11	12	21	21	22	11	11	22	11	12	22	12	11	12	12	11	22	11	11	22	12	22	12	12	22	21	21	22	21	11	11	12	22	11	21	11	22	22	21	11	11	11	21	22	12	12	22	22	21	21	22	11	21	22	11	11	21	22	12
219	0	5.911	25.083	12	12	22	22	21	12	21	21	22	12	22	22	22	11	21	11	21	12	11	21	11	22	21	21	12	21	22	22	22	11	12	21	21	22	11	11	22	11	12	22	12	11	12	12	11	22	11	11	22	12	22	12	12	22	21	21	22	21	11	11	12	22	11	21	11	22	22	21	11	11	11	21	22	12	12	22	22	21	21	22	11	21	22	11	11	21	22	12
216	0	5.911	25.083	12	12	22	22	21	12	21	21	22	12	22	22	22	11	21	11	21	12	11	21	11	22	21	21	12	21	22	22	22	11	12	21	21	22	11	11	22	11	12	22	12	11	12	12	11	22	11	11	22	12	22	12	12	22	21	21	22	21	11	11	12	22	11	21	11	22	22	21	11	11	11	21	22	12	12	22	22	21	21	22	11	21	22	11	11	21	22	12
201	0	5.911	26.259	12	12	22	22	21	12	21	21	22	12	22	22	22	11	21	12	21	12	11	21	11	22	21	21	12	21	22	22	22	11	12	21	21	22	11	11	22	11	12	22	12	11	12	12	11	22	11	11	22	12	22	12	12	22	21	21	22	21	11	11	12	22	11	21	11	22	22	21	11	11	11	21	22	12	12	22	22	21	21	22	11	21	22	11	11	21	22	12
203	0	5.911	26.259	12	12	22	22	21	12	21	21	22	12	22	22	22	11	21	12	21	12	11	21	11	22	21	21	12	21	22	22	22	11	12	21	21	22	11	11	22	11	12	22	12	11	12	12	11	22	11	11	22	12	22	12	12	22	21	21	22	21	11	11	12	22	11	21	11	22	22	21	11	11	11	21	22	12	12	22	22	21	21	22	11	21	22	11	11	21	22	12
202	0	5.911	26.259	12	12	22	22	21	12	21	21	22	12	22	22	22	11	21	12	21	12	11	21	11	22	21	21	12	21	22	22	22	11	12	21	21	22	11	11	22	11	12	22	12	11	12	12	11	22	11	11	22	12	22	12	12	22	21	21	22	21	11	11	12	22	11	21	11	22	22	21	11	11	11	21	22	12	12	22	22	21	21	22	11	21	22	11	11	21	22	12
205	0	5.911	26.259	12	12	22	22	21	12	21	21	22	12	22	22	22	11	21	12	21	12	11	21	11	22	21	21	12	21	22	22	22	11	12	21	21	22	11	11	22	11	12	22	12	11	12	12	11	22	11	11	22	12	22	12	12	22	21	21	22	21	11	11	12	22	11	21	11	22	22	21	11	11	11	21	22	12	12	22	22	21	21	22	11	21	22	11	11	21	22	12
194	0	7.088	26.259	12	12	22	22	21	12	21	21	22	12	22	22	22	11	21	12	21	12	11	21	11	22	21	21	12	21	22	22	22	11	12	21	21	22	11	11	22	11	12	22	12	11	12	12	11	22	11	11	22	12	12	12	12	22	21	21	22	21	11	11	12	22	11	21	11	22	22	21	11	11	11	21	22	12	12	22	22	21	21	22	11	21	22	11	11	21	22	12
198	0	7.088	26.259	12	12	22	22	21	12	21	21	22	12	22	22	22	11	21	12	21	12	11	21	11	22	21	21	12	21	22	22	22	11	12	21	21	22	11	11	22	11	12	22	12	11	12	12	11	22	11	11	22	12	12	12	12	22	21	21	22	21	11	11	12	22	11	21	11	22	22	21	11	11	11	21	22	12	12	22	22	21	21	22	11	21	22	11	11	21	22	12
189	0	7.088	26.259	12	12	22	22	21	12	21	21	22	12	22	22	22	11	21	12	21	12	11	21	11	22	21	21	12	21	22	22	22	11	12	21	21	22	11	11	22	11	12	22	12	11	12	12	11	22	11	11	22	12	12	12	12	22	21	21	22	21	11	11	12	22	11	21	11	22	22	21	11	11	11	21	22	12	12	22	22	21	21	22	11	21	22	11	11	21	22	12
199	0	7.088	26.259	12	12	22	22	21	12	21	21	22	12	22	22	22	11	21	12	21	12	11	21	11	22	21	21	12	21	22	22	22	11	12	21	21	22	11	11	22	11	12	22	12	11	12	12	11	22	11	11	22	12	12	12	12	22	21	21	22	21	11	11	12	22	11	21	11	22	22	21	11	11	11	21	22	12	12	22	22	21	21	22	11	21	22	11	11	21	22	12
190	0	7.088	26.259	12	12	22	22	21	12	21	21	22	12	22	22	22	11	21	12	21	12	11	21	11	22	21	21	12	21	22	22	22	11	12	21	21	22	11	11	22	11	12	22	12	11	12	12	11	22	11	11	22	12	12	12	12	22	21	21	22	21	11	11	12	22	11	21	11	22	22	21	11	11	11	21	22	12	12	22	22	21	21	22	11	21	22	11	11	21	22	12
183	0	7.088	26.259	12	12	22	22	21	12	21	21	22	12	22	22	22	11	21	12	21	12	11	21	11	22	21	21	12	21	22	22	22	11	12	21	21	22	11	11	22	11	12	22	12	11	12	12	11	22	11	11	22	12	12	12	12	22	21	21	22	21	11	11	12	22	11	21	11	22	22	21	11	11	11	21	22	12	12	22	22	21	21	22	11	21	22	11	11	21	22	12
186	0	7.088	26.259	12	12	22	22	21	12	21	21	22	12	22	22	22	11	21	12	21	12	11	21	11	22	21	21	12	21	22	22	22	11	12	21	21	22	11	11	22	11	12	22	12	11	12	12	11	22	11	11	22	12	12	12	12	22	21	21	22	21	11	11	12	22	11	21	11	22	22	21	11	11	11	21	22	12	12	22	22	21	21	22	11	21	22	11	11	21	22	12
206	0	7.088	27.436	12	12	22	22	21	12	21	21	22	12	22	22	22	11	21	12	21	12	11	21	11	22	21	21	12	21	22	22	22	11	12	21	21	22	11	11	22	11	12	22	12	11	12	12	11	22	11	11	22	12	12	12	12	22	21	21	22	21	11	11	12	22	11	22	11	22	22	21	11	11	11	21	22	12	12	22	22	21	21	22	11	21	22	11	11	21	22	12
204	0	7.088	27.436	12	12	22	22	21	12	21	21	22	12	22	22	22	11	21	12	21	12	11	21	11	22	21	21	12	21	22	22	22	11	12	21	21	22	11	11	22	11	12	22	12	11	12	12	11	22	11	11	22	12	12	12	12	22	21	21	22	21	11	11	12	22	11	22	11	22	22	21	11	11	11	21	22	12	12	22	22	21	21	22	11	21	22	11	11	21	22	12
187	0	7.088	27.436	12	12	22	22	21	12	21	21	22	12	22	22	22	11	21	12	21	12	11	21	11	22	21	21	12	21	22	22	22	11	12	21	21	22	11	11	22	11	12	22	12	11	12	12	11	22	11	11	22	12	12	12	12	22	21	21	22	21	11	11	12	22	11	22	11	22	22	21	11	11	11	21	22	12	12	22	22	21	21	22	11	21	22	11	11	21	22	12
193	0	8.264	27.436	12	12	22	22	21	12	21	21	22	12	22	22	22	11	21	12	21	12	11	21	11	22	21	21	12	21	22	22	22	11	12	21	21	22	11	21	22	11	12	22	12	11	12	12	11	22	11	11	22	12	12	12	12	22	21	21	22	21	11	11	12	22	11	22	11	22	22	21	11	11	11	21	22	12	12	22	22	21	21	22	11	21	22	11	11	21	22	12
191	0	8.264	27.436	12	12	22	22	21	12	21	21	22	12	22	22	22	11	21	12	21	12	11	21	11	22	21	21	12	21	22	22	22	11	12	21	21	22	11	21	22	11	12	22	12	11	12	12	11	22	11	11	22	12	12	12	12	22	21	21	22	21	11	11	12	22	11	22	11	22	22	21	11	11	11	21	22	12	12	22	22	21	21	22	11	21	22	11	11	21	22	12
185	0	8.264	27.436	12	12	22	22	21	12	21	21	22	12	22	22	22	11	21	12	21	12	11	21	11	22	21	21	12	21	22	22	22	11	12	21	21	22	11	21	22	11	12	22	12	11	12	12	11	22	11	11	22	12	12	12	12	22	21	21	22	21	11	11	12	22	11	22	11	22	22	21	11	11	11	21	22	12	12	22	22	21	21	22	11	21	22	11	11	21	22	12
184	0	8.264	27.436	12	12	22	22	21	12	21	21	22	12	22	22	22	11	21	12	21	12	11	21	11	22	21	21	12	21	22	22	22	11	12	21	21	22	11	21	22	11	12	22	12	11	12	12	11	22	11	11	22	12	12	12	12	22	21	21	22	21	11	11	12	22	11	22	11	22	22	21	11	11	11	21	22	12	12	22	22	21	21	22	11	21	22	11	11	21	22	12
192	0	8.264	27.436	12	12	22	22	21	12	21	21	22	12	22	22	22	11	21	12	21	12	11	21	11	22	21	21	12	21	22	22	22	11	12	21	21	22	11	21	22	11	12	22	12	11	12	12	11	22	11	11	22	12	12	12	12	22	21	21	22	21	11	11	12	22	11	22	11	22	22	21	11	11	11	21	22	12	12	22	22	21	21	22	11	21	22	11	11	21	22	12
195	0	10.645	27.436	12	12	22	22	21	12	21	21	22	12	22	22	22	11	21	12	21	12	11	21	11	22	21	21	12	21	22	22	22	11	12	21	21	22	11	11	22	11	12	22	12	11	12	12	11	22	11	11	22	12	12	12	12	22	21	21	22	21	11	11	12	22	11	12	11	22	22	21	11	11	11	21	22	12	12	22	22	21	21	22	11	21	22	11	11	21	22	12
181	0	10.645	27.436	12	12	22	22	21	12	21	21	22	12	22	22	22	11	21	12	21	12	11	21	11	22	21	21	12	21	22	22	22	11	12	21	21	22	11	11	22	11	12	22	12	11	12	12	11	22	11	11	22	12	12	12	12	22	21	21	22	21	11	11	12	22	11	12	11	22	22	21	11	11	11	21	22	12	12	22	22	21	21	22	11	21	22	11	11	21	22	12
196	0	10.645	27.436	12	12	22	22	21	12	21	21	22	12	22	22	22	11	21	12	21	12	11	21	11	22	21	21	12	21	22	22	22	11	12	21	21	22	11	11	22	11	12	22	12	11	12	12	11	22	11	11	22	12	12	12	12	22	21	21	22	21	11	11	12	22	11	12	11	22	22	21	11	11	11	21	22	12	12	22	22	21	21	22	11	21	22	11	11	21	22	12
200	0	10.645	27.436	12	12	22	22	21	12	21	21	22	12	22	22	22	11	21	12	21	12	11	21	11	22	21	21	12	21	22	22	22	11	12	21	21	22	11	11	22	11	12	22	12	11	12	12	11	22	11	11	22	12	12	12	12	22	21	21	22	21	11	11	12	22	11	12	11	22	22	21	11	11	11	21	22	12	12	22	22	21	21	22	11	21	22	11	11	21	22	12
188	0	10.645	27.436	12	12	22	22	21	12	21	21	22	12	22	22	22	11	21	12	21	12	11	21	11	22	21	21	12	21	22	22	22	11	12	21	21	22	11	11	22	11	12	22	12	11	12	12	11	22	11	11	22	12	12	12	12	22	21	21	22	21	11	11	12	22	11	12	11	22	22	21	11	11	11	21	22	12	12	22	22	21	21	22	11	21	22	11	11	21	22	12
182	0	10.645	27.436	12	12	22	22	21	12	21	21	22	12	22	22	22	11	21	12	21	12	11	21	11	22	21	21	12	21	22	22	22	11	12	21	21	22	11	11	22	11	12	22	12	11	12	12	11	22	11	11	22	12	12	12	12	22	21	21	22	21	11	11	12	22	11	12	11	22	22	21	11	11	11	21	22	12	12	22	22	21	21	22	11	21	22	11	11	21	22	12
197	0	10.645	27.436	12	12	22	22	21	12	21	21	22	12	22	22	22	11	21	12	21	12	11	21	11	22	21	21	12	21	22	22	22	11	12	21	21	22	11	11	22	11	12	22	12	11	12	12	11	22	11	11	22	12	12	12	12	22	21	21	22	21	11	11	12	22	11	12	11	22	22	21	11	11	11	21	22	12	12	22	22	21	21	22	11	21	22	11	11	21	22	12
176	0	11.822	29.817	12	12	21	12	21	12	21	21	22	12	22	22	22	11	21	12	21	12	11	21	11	22	21	21	12	21	22	22	22	11	12	21	21	22	11	11	22	11	12	22	12	11	12	12	11	22	12	11	22	12	12	12	12	22	21	21	22	21	11	11	12	22	11	12	11	22	22	21	11	11	11	21	22	12	12	22	22	21	21	22	11	21	22	11	11	21	22	12
175	0	11.822	29.817	12	12	21	12	21	12	21	21	22	12	22	22	22	11	21	12	21	12	11	21	11	22	21	21	12	21	22	22	22	11	12	21	21	22	11	11	22	11	12	22	12	11	12	12	11	22	12	11	22	12	12	12	12	22	21	21	22	21	11	11	12	22	11	12	11	22	22	21	11	11	11	21	22	12	12	22	22	21	21	22	11	21	22	11	11	21	22	12
177	0	11.822	29.817	12	12	21	12	21	12	21	21	22	12	22	22	22	11	21	12	21	12	11	21	11	22	21	21	12	21	22	22	22	11	12	21	21	22	11	11	22	11	12	22	12	11	12	12	11	22	12	11	22	12	12	12	12	22	21	21	22	21	11	11	12	22	11	12	11	22	22	21	11	11	11	21	22	12	12	22	22	21	21	22	11	21	22	11	11	21	22	12
178	0	11.822	29.817	12	12	21	12	21	12	21	21	22	12	22	22	22	11	21	12	21	12	11	21	11	22	21	21	12	21	22	22	22	11	12	21	21	22	11	11	22	11	12	22	12	11	12	12	11	22	12	11	22	12	12	12	12	22	21	21	22	21	11	11	12	22	11	12	11	22	22	21	11	11	11	21	22	12	12	22	22	21	21	22	11	21	22	11	11	21	22	12
180	0	11.822	30.994	12	12	21	12	21	12	21	21	22	12	22	22	22	11	21	12	21	12	11	21	11	22	21	21	12	21	21	22	22	11	12	21	21	22	11	11	22	11	12	22	12	11	12	12	11	22	12	11	22	12	12	12	12	22	21	21	22	21	11	11	12	22	11	12	11	22	22	21	11	11	11	21	22	12	12	22	22	21	21	22	11	21	22	11	11	21	22	12
170	0	11.822	30.994	12	12	21	12	21	12	21	21	22	12	22	22	22	11	21	12	21	12	11	21	11	22	21	21	12	21	21	22	22	11	12	21	21	22	11	11	22	11	12	22	12	11	12	12	11	22	12	11	22	12	12	12	12	22	21	21	22	21	11	11	12	22	11	12	11	22	22	21	11	11	11	21	22	12	12	22	22	21	21	22	11	21	22	11	11	21	22	12
171	0	11.822	30.994	12	12	21	12	21	12	21	21	22	12	22	22	22	11	21	12	21	12	11	21	11	22	21	21	12	21	21	22	22	11	12	21	21	22	11	11	22	11	12	22	12	11	12	12	11	22	12	11	22	12	12	12	12	22	21	21	22	21	11	11	12	22	11	12	11	22	22	21	11	11	11	21	22	12	12	22	22	21	21	22	11	21	22	11	11	21	22	12
179	0	11.822	32.170	12	12	21	12	21	12	21	22	22	12	22	22	22	11	21	12	21	12	11	21	11	22	21	21	12	21	21	22	22	11	12	21	21	22	11	11	22	11	12	22	12	11	12	12	11	22	12	11	22	12	12	12	12	22	21	21	22	21	11	11	12	22	11	12	11	22	22	21	11	11	11	21	22	12	12	22	22	21	21	22	11	21	22	11	11	21	22	12
173	0	11.822	32.170	12	12	21	12	21	12	21	22	22	12	22	22	22	11	21	12	21	12	11	21	11	22	21	21	12	21	21	22	22	11	12	21	21	22	11	11	22	11	12	22	12	11	12	12	11	22	12	11	22	12	12	12	12	22	21	21	22	21	11	11	12	22	11	12	11	22	22	21	11	11	11	21	22	12	12	22	22	21	21	22	11	21	22	11	11	21	22	12
174	0	11.822	32.170	12	12	21	12	21	12	21	22	22	12	22	22	22	11	21	12	21	12	11	21	11	22	21	21	12	21	21	22	22	11	12	21	21	22	11	11	22	11	12	22	12	11	12	12	11	22	12	11	22	12	12	12	12	22	21	21	22	21	11	11	12	22	11	12	11	22	22	21	11	11	11	21	22	12	12	22	22	21	21	22	11	21	22	11	11	21	22	12
169	0	12.998	32.170	12	12	21	12	21	12	21	22	22	12	22	22	22	11	21	12	21	12	11	21	11	22	21	21	12	21	21	22	22	11	12	21	21	22	11	11	22	11	12	22	12	11	12	12	11	22	22	11	22	12	12	12	12	22	21	21	22	21	11	11	12	22	11	12	11	22	22	21	11	11	11	21	22	12	12	22	22	21	21	22	11	21	22	11	11	21	22	12
168	0	12.998	32.170	12	12	21	12	21	12	21	22	22	12	22	22	22	11	21	12	21	12	11	21	11	22	21	21	12	21	21	22	22	11	12	21	21	22	11	11	22	11	12	22	12	11	12	12	11	22	22	11	22	12	12	12	12	22	21	21	22	21	11	11	12	22	11	12	11	22	22	21	11	11	11	21	22	12	12	22	22	21	21	22	11	21	22	11	11	21	22	12
166	0	12.998	32.170	12	12	21	12	21	12	21	22	22	12	22	22	22	11	21	12	21	12	11	21	11	22	21	21	12	21	21	22	22	11	12	21	21	22	11	11	22	11	12	22	12	11	12	12	11	22	22	11	22	12	12	12	12	22	21	21	22	21	11	11	12	22	11	12	11	22	22	21	11	11	11	21	22	12	12	22	22	21	21	22	11	21	22	11	11	21	22	12
167	0	12.998	32.170	12	12	21	12	21	12	21	22	22	12	22	22	22	11	21	12	21	12	11	21	11	22	21	21	12	21	21	22	22	11	12	21	21	22	11	11	22	11	12	22	12	11	12	12	11	22	22	11	22	12	12	12	12	22	21	21	22	21	11	11	12	22	11	12	11	22	22	21	11	11	11	21	22	12	12	22	22	21	21	22	11	21	22	11	11	21	22	12
165	0	12.998	32.170	12	12	21	12	21	12	21	22	22	12	22	22	22	11	21	12	21	12	11	21	11	22	21	21	12	21	21	22	22	11	12	21	21	22	11	11	22	11	12	22	12	11	12	12	11	22	22	11	22	12	12	12	12	22	21	21	22	21	11	11	12	22	11	12	11	22	22	21	11	11	11	21	22	12	12	22	22	21	21	22	11	21	22	11	11	21	22	12
172	0	12.998	32.170	12	12	21	12	21	12	21	22	22	12	22	22	22	11	21	12	21	12	11	21	11	22	21	21	12	21	21	22	22	11	12	21	21	22	11	11	22	11	12	22	12	11	12	12	11	22	22	11	22	12	12	12	12	22	21	21	22	21	11	11	12	22	11	12	11	22	22	21	11	11	11	21	22	12	12	22	22	21	21	22	11	21	22	11	11	21	22	12
158	0	14.175	33.347	12	12	21	12	21	12	21	22	22	12	22	22	22	11	21	12	21	12	11	21	11	22	21	21	12	21	21	21	22	11	12	21	21	22	11	11	22	11	12	22	12	11	12	12	11	22	22	11	22	12	12	22	12	22	21	21	22	21	11	11	12	22	11	12	11	22	22	21	11	11	11	21	22	12	12	22	22	21	21	22	11	21	22	11	11	21	22	12
159	0	14.175	33.347	12	12	21	12	21	12	21	22	22	12	22	22	22	11	21	12	21	12	11	21	11	22	21	21	12	21	21	21	22	11	12	21	21	22	11	11	22	11	12	22	12	11	12	12	11	22	22	11	22	12	12	22	12	22	21	21	22	21	11	11	12	22	11	12	11	22	22	21	11	11	11	21	22	12	12	22	22	21	21	22	11	21	22	11	11	21	22	12
161	0	14.175	33.347	12	12	21	12	21	12	21	22	22	12	22	22	22	11	21	12	21	12	11	21	11	22	21	21	12	21	21	21	22	11	12	21	21	22	11	11	22	11	12	22	12	11	12	12	11	22	22	11	22	12	12	22	12	22	21	21	22	21	11	11	12	22	11	12	11	22	22	21	11	11	11	21	22	12	12	22	22	21	21	22	11	21	22	11	11	21	22	12
160	0	14.175	33.347	12	12	21	12	21	12	21	22	22	12	22	22	22	11	21	12	21	12	11	21	11	22	21	21	12	21	21	21	22	11	12	21	21	22	11	11	22	11	12	22	12	11	12	12	11	22	22	11	22	12	12	22	12	22	21	21	22	21	11	11	12	22	11	12	11	22	22	21	11	11	11	21	22	12	12	22	22	21	21	22	11	21	22	11	11	21	22	12
164	0	14.175	33.347	12	12	21	12	21	12	21	22	22	12	22	22	22	11	21	12	21	12	11	21	11	22	21	21	12	21	21	21	22	11	12	21	21	22	11	11	22	11	12	22	12	11	12	12	11	22	22	11	22	12	12	22	12	22	21	21	22	21	11	11	12	22	11	12	11	22	22	21	11	11	11	21	22	12	12	22	22	21	21	22	11	21	22	11	11	21	22	12
163	0	14.175	33.347	12	12	21	12	21	12	21	22	22	12	22	22	22	11	21	12	21	12	11	21	11	22	21	21	12	21	21	21	22	11	12	21	21	22	11	11	22	11	12	22	12	11	12	12	11	22	22	11	22	12	12	22	12	22	21	21	22	21	11	11	12	22	11	12	11	22	22	21	11	11	11	21	22	12	12	22	22	21	21	22	11	21	22	11	11	21	22	12
162	0	14.175	33.347	12	12	21	12	21	12	21	22	22	12	22	22	22	11	21	12	21	12	11	21	11	22	21	21	12	21	21	21	22	11	12	21	21	22	11	11	22	11	12	22	12	11	12	12	11	22	22	11	22	12	12	22	12	22	21	21	22	21	11	11	12	22	11	12	11	22	22	21	11	11	11	21	22	12	12	22	22	21	21	22	11	21	22	11	11	21	22	12
156	0	16.556	33.347	12	12	11	12	21	12	21	22	22	12	22	22	22	11	21	12	21	12	11	21	11	22	21	21	12	21	21	21	22	11	12	21	21	22	11	11	22	11	12	22	12	11	12	12	11	22	22	11	22	12	12	22	12	22	21	21	22	21	11	11	12	22	11	12	11	22	22	21	11	11	11	21	22	12	12	22	22	21	21	22	11	21	12	11	11	21	22	12
155	0	16.556	33.347	12	12	11	12	21	12	21	22	22	12	22	22	22	11	21	12	21	12	11	21	11	22	21	21	12	21	21	21	22	11	12	21	21	22	11	11	22	11	12	22	12	11	12	12	11	22	22	11	22	12	12	22	12	22	21	21	22	21	11	11	12	22	11	12	11	22	22	21	11	11	11	21	22	12	12	22	22	21	21	22	11	21	12	11	11	21	22	12
150	0	16.556	35.728	12	12	11	12	22	12	21	22	22	12	22	22	22	11	21	12	21	12	11	21	11	22	21	21	12	21	21	21	22	11	12	21	21	22	11	11	22	11	12	22	12	11	12	12	11	22	22	11	22	12	12	22	12	22	22	21	22	21	11	11	12	22	11	12	11	22	22	21	11	11	11	21	22	12	12	22	22	21	21	22	11	21	12	11	11	21	22	12
149	0	16.556	36.905	12	12	11	11	22	12	21	22	22	12	22	22	22	11	21	12	21	12	11	21	11	22	21	21	12	21	21	21	22	11	12	21	21	22	11	11	22	11	12	22	12	11	12	12	11	22	22	11	22	12	12	22	12	22	22	21	22	21	11	11	12	22	11	12	11	22	22	21	11	11	11	21	22	12	12	22	22	21	21	22	11	21	12	11	11	21	22	12
154	0	16.556	36.905	12	12	11	11	22	12	21	22	22	12	22	22	22	11	21	12	21	12	11	21	11	22	21	21	12	21	21	21	22	11	12	21	21	22	11	11	22	11	12	22	12	11	12	12	11	22	22	11	22	12	12	22	12	22	22	21	22	21	11	11	12	22	11	12	11	22	22	21	11	11	11	21	22	12	12	22	22	21	21	22	11	21	12	11	11	21	22	12
157	0	16.556	38.081	12	12	11	11	22	12	21	22	22	11	22	22	22	11	21	12	21	12	11	21	11	22	21	21	12	21	21	21	22	11	12	21	21	22	11	11	22	11	12	22	12	11	12	12	11	22	22	11	22	12	12	22	12	22	22	21	22	21	11	11	12	22	11	12	11	22	22	21	11	11	11	21	22	12	12	22	22	21	21	22	11	21	12	11	11	21	22	12
153	0	16.556	38.081	12	12	11	11	22	12	21	22	22	11	22	22	22	11	21	12	21	12	11	21	11	22	21	21	12	21	21	21	22	11	12	21	21	22	11	11	22	11	12	22	12	11	12	12	11	22	22	11	22	12	12	22	12	22	22	21	22	21	11	11	12	22	11	12	11	22	22	21	11	11	11	21	22	12	12	22	22	21	21	22	11	21	12	11	11	21	22	12
148	0	16.556	38.081	12	12	11	11	22	12	21	22	22	11	22	22	22	11	21	12	21	12	11	21	11	22	21	21	12	21	21	21	22	11	12	21	21	22	11	11	22	11	12	22	12	11	12	12	11	22	22	11	22	12	12	22	12	22	22	21	22	21	11	11	12	22	11	12	11	22	22	21	11	11	11	21	22	12	12	22	22	21	21	22	11	21	12	11	11	21	22	12
151	0	16.556	38.081	12	12	11	11	22	12	21	22	22	11	22	22	22	11	21	12	21	12	11	21	11	22	21	21	12	21	21	21	22	11	12	21	21	22	11	11	22	11	12	22	12	11	12	12	11	22	22	11	22	12	12	22	12	22	22	21	22	21	11	11	12	22	11	12	11	22	22	21	11	11	11	21	22	12	12	22	22	21	21	22	11	21	12	11	11	21	22	12
152	0	16.556	39.258	12	12	11	11	22	12	21	22	22	11	22	22	22	11	21	12	21	12	11	21	11	22	21	21	12	21	21	21	22	11	12	21	21	22	11	11	22	11	12	22	12	11	12	12	11	22	22	11	22	12	12	22	12	22	22	21	22	21	11	11	12	21	11	12	11	22	22	21	11	11	11	21	22	12	12	22	22	21	21	22	11	21	12	11	11	21	22	12
147	0	17.733	41.639	12	12	11	11	22	12	21	22	22	11	22	22	22	11	21	12	21	12	11	21	11	22	21	21	12	21	21	21	22	11	12	21	21	22	11	11	22	11	12	22	12	11	12	12	11	22	22	11	22	12	12	22	22	22	22	21	22	21	11	11	12	21	11	12	11	22	22	21	12	11	11	21	22	12	12	21	22	21	21	22	11	21	12	11	11	21	22	12
146	0	17.733	41.639	12	12	11	11	22	12	21	22	22	11	22	22	22	11	21	12	21	12	11	21	11	22	21	21	12	21	21	21	22	11	12	21	21	22	11	11	22	11	12	22	12	11	12	12	11	22	22	11	22	12	12	22	22	22	22	21	22	21	11	11	12	21	11	12	11	22	22	21	12	11	11	21	22	12	12	21	22	21	21	22	11	21	12	11	11	21	22	12
144	0	20.114	45.255	12	12	11	11	22	12	21	22	22	11	22	22	22	11	21	12	11	12	11	21	11	22	21	21	12	21	21	21	22	11	11	21	21	22	11	11	22	11	12	22	12	11	12	12	22	21	22	11	22	12	12	22	22	22	22	21	22	21	11	11	12	21	11	12	11	22	22	21	12	11	11	21	22	12	12	21	22	21	21	22	11	21	12	11	11	21	22	12
145	0	20.114	45.255	12	12	11	11	22	12	21	22	22	11	22	22	22	11	21	12	11	12	11	21	11	22	21	21	12	21	21	21	22	11	11	21	21	22	11	11	22	11	12	22	12	11	12	12	22	21	22	11	22	12	12	22	22	22	22	21	22	21	11	11	12	21	11	12	11	22	22	21	12	11	11	21	22	12	12	21	22	21	21	22	11	21	12	11	11	21	22	12
143	0	20.114	45.255	12	12	11	11	22	12	21	22	22	11	22	22	22	11	21	12	11	12	11	21	11	22	21	21	12	21	21	21	22	11	11	21	21	22	11	11	22	11	12	22	12	11	12	12	22	21	22	11	22	12	12	22	22	22	22	21	22	21	11	11	12	21	11	12	11	22	22	21	12	11	11	21	22	12	12	21	22	21	21	22	11	21	12	11	11	21	22	12
141	0	21.291	45.255	12	12	11	11	22	12	21	22	22	11	22	22	22	11	21	12	11	12	11	21	11	22	21	21	12	21	21	21	22	11	11	21	21	22	11	11	22	11	12	22	12	11	12	12	22	21	22	11	22	12	12	22	22	22	22	21	22	21	11	11	12	21	11	12	11	22	22	21	12	11	11	21	22	12	12	21	22	21	21	22	11	11	12	11	11	21	22	12
142	0	21.291	46.432	12	12	11	11	22	12	21	22	22	11	22	22	22	11	21	12	11	12	11	21	11	22	21	21	12	21	21	21	22	11	11	21	21	22	11	11	22	11	12	22	12	11	12	12	22	21	22	11	22	12	12	22	22	22	22	21	22	21	11	11	12	21	11	12	11	22	22	21	12	11	11	21	22	12	12	21	22	21	21	21	11	11	12	11	11	21	22	12
140	0	21.291	48.813	12	12	11	11	22	12	21	22	22	11	22	21	22	11	21	12	11	12	11	21	11	22	21	21	11	21	21	21	22	11	11	21	21	22	11	11	22	11	12	22	12	11	12	12	22	21	22	11	22	12	12	22	22	22	22	21	22	21	11	11	12	21	11	12	11	22	22	21	12	11	11	21	22	12	12	21	22	21	21	21	11	11	12	11	11	21	22	12
139	0	21.291	48.813	12	12	11	11	22	12	21	22	22	11	22	21	22	11	21	12	11	12	11	21	11	22	21	21	11	21	21	21	22	11	11	21	21	22	11	11	22	11	12	22	12	11	12	12	22	21	22	11	22	12	12	22	22	22	22	21	22	21	11	11	12	21	11	12	11	22	22	21	12	11	11	21	22	12	12	21	22	21	21	21	11	11	12	11	11	21	22	12
138	0	21.291	49.990	12	12	11	11	22	12	21	22	22	11	22	21	22	11	21	12	11	12	11	21	11	22	21	21	11	21	21	21	22	11	11	21	21	22	11	11	22	11	12	22	12	11	12	12	22	21	22	11	22	12	12	22	22	22	22	21	22	21	11	11	12	21	11	12	11	22	22	21	12	11	11	21	22	12	12	21	22	21	21	21	12	11	12	11	11	21	22	12
130	0	21.291	56.170	12	12	11	11	22	12	21	22	22	11	22	21	22	11	21	12	11	12	11	21	11	22	22	21	11	21	21	21	22	11	11	21	21	22	11	11	22	12	12	22	12	11	12	12	22	21	22	12	22	12	12	22	22	21	22	21	22	21	11	11	12	21	11	12	11	22	22	22	12	11	11	21	22	12	12	21	22	21	21	21	12	11	12	11	11	21	22	12
131	0	21.291	56.170	12	12	11	11	22	12	21	22	22	11	22	21	22	11	21	12	11	12	11	21	11	22	22	21	11	21	21	21	22	11	11	21	21	22	11	11	22	12	12	22	12	11	12	12	22	21	22	12	22	12	12	22	22	21	22	21	22	21	11	11	12	21	11	12	11	22	22	22	12	11	11	21	22	12	12	21	22	21	21	21	12	11	12	11	11	21	22	12
132	0	21.291	57.347	12	12	11	11	22	12	21	22	22	11	22	21	22	11	21	12	11	12	11	21	11	22	22	22	11	21	21	21	22	11	11	21	21	22	11	11	22	12	12	22	12	11	12	12	22	21	22	12	22	12	12	22	22	21	22	21	22	21	11	11	12	21	11	12	11	22	22	22	12	11	11	21	22	12	12	21	22	21	21	21	12	11	12	11	11	21	22	12
137	0	21.291	58.523	12	12	11	11	22	12	21	22	22	11	22	21	22	11	21	12	11	12	11	21	11	22	22	22	11	21	21	21	22	11	11	21	22	22	11	11	22	12	12	22	12	11	12	12	22	21	22	12	22	12	12	22	22	21	22	21	22	21	11	11	12	21	11	12	11	22	22	22	12	11	11	21	22	12	12	21	22	21	21	21	12	11	12	11	11	21	22	12
133	0	22.467	58.523	12	12	11	21	22	12	21	22	22	11	22	21	22	11	21	12	11	12	11	21	11	22	22	22	11	21	21	21	22	11	11	21	22	22	11	11	22	12	12	22	12	11	12	12	22	21	22	12	22	12	12	22	22	21	22	21	22	21	11	11	12	21	11	12	11	22	22	22	12	11	11	21	22	12	12	21	22	21	21	21	12	11	12	11	11	21	22	12
134	0	22.467	58.523	12	12	11	21	22	12	21	22	22	11	22	21	22	11	21	12	11	12	11	21	11	22	22	22	11	21	21	21	22	11	11	21	22	22	11	11	22	12	12	22	12	11	12	12	22	21	22	12	22	12	12	22	22	21	22	21	22	21	11	11	12	21	11	12	11	22	22	22	12	11	11	21	22	12	12	21	22	21	21	21	12	11	12	11	11	21	22	12
136	0	22.467	58.523	12	12	11	21	22	12	21	22	22	11	22	21	22	11	21	12	11	12	11	21	11	22	22	22	11	21	21	21	22	11	11	21	22	22	11	11	22	12	12	22	12	11	12	12	22	21	22	12	22	12	12	22	22	21	22	21	22	21	11	11	12	21	11	12	11	22	22	22	12	11	11	21	22	12	12	21	22	21	21	21	12	11	12	11	11	21	22	12
135	0	22.467	58.523	12	12	11	21	22	12	21	22	22	11	22	21	22	11	21	12	11	12	11	21	11	22	22	22	11	21	21	21	22	11	11	21	22	22	11	11	22	12	12	22	12	11	12	12	22	21	22	12	22	12	12	22	22	21	22	21	22	21	11	11	12	21	11	12	11	22	22	22	12	11	11	21	22	12	12	21	22	21	21	21	12	11	12	11	11	21	22	12
126	0	24.849	58.523	12	12	11	21	22	12	21	22	22	11	22	21	22	11	21	12	11	12	11	21	11	22	22	22	11	21	21	21	22	11	11	21	12	22	11	11	22	12	12	22	12	11	12	12	22	21	22	12	22	12	12	22	22	21	22	21	22	21	11	11	12	21	11	12	11	22	22	22	22	11	11	21	22	12	12	21	22	21	21	21	12	11	12	11	11	21	22	12
129	0	24.849	58.523	12	12	11	21	22	12	21	22	22	11	22	21	22	11	21	12	11	12	11	21	11	22	22	22	11	21	21	21	22	11	11	21	12	22	11	11	22	12	12	22	12	11	12	12	22	21	22	12	22	12	12	22	22	21	22	21	22	21	11	11	12	21	11	12	11	22	22	22	22	11	11	21	22	12	12	21	22	21	21	21	12	11	12	11	11	21	22	12
128	0	24.849	58.523	12	12	11	21	22	12	21	22	22	11	22	21	22	11	21	12	11	12	11	21	11	22	22	22	11	21	21	21	22	11	11	21	12	22	11	11	22	12	12	22	12	11	12	12	22	21	22	12	22	12	12	22	22	21	22	21	22	21	11	11	12	21	11	12	11	22	22	22	22	11	11	21	22	12	12	21	22	21	21	21	12	11	12	11	11	21	22	12
127	0	24.849	58.523	12	12	11	21	22	12	21	22	22	11	22	21	22	11	21	12	11	12	11	21	11	22	22	22	11	21	21	21	22	11	11	21	12	22	11	11	22	12	12	22	12	11	12	12	22	21	22	12	22	12	12	22	22	21	22	21	22	21	11	11	12	21	11	12	11	22	22	22	22	11	11	21	22	12	12	21	22	21	21	21	12	11	12	11	11	21	22	12
125	0	26.025	62.139	12	12	11	11	22	12	22	22	21	11	22	21	22	11	21	12	11	12	11	21	11	22	22	22	11	21	21	21	22	11	11	21	12	22	11	11	22	12	12	22	12	11	12	12	22	21	22	12	22	12	12	22	22	21	22	21	22	21	11	11	12	21	11	12	11	22	22	22	22	11	11	21	21	12	12	21	22	21	21	21	12	11	12	11	11	21	22	12
122	0	28.407	69.653	12	12	11	11	22	12	22	22	21	11	22	21	21	12	21	12	11	12	12	21	12	22	22	22	11	21	21	21	22	11	11	11	12	22	11	11	22	12	12	22	12	11	12	12	22	21	22	12	22	12	12	22	22	21	22	21	22	21	11	11	12	21	11	12	11	22	22	22	22	11	11	21	21	12	12	11	22	21	21	21	12	11	12	12	11	21	22	11
123	0	28.407	69.653	12	12	11	11	22	12	22	22	21	11	22	21	21	12	21	12	11	12	12	21	12	22	22	22	11	21	21	21	22	11	11	11	12	22	11	11	22	12	12	22	12	11	12	12	22	21	22	12	22	12	12	22	22	21	22	21	22	21	11	11	12	21	11	12	11	22	22	22	22	11	11	21	21	12	12	11	22	21	21	21	12	11	12	12	11	21	22	11
121	0	28.407	69.653	12	12	11	11	22	12	22	22	21	11	22	21	21	12	21	12	11	12	12	21	12	22	22	22	11	21	21	21	22	11	11	11	12	22	11	11	22	12	12	22	12	11	12	12	22	21	22	12	22	12	12	22	22	21	22	21	22	21	11	11	12	21	11	12	11	22	22	22	22	11	11	21	21	12	12	11	22	21	21	21	12	11	12	12	11	21	22	11
124	0	28.407	69.653	12	12	11	11	22	12	22	22	21	11	22	21	21	12	21	12	11	12	12	21	12	22	22	22	11	21	21	21	22	11	11	11	12	22	11	11	22	12	12	22	12	11	12	12	22	21	22	12	22	12	12	22	22	21	22	21	22	21	11	11	12	21	11	12	11	22	22	22	22	11	11	21	21	12	12	11	22	21	21	21	12	11	12	12	11	21	22	11
120	0	28.407	70.830	12	12	11	11	22	12	22	22	21	11	21	21	21	12	21	12	11	12	12	21	12	22	22	22	11	21	21	21	22	11	11	11	12	22	11	11	22	12	12	22	12	11	12	12	22	21	22	12	22	12	12	22	22	21	22	21	22	21	11	11	12	21	11	12	11	22	22	22	22	11	11	21	21	12	12	11	22	21	21	21	12	11	12	12	11	21	22	11
119	0	28.407	70.830	12	12	11	11	22	12	22	22	21	11	21	21	21	12	21	12	11	12	12	21	12	22	22	22	11	21	21	21	22	11	11	11	12	22	11	11	22	12	12	22	12	11	12	12	22	21	22	12	22	12	12	22	22	21	22	21	22	21	11	11	12	21	11	12	11	22	22	22	22	11	11	21	21	12	12	11	22	21	21	21	12	11	12	12	11	21	22	11
117	0	30.788	75.712	12	12	11	11	22	12	22	22	21	11	21	21	21	12	22	12	11	12	12	21	12	21	22	22	11	21	21	21	22	11	11	11	12	22	11	11	21	12	22	22	22	11	12	12	22	21	22	12	22	12	12	22	21	21	22	21	22	21	11	11	12	21	11	12	11	22	22	22	22	11	11	21	21	12	12	11	22	21	21	21	12	11	12	12	11	21	22	11
118	0	30.788	75.712	12	12	11	11	22	12	22	22	21	11	21	21	21	12	22	12	11	12	12	21	12	21	22	22	11	21	21	21	22	11	11	11	12	22	11	11	21	12	22	22	22	11	12	12	22	21	22	12	22	12	12	22	21	21	22	21	22	21	11	11	12	21	11	12	11	22	22	22	22	11	11	21	21	12	12	11	22	21	21	21	12	11	12	12	11	21	22	11
116	0	31.965	75.712	12	12	11	11	22	12	22	22	21	11	21	21	21	12	22	12	11	12	12	21	12	21	22	22	11	21	21	21	22	11	11	11	12	22	11	11	21	12	22	22	22	11	12	12	22	21	22	12	22	12	12	22	21	21	22	21	12	21	11	11	12	21	11	12	11	22	22	22	22	11	11	21	21	12	12	11	22	21	21	21	12	11	12	12	11	21	22	11
115	0	31.965	75.712	12	12	11	11	22	12	22	22	21	11	21	21	21	12	22	12	11	12	12	21	12	21	22	22	11	21	21	21	22	11	11	11	12	22	11	11	21	12	22	22	22	11	12	12	22	21	22	12	22	12	12	22	21	21	22	21	12	21	11	11	12	21	11	12	11	22	22	22	22	11	11	21	21	12	12	11	22	21	21	21	12	11	12	12	11	21	22	11
114	0	34.346	75.712	12	12	11	11	22	12	22	22	21	11	21	21	21	12	22	12	11	12	22	21	22	21	22	22	11	21	21	21	22	11	11	11	12	22	11	11	21	12	22	22	22	11	12	12	22	21	22	12	22	12	12	22	21	21	22	21	12	21	11	11	12	21	11	12	11	22	22	22	22	11	11	21	21	12	12	11	22	21	21	21	12	11	12	12	11	21	22	11
112	0	34.346	75.712	12	12	11	11	22	12	22	22	21	11	21	21	21	12	22	12	11	12	22	21	22	21	22	22	11	21	21	21	22	11	11	11	12	22	11	11	21	12	22	22	22	11	12	12	22	21	22	12	22	12	12	22	21	21	22	21	12	21	11	11	12	21	11	12	11	22	22	22	22	11	11	21	21	12	12	11	22	21	21	21	12	11	12	12	11	21	22	11
113	0	34.346	75.712	12	12	11	11	22	12	22	22	21	11	21	21	21	12	22	12	11	12	22	21	22	21	22	22	11	21	21	21	22	11	11	11	12	22	11	11	21	12	22	22	22	11	12	12	22	21	22	12	22	12	12	22	21	21	22	21	12	21	11	11	12	21	11	12	11	22	22	22	22	11	11	21	21	12	12	11	22	21	21	21	12	11	12	12	11	21	22	11
111	0	34.346	76.888	12	12	11	11	22	12	22	22	21	11	21	21	21	12	22	12	11	12	22	21	22	21	22	22	11	21	21	21	22	11	11	11	12	22	11	11	21	12	22	22	22	11	12	12	22	21	22	12	22	12	12	22	21	21	22	21	12	21	11	11	12	21	11	12	12	22	22	22	22	11	11	21	21	12	12	11	22	21	21	21	12	11	12	12	11	21	22	11
110	0	34.346	76.888	12	12	11	11	22	12	22	22	21	11	21	21	21	12	22	12	11	12	22	21	22	21	22	22	11	21	21	21	22	11	11	11	12	22	11	11	21	12	22	22	22	11	12	12	22	21	22	12	22	12	12	22	21	21	22	21	12	21	11	11	12	21	11	12	12	22	22	22	22	11	11	21	21	12	12	11	22	21	21	21	12	11	12	12	11	21	22	11
103	0	34.346	80.505	12	12	11	11	22	12	22	22	21	11	21	21	21	12	22	12	11	12	22	21	22	21	22	22	11	21	21	21	22	11	11	11	12	22	11	11	21	12	22	21	22	11	12	12	22	21	22	12	22	12	12	22	21	21	22	21	12	21	11	11	12	21	11	12	12	21	22	22	22	11	11	21	21	12	12	11	22	21	22	21	12	11	12	12	11	21	22	11
104	0	34.346	80.505	12	12	11	11	22	12	22	22	21	11	21	21	21	12	22	12	11	12	22	21	22	21	22	22	11	21	21	21	22	11	11	11	12	22	11	11	21	12	22	21	22	11	12	12	22	21	22	12	22	12	12	22	21	21	22	21	12	21	11	11	12	21	11	12	12	21	22	22	22	11	11	21	21	12	12	11	22	21	22	21	12	11	12	12	11	21	22	11
98	0	34.346	80.505	12	12	11	11	22	12	22	22	21	11	21	21	21	12	22	12	11	12	22	21	22	21	22	22	11	21	21	21	22	11	11	11	12	22	11	11	21	12	22	21	22	11	12	12	22	21	22	12	22	12	12	22	21	21	22	21	12	21	11	11	12	21	11	12	12	21	22	22	22	11	11	21	21	12	12	11	22	21	22	21	12	11	12	12	11	21	22	11
100	0	34.346	80.505	12	12	11	11	22	12	22	22	21	11	21	21	21	12	22	12	11	12	22	21	22	21	22	22	11	21	21	21	22	11	11	11	12	22	11	11	21	12	22	21	22	11	12	12	22	21	22	12	22	12	12	22	21	21	22	21	12	21	11	11	12	21	11	12	12	21	22	22	22	11	11	21	21	12	12	11	22	21	22	21	12	11	12	12	11	21	22	11
107	0	34.346	80.505	12	12	11	11	22	12	22	22	21	11	21	21	21	12	22	12	11	12	22	21	22	21	22	22	11	21	21	21	22	11	11	11	12	22	11	11	21	12	22	21	22	11	12	12	22	21	22	12	22	12	12	22	21	21	22	21	12	21	11	11	12	21	11	12	12	21	22	22	22	11	11	21	21	12	12	11	22	21	22	21	12	11	12	12	11	21	22	11
101	0	34.346	80.505	12	12	11	11	22	12	22	22	21	11	21	21	21	12	22	12	11	12	22	21	22	21	22	22	11	21	21	21	22	11	11	11	12	22	11	11	21	12	22	21	22	11	12	12	22	21	22	12	22	12	12	22	21	21	22	21	12	21	11	11	12	21	11	12	12	21	22	22	22	11	11	21	21	12	12	11	22	21	22	21	12	11	12	12	11	21	22	11
102	0	34.346	80.505	12	12	11	11	22	12	22	22	21	11	21	21	21	12	22	12	11	12	22	21	22	21	22	22	11	21	21	21	22	11	11	11	12	22	11	11	21	12	22	21	22	11	12	12	22	21	22	12	22	12	12	22	21	21	22	21	12	21	11	11	12	21	11	12	12	21	22	22	22	11	11	21	21	12	12	11	22	21	22	21	12	11	12	12	11	21	22	11
99	0	34.346	80.505	12	12	11	11	22	12	22	22	21	11	21	21	21	12	22	12	11	12	22	21	22	21	22	22	11	21	21	21	22	11	11	11	12	22	11	11	21	12	22	21	22	11	12	12	22	21	22	12	22	12	12	22	21	21	22	21	12	21	11	11	12	21	11	12	12	21	22	22	22	11	11	21	21	12	12	11	22	21	22	21	12	11	12	12	11	21	22	11
106	0	34.346	80.505	12	12	11	11	22	12	22	22	21	11	21	21	21	12	22	12	11	12	22	21	22	21	22	22	11	21	21	21	22	11	11	11	12	22	11	11	21	12	22	21	22	11	12	12	22	21	22	12	22	12	12	22	21	21	22	21	12	21	11	11	12	21	11	12	12	21	22	22	22	11	11	21	21	12	12	11	22	21	22	21	12	11	12	12	11	21	22	11
97	0	34.346	80.505	12	12	11	11	22	12	22	22	21	11	21	21	21	12	22	12	11	12	22	21	22	21	22	22	11	21	21	21	22	11	11	11	12	22	11	11	21	12	22	21	22	11	12	12	22	21	22	12	22	12	12	22	21	21	22	21	12	21	11	11	12	21	11	12	12	21	22	22	22	11	11	21	21	12	12	11	22	21	22	21	12	11	12	12	11	21	22	11
108	0	34.346	80.505	12	12	11	11	22	12	22	22	21	11	21	21	21	12	22	12	11	12	22	21	22	21	22	22	11	21	21	21	22	11	11	11	12	22	11	11	21	12	22	21	22	11	12	12	22	21	22	12	22	12	12	22	21	21	22	21	12	21	11	11	12	21	11	12	12	21	22	22	22	11	11	21	21	12	12	11	22	21	22	21	12	11	12	12	11	21	22	11
109	0	34.346	80.505	12	12	11	11	22	12	22	22	21	11	21	21	21	12	22	12	11	12	22	21	22	21	22	22	11	21	21	21	22	11	11	11	12	22	11	11	21	12	22	21	22	11	12	12	22	21	22	12	22	12	12	22	21	21	22	21	12	21	11	11	12	21	11	12	12	21	22	22	22	11	11	21	21	12	12	11	22	21	22	21	12	11	12	12	11	21	22	11
96	0	34.346	80.505	12	12	11	11	22	12	22	22	21	11	21	21	21	12	22	12	11	12	22	21	22	21	22	22	11	21	21	21	22	11	11	11	12	22	11	11	21	12	22	21	22	11	12	12	22	21	22	12	22	12	12	22	21	21	22	21	12	21	11	11	12	21	11	12	12	21	22	22	22	11	11	21	21	12	12	11	22	21	22	21	12	11	12	12	11	21	22	11
105	0	34.346	80.505	12	12	11	11	22	12	22	22	21	11	21	21	21	12	22	12	11	12	22	21	22	21	22	22	11	21	21	21	22	11	11	11	12	22	11	11	21	12	22	21	22	11	12	12	22	21	22	12	22	12	12	22	21	21	22	21	12	21	11	11	12	21	11	12	12	21	22	22	22	11	11	21	21	12	12	11	22	21	22	21	12	11	12	12	11	21	22	11
95	0	34.346	81.681	12	12	11	11	22	12	22	22	21	11	21	21	21	12	22	12	11	12	22	21	22	21	22	22	11	21	21	21	22	11	11	11	12	22	11	11	21	12	22	21	22	11	12	12	22	21	22	12	22	12	12	22	21	21	22	21	12	21	11	11	12	21	11	12	12	21	22	22	22	11	11	21	21	11	12	11	22	21	22	21	12	11	12	12	11	21	22	11
93	0	34.346	81.681	12	12	11	11	22	12	22	22	21	11	21	21	21	12	22	12	11	12	22	21	22	21	22	22	11	21	21	21	22	11	11	11	12	22	11	11	21	12	22	21	22	11	12	12	22	21	22	12	22	12	12	22	21	21	22	21	12	21	11	11	12	21	11	12	12	21	22	22	22	11	11	21	21	11	12	11	22	21	22	21	12	11	12	12	11	21	22	11
87	0	34.346	81.681	12	12	11	11	22	12	22	22	21	11	21	21	21	12	22	12	11	12	22	21	22	21	22	22	11	21	21	21	22	11	11	11	12	22	11	11	21	12	22	21	22	11	12	12	22	21	22	12	22	12	12	22	21	21	22	21	12	21	11	11	12	21	11	12	12	21	22	22	22	11	11	21	21	11	12	11	22	21	22	21	12	11	12	12	11	21	22	11
88	0	34.346	81.681	12	12	11	11	22	12	22	22	21	11	21	21	21	12	22	12	11	12	22	21	22	21	22	22	11	21	21	21	22	11	11	11	12	22	11	11	21	12	22	21	22	11	12	12	22	21	22	12	22	12	12	22	21	21	22	21	12	21	11	11	12	21	11	12	12	21	22	22	22	11	11	21	21	11	12	11	22	21	22	21	12	11	12	12	11	21	22	11
94	0	34.346	81.681	12	12	11	11	22	12	22	22	21	11	21	21	21	12	22	12	11	12	22	21	22	21	22	22	11	21	21	21	22	11	11	11	12	22	11	11	21	12	22	21	22	11	12	12	22	21	22	12	22	12	12	22	21	21	22	21	12	21	11	11	12	21	11	12	12	21	22	22	22	11	11	21	21	11	12	11	22	21	22	21	12	11	12	12	11	21	22	11
90	0	34.346	81.681	12	12	11	11	22	12	22	22	21	11	21	21	21	12	22	12	11	12	22	21	22	21	22	22	11	21	21	21	22	11	11	11	12	22	11	11	21	12	22	21	22	11	12	12	22	21	22	12	22	12	12	22	21	21	22	21	12	21	11	11	12	21	11	12	12	21	22	22	22	11	11	21	21	11	12	11	22	21	22	21	12	11	12	12	11	21	22	11
89	0	34.346	81.681	12	12	11	11	22	12	22	22	21	11	21	21	21	12	22	12	11	12	22	21	22	21	22	22	11	21	21	21	22	11	11	11	12	22	11	11	21	12	22	21	22	11	12	12	22	21	22	12	22	12	12	22	21	21	22	21	12	21	11	11	12	21	11	12	12	21	22	22	22	11	11	21	21	11	12	11	22	21	22	21	12	11	12	12	11	21	22	11
92	0	34.346	81.681	12	12	11	11	22	12	22	22	21	11	21	21	21	12	22	12	11	12	22	21	22	21	22	22	11	21	21	21	22	11	11	11	12	22	11	11	21	12	22	21	22	11	12	12	22	21	22	12	22	12	12	22	21	21	22	21	12	21	11	11	12	21	11	12	12	21	22	22	22	11	11	21	21	11	12	11	22	21	22	21	12	11	12	12	11	21	22	11
86	0	34.346	82.858	12	12	11	11	22	12	22	22	21	11	21	21	21	12	22	12	11	12	22	21	22	21	22	22	11	21	21	21	22	11	11	11	12	22	11	11	21	12	22	21	22	11	12	11	22	21	22	12	22	12	12	22	21	21	22	21	12	21	11	11	12	21	11	12	12	21	22	22	22	11	11	21	21	11	12	11	22	21	22	21	12	11	12	12	11	21	22	11
91	0	35.523	82.858	12	12	11	11	22	12	22	12	21	11	21	21	21	12	22	12	11	12	22	21	22	21	22	22	11	21	21	21	22	11	11	11	12	22	11	11	21	12	22	21	22	11	12	11	22	21	22	12	22	12	12	22	21	21	22	21	12	21	11	11	12	21	11	12	12	21	22	22	22	11	11	21	21	11	12	11	22	21	22	21	12	11	12	12	11	21	22	11
84	0	35.523	82.858	12	12	11	11	22	12	22	12	21	11	21	21	21	12	22	12	11	12	22	21	22	21	22	22	11	21	21	21	22	11	11	11	12	22	11	11	21	12	22	21	22	11	12	11	22	21	22	12	22	12	12	22	21	21	22	21	12	21	11	11	12	21	11	12	12	21	22	22	22	11	11	21	21	11	12	11	22	21	22	21	12	11	12	12	11	21	22	11
85	0	35.523	82.858	12	12	11	11	22	12	22	12	21	11	21	21	21	12	22	12	11	12	22	21	22	21	22	22	11	21	21	21	22	11	11	11	12	22	11	11	21	12	22	21	22	11	12	11	22	21	22	12	22	12	12	22	21	21	22	21	12	21	11	11	12	21	11	12	12	21	22	22	22	11	11	21	21	11	12	11	22	21	22	21	12	11	12	12	11	21	22	11
83	0	36.699	84.034	12	12	11	11	22	12	22	12	21	11	21	21	21	12	22	12	11	12	22	21	22	21	22	22	11	21	21	21	22	11	11	11	12	22	11	11	21	12	22	21	22	11	12	11	22	21	22	12	22	12	12	22	21	21	22	21	12	21	11	11	22	21	12	12	12	21	22	22	22	11	11	21	21	11	12	11	22	21	22	21	12	11	12	12	11	21	22	11
82	0	36.699	85.211	12	12	11	11	22	12	22	12	21	11	21	21	21	12	22	12	11	12	22	21	22	21	22	22	11	21	21	21	22	11	11	11	12	22	11	11	21	12	22	21	22	11	11	11	22	21	22	12	22	12	12	22	21	21	22	21	12	21	11	11	22	21	12	12	12	21	22	22	22	11	11	21	21	11	12	11	22	21	22	21	12	11	12	12	11	21	22	11
79	0	39.080	85.211	12	12	11	11	22	12	22	12	21	11	21	21	21	22	12	12	11	12	22	21	22	21	22	22	11	21	21	21	22	11	11	11	12	22	11	11	21	12	22	21	22	11	11	11	22	21	22	12	22	12	12	22	21	21	22	21	12	21	11	11	22	21	12	12	12	21	22	22	22	11	11	21	21	11	12	11	22	21	22	21	12	11	12	12	11	21	22	11
80	0	39.080	85.211	12	12	11	11	22	12	22	12	21	11	21	21	21	22	12	12	11	12	22	21	22	21	22	22	11	21	21	21	22	11	11	11	12	22	11	11	21	12	22	21	22	11	11	11	22	21	22	12	22	12	12	22	21	21	22	21	12	21	11	11	22	21	12	12	12	21	22	22	22	11	11	21	21	11	12	11	22	21	22	21	12	11	12	12	11	21	22	11
81	0	39.080	85.211	12	12	11	11	22	12	22	12	21	11	21	21	21	22	12	12	11	12	22	21	22	21	22	22	11	21	21	21	22	11	11	11	12	22	11	11	21	12	22	21	22	11	11	11	22	21	22	12	22	12	12	22	21	21	22	21	12	21	11	11	22	21	12	12	12	21	22	22	22	11	11	21	21	11	12	11	22	21	22	21	12	11	12	12	11	21	22	11
44	0	39.080	86.387	12	12	11	11	22	12	22	12	21	11	21	21	21	22	12	12	11	12	22	21	22	21	22	22	11	21	21	21	22	11	11	11	12	22	11	11	21	12	22	21	22	12	11	11	22	21	22	12	22	12	12	22	21	21	22	21	12	21	11	11	22	21	12	12	12	21	22	22	22	11	11	21	21	11	12	11	22	21	22	21	12	11	12	12	11	21	22	11
52	0	39.080	86.387	12	12	11	11	22	12	22	12	21	11	21	21	21	22	12	12	11	12	22	21	22	21	22	22	11	21	21	21	22	11	11	11	12	22	11	11	21	12	22	21	22	12	11	11	22	21	22	12	22	12	12	22	21	21	22	21	12	21	11	11	22	21	12	12	12	21	22	22	22	11	11	21	21	11	12	11	22	21	22	21	12	11	12	12	11	21	22	11
22	0	39.080	86.387	12	12	11	11	22	12	22	12	21	11	21	21	21	22	12	12	11	12	22	21	22	21	22	22	11	21	21	21	22	11	11	11	12	22	11	11	21	12	22	21	22	12	11	11	22	21	22	12	22	12	12	22	21	21	22	21	12	21	11	11	22	21	12	12	12	21	22	22	22	11	11	21	21	11	12	11	22	21	22	21	12	11	12	12	11	21	22	11
35	0	39.080	86.387	12	12	11	11	22	12	22	12	21	11	21	21	21	22	12	12	11	12	22	21	22	21	22	22	11	21	21	21	22	11	11	11	12	22	11	11	21	12	22	21	22	12	11	11	22	21	22	12	22	12	12	22	21	21	22	21	12	21	11	11	22	21	12	12	12	21	22	22	22	11	11	21	21	11	12	11	22	21	22	21	12	11	12	12	11	21	22	11
33	0	39.080	86.387	12	12	11	11	22	12	22	12	21	11	21	21	21	22	12	12	11	12	22	21	22	21	22	22	11	21	21	21	22	11	11	11	12	22	11	11	21	12	22	21	22	12	11	11	22	21	22	12	22	12	12	22	21	21	22	21	12	21	11	11	22	21	12	12	12	21	22	22	22	11	11	21	21	11	12	11	22	21	22	21	12	11	12	12	11	21	22	11
53	0	39.080	86.387	12	12	11	11	22	12	22	12	21	11	21	21	21	22	12	12	11	12	22	21	22	21	22	22	11	21	21	21	22	11	11	11	12	22	11	11	21	12	22	21	22	12	11	11	22	21	22	12	22	12	12	22	21	21	22	21	12	21	11	11	22	21	12	12	12	21	22	22	22	11	11	21	21	11	12	11	22	21	22	21	12	11	12	12	11	21	22	11
55	0	39.080	86.387	12	12	11	11	22	12	22	12	21	11	21	21	21	22	12	12	11	12	22	21	22	21	22	22	11	21	21	21	22	11	11	11	12	22	11	11	21	12	22	21	22	12	11	11	22	21	22	12	22	12	12	22	21	21	22	21	12	21	11	11	22	21	12	12	12	21	22	22	22	11	11	21	21	11	12	11	22	21	22	21	12	11	12	12	11	21	22	11
54	0	39.080	86.387	12	12	11	11	22	12	22	12	21	11	21	21	21	22	12	12	11	12	22	21	22	21	22	22	11	21	21	21	22	11	11	11	12	22	11	11	21	12	22	21	22	12	11	11	22	21	22	12	22	12	12	22	21	21	22	21	12	21	11	11	22	21	12	12	12	21	22	22	22	11	11	21	21	11	12	11	22	21	22	21	12	11	12	12	11	21	22	11
30	0	39.080	86.387	12	12	11	11	22	12	22	12	21	11	21	21	21	22	12	12	11	12	22	21	22	21	22	22	11	21	21	21	22	11	11	11	12	22	11	11	21	12	22	21	22	12	11	11	22	21	22	12	22	12	12	22	21	21	22	21	12	21	11	11	22	21	12	12	12	21	22	22	22	11	11	21	21	11	12	11	22	21	22	21	12	11	12	12	11	21	22	11
23	0	39.080	86.387	12	12	11	11	22	12	22	12	21	11	21	21	21	22	12	12	11	12	22	21	22	21	22	22	11	21	21	21	22	11	11	11	12	22	11	11	21	12	22	21	22	12	11	11	22	21	22	12	22	12	12	22	21	21	22	21	12	21	11	11	22	21	12	12	12	21	22	22	22	11	11	21	21	11	12	11	22	21	22	21	12	11	12	12	11	21	22	11
76	0	39.080	86.387	12	12	11	11	22	12	22	12	21	11	21	21	21	22	12	12	11	12	22	21	22	21	22	22	11	21	21	21	22	11	11	11	12	22	11	11	21	12	22	21	22	12	11	11	22	21	22	12	22	12	12	22	21	21	22	21	12	21	11	11	22	21	12	12	12	21	22	22	22	11	11	21	21	11	12	11	22	21	22	21	12	11	12	12	11	21	22	11
29	0	39.080	86.387	12	12	11	11	22	12	22	12	21	11	21	21	21	22	12	12	11	12	22	21	22	21	22	22	11	21	21	21	22	11	11	11	12	22	11	11	21	12	22	21	22	12	11	11	22	21	22	12	22	12	12	22	21	21	22	21	12	21	11	11	22	21	12	12	12	21	22	22	22	11	11	21	21	11	12	11	22	21	22	21	12	11	12	12	11	21	22	11
77	0	39.080	86.387	12	12	11	11	22	12	22	12	21	11	21	21	21	22	12	12	11	12	22	21	22	21	22	22	11	21	21	21	22	11	11	11	12	22	11	11	21	12	22	21	22	12	11	11	22	21	22	12	22	12	12	22	21	21	22	21	12	21	11	11	22	21	12	12	12	21	22	22	22	11	11	21	21	11	12	11	22	21	22	21	12	11	12	12	11	21	22	11
59	0	39.080	86.387	12	12	11	11	22	12	22	12	21	11	21	21	21	22	12	12	11	12	22	21	22	21	22	22	11	21	21	21	22	11	11	11	12	22	11	11	21	12	22	21	22	12	11	11	22	21	22	12	22	12	12	22	21	21	22	21	12	21	11	11	22	21	12	12	12	21	22	22	22	11	11	21	21	11	12	11	22	21	22	21	12	11	12	12	11	21	22	11
28	0	39.080	86.387	12	12	11	11	22	12	22	12	21	11	21	21	21	22	12	12	11	12	22	21	22	21	22	22	11	21	21	21	22	11	11	11	12	22	11	11	21	12	22	21	22	12	11	11	22	21	22	12	22	12	12	22	21	21	22	21	12	21	11	11	22	21	12	12	12	21	22	22	22	11	11	21	21	11	12	11	22	21	22	21	12	11	12	12	11	21	22	11
34	0	39.080	86.387	12	12	11	11	22	12	22	12	21	11	21	21	21	22	12	12	11	12	22	21	22	21	22	22	11	21	21	21	22	11	11	11	12	22	11	11	21	12	22	21	22	12	11	11	22	21	22	12	22	12	12	22	21	21	22	21	12	21	11	11	22	21	12	12	12	21	22	22	22	11	11	21	21	11	12	11	22	21	22	21	12	11	12	12	11	21	22	11
43	0	39.080	86.387	12	12	11	11	22	12	22	12	21	11	21	21	21	22	12	12	11	12	22	21	22	21	22	22	11	21	21	21	22	11	11	11	12	22	11	11	21	12	22	21	22	12	11	11	22	21	22	12	22	12	12	22	21	21	22	21	12	21	11	11	22	21	12	12	12	21	22	22	22	11	11	21	21	11	12	11	22	21	22	21	12	11	12	12	11	21	22	11
51	0	39.080	86.387	12	12	11	11	22	12	22	12	21	11	21	21	21	22	12	12	11	12	22	21	22	21	22	22	11	21	21	21	22	11	11	11	12	22	11	11	21	12	22	21	22	12	11	11	22	21	22	12	22	12	12	22	21	21	22	21	12	21	11	11	22	21	12	12	12	21	22	22	22	11	11	21	21	11	12	11	22	21	22	21	12	11	12	12	11	21	22	11
27	0	39.080	86.387	12	12	11	11	22	12	22	12	21	11	21	21	21	22	12	12	11	12	22	21	22	21	22	22	11	21	21	21	22	11	11	11	12	22	11	11	21	12	22	21	22	12	11	11	22	21	22	12	22	12	12	22	21	21	22	21	12	21	11	11	22	21	12	12	12	21	22	22	22	11	11	21	21	11	12	11	22	21	22	21	12	11	12	12	11	21	22	11
24	0	39.080	87.564	12	12	11	11	22	12	22	12	21	11	21	21	21	22	12	12	11	12	22	21	22	21	22	22	11	21	21	21	22	11	11	11	12	22	11	11	21	12	22	21	22	12	11	11	22	21	22	12	22	12	12	22	21	21	22	21	12	21	11	11	22	21	12	12	12	21	22	22	22	11	11	21	21	11	12	11	22	21	22	21	12	11	12	12	11	22	22	11
58	0	39.080	87.564	12	12	11	11	22	12	22	12	21	11	21	21	21	22	12	12	11	12	22	21	22	21	22	22	11	21	21	21	22	11	11	11	12	22	11	11	21	12	22	21	22	12	11	11	22	21	22	12	22	12	12	22	21	21	22	21	12	21	11	11	22	21	12	12	12	21	22	22	22	11	11	21	21	11	12	11	22	21	22	21	12	11	12	12	11	22	22	11
49	0	39.080	87.564	12	12	11	11	22	12	22	12	21	11	21	21	21	22	12	12	11	12	22	21	22	21	22	22	11	21	21	21	22	11	11	11	12	22	11	11	21	12	22	21	22	12	11	11	22	21	22	12	22	12	12	22	21	21	22	21	12	21	11	11	22	21	12	12	12	21	22	22	22	11	11	21	21	11	12	11	22	21	22	21	12	11	12	12	11	22	22	11
48	0	39.080	87.564	12	12	11	11	22	12	22	12	21	11	21	21	21	22	12	12	11	12	22	21	22	21	22	22	11	21	21	21	22	11	11	11	12	22	11	11	21	12	22	21	22	12	11	11	22	21	22	12	22	12	12	22	21	21	22	21	12	21	11	11	22	21	12	12	12	21	22	22	22	11	11	21	21	11	12	11	22	21	22	21	12	11	12	12	11	22	22	11
60	0	39.080	87.564	12	12	11	11	22	12	22	12	21	11	21	21	21	22	12	12	11	12	22	21	22	21	22	22	11	21	21	21	22	11	11	11	12	22	11	11	21	12	22	21	22	12	11	11	22	21	22	12	22	12	12	22	21	21	22	21	12	21	11	11	22	21	12	12	12	21	22	22	22	11	11	21	21	11	12	11	22	21	22	21	12	11	12	12	11	22	22	11
50	0	39.080	87.564	12	12	11	11	22	12	22	12	21	11	21	21	21	22	12	12	11	12	22	21	22	21	22	22	11	21	21	21	22	11	11	11	12	22	11	11	21	12	22	21	22	12	11	11	22	21	22	12	22	12	12	22	21	21	22	21	12	21	11	11	22	21	12	12	12	21	22	22	22	11	11	21	21	11	12	11	22	21	22	21	12	11	12	12	11	22	22	11
14	0	40.257	88.740	12	12	11	11	22	12	22	12	21	21	21	21	21	22	12	12	11	12	22	21	22	21	22	22	11	21	21	21	22	11	11	11	12	22	11	11	21	12	22	21	22	12	11	11	22	21	22	12	22	12	12	22	21	21	22	22	12	21	11	11	22	21	12	12	12	21	22	22	22	11	11	21	21	11	12	11	22	21	22	21	12	11	12	12	11	22	22	11
17	0	40.257	88.740	12	12	11	11	22	12	22	12	21	21	21	21	21	22	12	12	11	12	22	21	22	21	22	22	11	21	21	21	22	11	11	11	12	22	11	11	21	12	22	21	22	12	11	11	22	21	22	12	22	12	12	22	21	21	22	22	12	21	11	11	22	21	12	12	12	21	22	22	22	11	11	21	21	11	12	11	22	21	22	21	12	11	12	12	11	22	22	11
3	0	41.434	89.917	12	12	11	11	22	12	22	12	21	21	21	21	21	22	12	12	11	12	22	21	22	21	22	22	11	21	21	21	22	11	11	11	12	22	11	11	21	12	22	21	22	12	11	11	22	21	22	12	22	12	12	22	21	21	22	22	12	21	11	21	22	21	12	12	12	21	22	22	22	11	11	22	21	11	12	11	22	21	22	21	12	11	12	12	11	22	22	11
5	0	41.434	89.917	12	12	11	11	22	12	22	12	21	21	21	21	21	22	12	12	11	12	22	21	22	21	22	22	11	21	21	21	22	11	11	11	12	22	11	11	21	12	22	21	22	12	11	11	22	21	22	12	22	12	12	22	21	21	22	22	12	21	11	21	22	21	12	12	12	21	22	22	22	11	11	22	21	11	12	11	22	21	22	21	12	11	12	12	11	22	22	11
6	0	41.434	89.917	12	12	11	11	22	12	22	12	21	21	21	21	21	22	12	12	11	12	22	21	22	21	22	22	11	21	21	21	22	11	11	11	12	22	11	11	21	12	22	21	22	12	11	11	22	21	22	12	22	12	12	22	21	21	22	22	12	21	11	21	22	21	12	12	12	21	22	22	22	11	11	22	21	11	12	11	22	21	22	21	12	11	12	12	11	22	22	11
1	0	41.434	89.917	12	12	11	11	22	12	22	12	21	21	21	21	21	22	12	12	11	12	22	21	22	21	22	22	11	21	21	21	22	11	11	11	12	22	11	11	21	12	22	21	22	12	11	11	22	21	22	12	22	12	12	22	21	21	22	22	12	21	11	21	22	21	12	12	12	21	22	22	22	11	11	22	21	11	12	11	22	21	22	21	12	11	12	12	11	22	22	11
2	0	41.434	89.917	12	12	11	11	22	12	22	12	21	21	21	21	21	22	12	12	11	12	22	21	22	21	22	22	11	21	21	21	22	11	11	11	12	22	11	11	21	12	22	21	22	12	11	11	22	21	22	12	22	12	12	22	21	21	22	22	12	21	11	21	22	21	12	12	12	21	22	22	22	11	11	22	21	11	12	11	22	21	22	21	12	11	12	12	11	22	22	11
4	0	41.434	89.917	12	12	11	11	22	12	22	12	21	21	21	21	21	22	12	12	11	12	22	21	22	21	22	22	11	21	21	21	22	11	11	11	12	22	11	11	21	12	22	21	22	12	11	11	22	21	22	12	22	12	12	22	21	21	22	22	12	21	11	21	22	21	12	12	12	21	22	22	22	11	11	22	21	11	12	11	22	21	22	21	12	11	12	12	11	22	22	11
7	0	41.434	89.917	12	12	11	11	22	12	22	12	21	21	21	21	21	22	12	12	11	12	22	21	22	21	22	22	11	21	21	21	22	11	11	11	12	22	11	11	21	12	22	21	22	12	11	11	22	21	22	12	22	12	12	22	21	21	22	22	12	21	11	21	22	21	12	12	12	21	22	22	22	11	11	22	21	11	12	11	22	21	22	21	12	11	12	12	11	22	22	11
8	0	42.610	89.917	12	12	11	11	22	12	22	12	21	21	21	21	21	22	12	12	11	12	22	21	22	21	22	22	11	21	21	21	22	11	11	11	12	22	11	11	21	12	22	21	22	12	11	11	22	21	22	12	22	12	12	22	21	21	22	22	12	21	11	21	22	21	12	12	12	21	22	22	22	11	11	12	21	11	12	11	22	21	22	21	12	11	12	12	11	22	22	11
15	0	43.787	89.917	12	12	11	11	22	12	22	12	21	21	21	21	21	22	12	12	11	12	22	21	22	21	22	22	11	21	21	21	22	11	11	11	12	22	11	11	21	12	22	21	22	12	11	11	22	21	22	12	22	12	12	22	21	21	22	22	12	21	11	11	22	21	12	12	12	21	22	22	22	11	11	12	21	11	12	11	22	21	22	21	12	11	12	12	11	22	22	11
9	0	43.787	89.917	12	12	11	11	22	12	22	12	21	21	21	21	21	22	12	12	11	12	22	21	22	21	22	22	11	21	21	21	22	11	11	11	12	22	11	11	21	12	22	21	22	12	11	11	22	21	22	12	22	12	12	22	21	21	22	22	12	21	11	11	22	21	12	12	12	21	22	22	22	11	11	12	21	11	12	11	22	21	22	21	12	11	12	12	11	22	22	11
13	0	43.787	89.917	12	12	11	11	22	12	22	12	21	21	21	21	21	22	12	12	11	12	22	21	22	21	22	22	11	21	21	21	22	11	11	11	12	22	11	11	21	12	22	21	22	12	11	11	22	21	22	12	22	12	12	22	21	21	22	22	12	21	11	11	22	21	12	12	12	21	22	22	22	11	11	12	21	11	12	11	22	21	22	21	12	11	12	12	11	22	22	11
16	0	43.787	89.917	12	12	11	11	22	12	22	12	21	21	21	21	21	22	12	12	11	12	22	21	22	21	22	22	11	21	21	21	22	11	11	11	12	22	11	11	21	12	22	21	22	12	11	11	22	21	22	12	22	12	12	22	21	21	22	22	12	21	11	11	22	21	12	12	12	21	22	22	22	11	11	12	21	11	12	11	22	21	22	21	12	11	12	12	11	22	22	11
12	0	44.963	89.917	12	12	11	11	22	12	22	22	21	21	21	21	21	22	12	12	11	12	22	21	22	21	22	22	11	21	21	21	22	11	11	11	12	22	11	11	21	12	22	21	22	12	11	11	22	21	22	12	22	12	12	22	21	21	22	22	12	21	11	11	22	21	12	12	12	21	22	22	22	11	11	12	21	11	12	11	22	21	22	21	12	11	12	12	11	22	22	11
18	0	44.963	89.917	12	12	11	11	22	12	22	22	21	21	21	21	21	22	12	12	11	12	22	21	22	21	22	22	11	21	21	21	22	11	11	11	12	22	11	11	21	12	22	21	22	12	11	11	22	21	22	12	22	12	12	22	21	21	22	22	12	21	11	11	22	21	12	12	12	21	22	22	22	11	11	12	21	11	12	11	22	21	22	21	12	11	12	12	11	22	22	11
11	0	44.963	89.917	12	12	11	11	22	12	22	22	21	21	21	21	21	22	12	12	11	12	22	21	22	21	22	22	11	21	21	21	22	11	11	11	12	22	11	11	21	12	22	21	22	12	11	11	22	21	22	12	22	12	12	22	21	21	22	22	12	21	11	11	22	21	12	12	12	21	22	22	22	11	11	12	21	11	12	11	22	21	22	21	12	11	12	12	11	22	22	11
10	0	44.963	89.917	12	12	11	11	22	12	22	22	21	21	21	21	21	22	12	12	11	12	22	21	22	21	22	22	11	21	21	21	22	11	11	11	12	22	11	11	21	12	22	21	22	12	11	11	22	21	22	12	22	12	12	22	21	21	22	22	12	21	11	11	22	21	12	12	12	21	22	22	22	11	11	12	21	11	12	11	22	21	22	21	12	11	12	12	11	22	22	11
19	0	46.140	89.917	12	12	11	11	22	12	22	22	21	21	21	21	21	22	12	12	11	12	22	21	22	21	22	22	11	21	21	21	22	11	11	11	12	22	11	11	21	12	22	21	22	12	11	11	22	21	22	12	22	12	12	22	21	21	22	12	12	21	11	11	22	21	12	12	12	21	22	22	22	11	11	12	21	11	12	11	22	21	22	21	12	11	12	12	11	22	22	11
20	0	46.140	89.917	12	12	11	11	22	12	22	22	21	21	21	21	21	22	12	12	11	12	22	21	22	21	22	22	11	21	21	21	22	11	11	11	12	22	11	11	21	12	22	21	22	12	11	11	22	21	22	12	22	12	12	22	21	21	22	12	12	21	11	11	22	21	12	12	12	21	22	22	22	11	11	12	21	11	12	11	22	21	22	21	12	11	12	12	11	22	22	11
41	0	47.316	89.917	12	12	11	11	22	12	22	22	21	11	21	21	21	22	12	12	11	12	22	21	22	21	22	22	11	21	21	21	22	11	11	11	12	22	11	11	21	12	22	21	22	12	11	11	22	21	22	12	22	12	12	22	21	21	22	12	12	21	11	11	22	21	12	12	12	21	22	22	22	11	11	12	21	11	12	11	22	21	22	21	12	11	12	12	11	22	22	11
31	0	47.316	89.917	12	12	11	11	22	12	22	22	21	11	21	21	21	22	12	12	11	12	22	21	22	21	22	22	11	21	21	21	22	11	11	11	12	22	11	11	21	12	22	21	22	12	11	11	22	21	22	12	22	12	12	22	21	21	22	12	12	21	11	11	22	21	12	12	12	21	22	22	22	11	11	12	21	11	12	11	22	21	22	21	12	11	12	12	11	22	22	11
42	0	47.316	89.917	12	12	11	11	22	12	22	22	21	11	21	21	21	22	12	12	11	12	22	21	22	21	22	22	11	21	21	21	22	11	11	11	12	22	11	11	21	12	22	21	22	12	11	11	22	21	22	12	22	12	12	22	21	21	22	12	12	21	11	11	22	21	12	12	12	21	22	22	22	11	11	12	21	11	12	11	22	21	22	21	12	11	12	12	11	22	22	11
66	0	47.316	89.917	12	12	11	11	22	12	22	22	21	11	21	21	21	22	12	12	11	12	22	21	22	21	22	22	11	21	21	21	22	11	11	11	12	22	11	11	21	12	22	21	22	12	11	11	22	21	22	12	22	12	12	22	21	21	22	12	12	21	11	11	22	21	12	12	12	21	22	22	22	11	11	12	21	11	12	11	22	21	22	21	12	11	12	12	11	22	22	11
32	0	47.316	89.917	12	12	11	11	22	12	22	22	21	11	21	21	21	22	12	12	11	12	22	21	22	21	22	22	11	21	21	21	22	11	11	11	12	22	11	11	21	12	22	21	22	12	11	11	22	21	22	12	22	12	12	22	21	21	22	12	12	21	11	11	22	21	12	12	12	21	22	22	22	11	11	12	21	11	12	11	22	21	22	21	12	11	12	12	11	22	22	11
40	0	48.493	89.917	12	12	11	11	22	12	22	22	21	11	21	21	21	22	12	12	11	12	22	21	22	21	22	22	11	21	21	21	22	11	11	11	12	22	11	11	21	12	22	21	22	12	11	11	22	21	22	12	22	12	12	22	21	21	22	12	12	21	11	11	22	21	12	12	12	21	22	22	22	11	11	12	21	11	12	11	22	21	22	21	12	11	12	12	11	12	22	11
38	0	48.493	89.917	12	12	11	11	22	12	22	22	21	11	21	21	21	22	12	12	11	12	22	21	22	21	22	22	11	21	21	21	22	11	11	11	12	22	11	11	21	12	22	21	22	12	11	11	22	21	22	12	22	12	12	22	21	21	22	12	12	21	11	11	22	21	12	12	12	21	22	22	22	11	11	12	21	11	12	11	22	21	22	21	12	11	12	12	11	12	22	11
36	0	48.493	89.917	12	12	11	11	22	12	22	22	21	11	21	21	21	22	12	12	11	12	22	21	22	21	22	22	11	21	21	21	22	11	11	11	12	22	11	11	21	12	22	21	22	12	11	11	22	21	22	12	22	12	12	22	21	21	22	12	12	21	11	11	22	21	12	12	12	21	22	22	22	11	11	12	21	11	12	11	22	21	22	21	12	11	12	12	11	12	22	11
78	0	48.493	89.917	12	12	11	11	22	12	22	22	21	11	21	21	21	22	12	12	11	12	22	21	22	21	22	22	11	21	21	21	22	11	11	11	12	22	11	11	21	12	22	21	22	12	11	11	22	21	22	12	22	12	12	22	21	21	22	12	12	21	11	11	22	21	12	12	12	21	22	22	22	11	11	12	21	11	12	11	22	21	22	21	12	11	12	12	11	12	22	11
37	0	48.493	89.917	12	12	11	11	22	12	22	22	21	11	21	21	21	22	12	12	11	12	22	21	22	21	22	22	11	21	21	21	22	11	11	11	12	22	11	11	21	12	22	21	22	12	11	11	22	21	22	12	22	12	12	22	21	21	22	12	12	21	11	11	22	21	12	12	12	21	22	22	22	11	11	12	21	11	12	11	22	21	22	21	12	11	12	12	11	12	22	11
25	0	48.493	89.917	12	12	11	11	22	12	22	22	21	11	21	21	21	22	12	12	11	12	22	21	22	21	22	22	11	21	21	21	22	11	11	11	12	22	11	11	21	12	22	21	22	12	11	11	22	21	22	12	22	12	12	22	21	21	22	12	12	21	11	11	22	21	12	12	12	21	22	22	22	11	11	12	21	11	12	11	22	21	22	21	12	11	12	12	11	12	22	11
26	0	48.493	89.917	12	12	11	11	22	12	22	22	21	11	21	21	21	22	12	12	11	12	22	21	22	21	22	22	11	21	21	21	22	11	11	11	12	22	11	11	21	12	22	21	22	12	11	11	22	21	22	12	22	12	12	22	21	21	22	12	12	21	11	11	22	21	12	12	12	21	22	22	22	11	11	12	21	11	12	11	22	21	22	21	12	11	12	12	11	12	22	11
21	0	48.493	89.917	12	12	11	11	22	12	22	22	21	11	21	21	21	22	12	12	11	12	22	21	22	21	22	22	11	21	21	21	22	11	11	11	12	22	11	11	21	12	22	21	22	12	11	11	22	21	22	12	22	12	12	22	21	21	22	12	12	21	11	11	22	21	12	12	12	21	22	22	22	11	11	12	21	11	12	11	22	21	22	21	12	11	12	12	11	12	22	11
57	0	49.669	89.917	12	12	11	11	22	12	22	22	21	11	21	21	21	22	12	12	11	12	22	21	22	21	22	22	11	21	21	21	22	11	11	11	12	22	11	11	21	12	22	21	22	12	11	11	22	21	22	12	22	12	12	22	21	21	22	12	12	11	11	11	22	21	12	12	12	21	22	22	22	11	11	12	21	11	12	11	22	21	22	21	12	11	12	12	11	12	22	11
56	0	49.669	89.917	12	12	11	11	22	12	22	22	21	11	21	21	21	22	12	12	11	12	22	21	22	21	22	22	11	21	21	21	22	11	11	11	12	22	11	11	21	12	22	21	22	12	11	11	22	21	22	12	22	12	12	22	21	21	22	12	12	11	11	11	22	21	12	12	12	21	22	22	22	11	11	12	21	11	12	11	22	21	22	21	12	11	12	12	11	12	22	11
46	0	49.669	91.093	12	12	11	11	22	11	22	22	21	11	21	21	21	22	12	12	11	12	22	21	22	21	22	22	11	21	21	21	22	11	11	11	12	22	11	11	21	12	22	21	22	12	11	11	22	21	22	12	22	12	12	22	21	21	22	12	12	11	11	11	22	21	12	12	12	21	22	22	22	11	11	12	21	11	12	11	22	21	22	21	12	11	12	12	11	12	22	11
45	0	49.669	91.093	12	12	11	11	22	11	22	22	21	11	21	21	21	22	12	12	11	12	22	21	22	21	22	22	11	21	21	21	22	11	11	11	12	22	11	11	21	12	22	21	22	12	11	11	22	21	22	12	22	12	12	22	21	21	22	12	12	11	11	11	22	21	12	12	12	21	22	22	22	11	11	12	21	11	12	11	22	21	22	21	12	11	12	12	11	12	22	11
47	0	49.669	91.093	12	12	11	11	22	11	22	22	21	11	21	21	21	22	12	12	11	12	22	21	22	21	22	22	11	21	21	21	22	11	11	11	12	22	11	11	21	12	22	21	22	12	11	11	22	21	22	12	22	12	12	22	21	21	22	12	12	11	11	11	22	21	12	12	12	21	22	22	22	11	11	12	21	11	12	11	22	21	22	21	12	11	12	12	11	12	22	11
62	0	49.669	92.270	12	12	11	11	22	11	22	22	21	11	21	21	21	22	12	12	11	12	22	21	22	21	22	22	11	21	21	21	22	11	11	11	12	22	11	11	21	12	22	21	22	12	11	11	22	21	22	12	22	12	12	22	21	21	22	12	12	12	11	11	22	21	12	12	12	21	22	22	22	11	11	12	21	11	12	11	22	21	22	21	12	11	12	12	11	12	22	11
65	0	49.669	92.270	12	12	11	11	22	11	22	22	21	11	21	21	21	22	12	12	11	12	22	21	22	21	22	22	11	21	21	21	22	11	11	11	12	22	11	11	21	12	22	21	22	12	11	11	22	21	22	12	22	12	12	22	21	21	22	12	12	12	11	11	22	21	12	12	12	21	22	22	22	11	11	12	21	11	12	11	22	21	22	21	12	11	12	12	11	12	22	11
61	0	49.669	92.270	12	12	11	11	22	11	22	22	21	11	21	21	21	22	12	12	11	12	22	21	22	21	22	22	11	21	21	21	22	11	11	11	12	22	11	11	21	12	22	21	22	12	11	11	22	21	22	12	22	12	12	22	21	21	22	12	12	12	11	11	22	21	12	12	12	21	22	22	22	11	11	12	21	11	12	11	22	21	22	21	12	11	12	12	11	12	22	11
64	0	49.669	92.270	12	12	11	11	22	11	22	22	21	11	21	21	21	22	12	12	11	12	22	21	22	21	22	22	11	21	21	21	22	11	11	11	12	22	11	11	21	12	22	21	22	12	11	11	22	21	22	12	22	12	12	22	21	21	22	12	12	12	11	11	22	21	12	12	12	21	22	22	22	11	11	12	21	11	12	11	22	21	22	21	12	11	12	12	11	12	22	11
39	0	49.669	92.270	12	12	11	11	22	11	22	22	21	11	21	21	21	22	12	12	11	12	22	21	22	21	22	22	11	21	21	21	22	11	11	11	12	22	11	11	21	12	22	21	22	12	11	11	22	21	22	12	22	12	12	22	21	21	22	12	12	12	11	11	22	21	12	12	12	21	22	22	22	11	11	12	21	11	12	11	22	21	22	21	12	11	12	12	11	12	22	11
63	0	49.669	92.270	12	12	11	11	22	11	22	22	21	11	21	21	21	22	12	12	11	12	22	21	22	21	22	22	11	21	21	21	22	11	11	11	12	22	11	11	21	12	22	21	22	12	11	11	22	21	22	12	22	12	12	22	21	21	22	12	12	12	11	11	22	21	12	12	12	21	22	22	22	11	11	12	21	11	12	11	22	21	22	21	12	11	12	12	11	12	22	11
67	0	52.051	94.651	12	12	11	11	22	11	22	22	21	11	21	21	21	22	12	12	11	12	22	21	22	21	22	22	11	21	21	21	22	11	11	11	12	22	11	11	21	12	22	21	22	12	11	11	22	21	22	12	22	12	12	22	11	21	22	12	12	12	11	11	22	11	12	12	12	21	22	22	22	11	11	12	21	11	11	11	22	21	22	21	11	11	12	12	11	12	22	11
71	0	52.051	94.651	12	12	11	11	22	11	22	22	21	11	21	21	21	22	12	12	11	12	22	21	22	21	22	22	11	21	21	21	22	11	11	11	12	22	11	11	21	12	22	21	22	12	11	11	22	21	22	12	22	12	12	22	11	21	22	12	12	12	11	11	22	11	12	12	12	21	22	22	22	11	11	12	21	11	11	11	22	21	22	21	11	11	12	12	11	12	22	11
73	0	52.051	94.651	12	12	11	11	22	11	22	22	21	11	21	21	21	22	12	12	11	12	22	21	22	21	22	22	11	21	21	21	22	11	11	11	12	22	11	11	21	12	22	21	22	12	11	11	22	21	22	12	22	12	12	22	11	21	22	12	12	12	11	11	22	11	12	12	12	21	22	22	22	11	11	12	21	11	11	11	22	21	22	21	11	11	12	12	11	12	22	11
75	0	52.051	94.651	12	12	11	11	22	11	22	22	21	11	21	21	21	22	12	12	11	12	22	21	22	21	22	22	11	21	21	21	22	11	11	11	12	22	11	11	21	12	22	21	22	12	11	11	22	21	22	12	22	12	12	22	11	21	22	12	12	12	11	11	22	11	12	12	12	21	22	22	22	11	11	12	21	11	11	11	22	21	22	21	11	11	12	12	11	12	22	11
70	0	52.051	94.651	12	12	11	11	22	11	22	22	21	11	21	21	21	22	12	12	11	12	22	21	22	21	22	22	11	21	21	21	22	11	11	11	12	22	11	11	21	12	22	21	22	12	11	11	22	21	22	12	22	12	12	22	11	21	22	12	12	12	11	11	22	11	12	12	12	21	22	22	22	11	11	12	21	11	11	11	22	21	22	21	11	11	12	12	11	12	22	11
72	0	52.051	94.651	12	12	11	11	22	11	22	22	21	11	21	21	21	22	12	12	11	12	22	21	22	21	22	22	11	21	21	21	22	11	11	11	12	22	11	11	21	12	22	21	22	12	11	11	22	21	22	12	22	12	12	22	11	21	22	12	12	12	11	11	22	11	12	12	12	21	22	22	22	11	11	12	21	11	11	11	22	21	22	21	11	11	12	12	11	12	22	11
74	0	52.051	94.651	12	12	11	11	22	11	22	22	21	11	21	21	21	22	12	12	11	12	22	21	22	21	22	22	11	21	21	21	22	11	11	11	12	22	11	11	21	12	22	21	22	12	11	11	22	21	22	12	22	12	12	22	11	21	22	12	12	12	11	11	22	11	12	12	12	21	22	22	22	11	11	12	21	11	11	11	22	21	22	21	11	11	12	12	11	12	22	11
69	0	52.051	94.651	12	12	11	11	22	11	22	22	21	11	21	21	21	22	12	12	11	12	22	21	22	21	22	22	11	21	21	21	22	11	11	11	12	22	11	11	21	12	22	21	22	12	11	11	22	21	22	12	22	12	12	22	11	21	22	12	12	12	11	11	22	11	12	12	12	21	22	22	22	11	11	12	21	11	11	11	22	21	22	21	11	11	12	12	11	12	22	11
68	0	52.051	94.651	12	12	11	11	22	11	22	22	21	11	21	21	21	22	12	12	11	12	22	21	22	21	22	22	11	21	21	21	22	11	11	11	12	22	11	11	21	12	22	21	22	12	11	11	22	21	22	12	22	12	12	22	11	21	22	12	12	12	11	11	22	11	12	12	12	21	22	22	22	11	11	12	21	11	11	11	22	21	22	21	11	11	12	12	11	12	22	11
