#java OrderMarkers2 data=data_fil.call map=map.txt scale=2M/N randSeed=-7215184053069594299
#*** LG = 1 likelihood = -3595.7276
#marker_number	male_position	female_position	( 0.0 )[	phased data]
265	0.000	0.000	( 0 )	1110111011101000111111011110011100100100000100101001111100010001110001100111110111011011010111111000111111001111001101011001001101001100110000010100011000101111010101000011 0 0
262	0.000	2.381	( 0 )	1110111011101000111111011110011100100100000100101001111100010001110001100111110111011011010111111000111111001111001101011001001101001100110010010100011000101111010100000011 0 2
263	0.000	2.381	( 0 )	1110111011101000111111011110011100100100000100101001111100010001110001100111110111011011010111111000111111001111001101011001001101001100110010010100011000101111010100000011 0 0
264	0.000	2.381	( 0 )	1110111011101000111111011110011100100100000100101001111100010001110001100111110111011011010111111000111111001111001101011001001101001100110010010100011000101111010100000011 0 0
261	0.000	5.997	( 0 )	1110111011101000111111011110011100100100000100101001111100010001110001100111110111011011010111111000111111001111001101011001001101001111110010000100011000101111010100000011 0 3
257	0.000	10.879	( 0 )	1110111011101000111111011110011100100100000100101001111100010001110001100111110111011011010111111000110101001011001101011001001101001111110010001100011000101111010100000011 0 4
260	0.000	10.879	( 0 )	1110111011101000111111011110011100100100000100101001111100010001110001100111110111011011010111111000110101001011001101011001001101001111110010001100011000101111010100000011 0 0
258	0.000	10.879	( 0 )	1110111011101000111111011110011100100100000100101001111100010001110001100111110111011011010111111000110101001011001101011001001101001111110010001100011000101111010100000011 0 0
259	0.000	10.879	( 0 )	1110111011101000111111011110011100100100000100101001111100010001110001100111110111011011010111111000110101001011001101011001001101001111110010001100011000101111010100000011 0 0
256	2.381	10.879	( 0 )	1110111011101000010111011110011100100100000100101001111100010001110001100111110111011011010111111000110101001011001101011001001101001111110010001100011000101111010100000011 2 0
255	3.558	10.879	( 0 )	1110111011101000010111011110011100100100000100101001111100010001110001100111110110011011010111111000110101001011001101011001001101001111110010001100011000101111010100000011 1 0
243	3.558	12.056	( 0 )	1110111011101000010111011110011100100100000100101001111100010001110001100111110110011011010111111000110101001011001101011001001101001111110010001100011000101111010100100011 0 1
244	4.734	12.056	( 0 )	1110111011101010010111011110011100100100000100101001111100010001110001100111110110011011010111111000110101001011001101011001001101001111110010001100011000101111010100100011 1 0
245	4.734	12.056	( 0 )	1110111011101010010111011110011100100100000100101001111100010001110001100111110110011011010111111000110101001011001101011001001101001111110010001100011000101111010100100011 0 0
251	4.734	12.056	( 0 )	1110111011101010010111011110011100100100000100101001111100010001110001100111110110011011010111111000110101001011001101011001001101001111110010001100011000101111010100100011 0 0
246	4.734	12.056	( 0 )	1110111011101010010111011110011100100100000100101001111100010001110001100111110110011011010111111000110101001011001101011001001101001111110010001100011000101111010100100011 0 0
250	4.734	12.056	( 0 )	1110111011101010010111011110011100100100000100101001111100010001110001100111110110011011010111111000110101001011001101011001001101001111110010001100011000101111010100100011 0 0
252	4.734	12.056	( 0 )	1110111011101010010111011110011100100100000100101001111100010001110001100111110110011011010111111000110101001011001101011001001101001111110010001100011000101111010100100011 0 0
247	4.734	13.232	( 0 )	1110111011101010010111011110011100100100000100101001111100010001110001100111110110011011010111111000010101001011001101011001001101001111110010001100011000101111010100100011 0 1
249	4.734	13.232	( 0 )	1110111011101010010111011110011100100100000100101001111100010001110001100111110110011011010111111000010101001011001101011001001101001111110010001100011000101111010100100011 0 0
248	4.734	13.232	( 0 )	1110111011101010010111011110011100100100000100101001111100010001110001100111110110011011010111111000010101001011001101011001001101001111110010001100011000101111010100100011 0 0
253	4.734	14.409	( 0 )	1110111011101010010111011110011100100100000100101001111100010001110001100111110110011011010011111000010101001011001101011001001101001111110010001100011000101111010100100011 0 1
254	4.734	14.409	( 0 )	1110111011101010010111011110011100100100000100101001111100010001110001100111110110011011010011111000010101001011001101011001001101001111110010001100011000101111010100100011 0 0
242	5.911	14.409	( 0 )	1110111011101010010111011110011100100100000100101001111100010101110001100111110110011011010011111000010101001011001101011001001101001111110010001100011000101111010100100011 1 0
240	5.911	15.585	( 0 )	1110111011101010010111011110011100100100000100101001111100010101110001100111110110011011010011111000010101001011001101001001001101001111110010001100011000101111010100100011 0 1
239	5.911	15.585	( 0 )	1110111011101010010111011110011100100100000100101001111100010101110001100111110110011011010011111000010101001011001101001001001101001111110010001100011000101111010100100011 0 0
241	5.911	15.585	( 0 )	1110111011101010010111011110011100100100000100101001111100010101110001100111110110011011010011111000010101001011001101001001001101001111110010001100011000101111010100100011 0 0
237	5.911	16.762	( 0 )	1110111011101010010111011110011100100100000100101001111100010101110001100111110110011011010011111000010101001011101101001001001101001111110010001100011000101111010100100011 0 1
236	5.911	16.762	( 0 )	1110111011101010010111011110011100100100000100101001111100010101110001100111110110011011010011111000010101001011101101001001001101001111110010001100011000101111010100100011 0 0
238	5.911	16.762	( 0 )	1110111011101010010111011110011100100100000100101001111100010101110001100111110110011011010011111000010101001011101101001001001101001111110010001100011000101111010100100011 0 0
233	5.911	19.143	( 0 )	1110111011101010010111011110011100100100000100101001111100010101110001100111110110011011010011111000010101001011101001001001001101001111110010001100011000101111110100100011 0 2
232	5.911	19.143	( 0 )	1110111011101010010111011110011100100100000100101001111100010101110001100111110110011011010011111000010101001011101001001001001101001111110010001100011000101111110100100011 0 0
234	5.911	19.143	( 0 )	1110111011101010010111011110011100100100000100101001111100010101110001100111110110011011010011111000010101001011101001001001001101001111110010001100011000101111110100100011 0 0
235	5.911	19.143	( 0 )	1110111011101010010111011110011100100100000100101001111100010101110001100111110110011011010011111000010101001011101001001001001101001111110010001100011000101111110100100011 0 0
231	5.911	20.320	( 0 )	1110111011101010010111011110011100100100000100101001111100010101110001100111110110011011010011111000010101001011101001001001001101001111110010001100011000101111100100100011 0 1
223	5.911	22.701	( 0 )	1110111011101010010111011110011100100100000100101001111100010101110001100111110110011011010011111000010101001011101001001011101101001111110010001100011000101111100100100011 0 2
224	5.911	22.701	( 0 )	1110111011101010010111011110011100100100000100101001111100010101110001100111110110011011010011111000010101001011101001001011101101001111110010001100011000101111100100100011 0 0
229	5.911	22.701	( 0 )	1110111011101010010111011110011100100100000100101001111100010101110001100111110110011011010011111000010101001011101001001011101101001111110010001100011000101111100100100011 0 0
228	5.911	22.701	( 0 )	1110111011101010010111011110011100100100000100101001111100010101110001100111110110011011010011111000010101001011101001001011101101001111110010001100011000101111100100100011 0 0
227	5.911	22.701	( 0 )	1110111011101010010111011110011100100100000100101001111100010101110001100111110110011011010011111000010101001011101001001011101101001111110010001100011000101111100100100011 0 0
221	5.911	22.701	( 0 )	1110111011101010010111011110011100100100000100101001111100010101110001100111110110011011010011111000010101001011101001001011101101001111110010001100011000101111100100100011 0 0
226	5.911	22.701	( 0 )	1110111011101010010111011110011100100100000100101001111100010101110001100111110110011011010011111000010101001011101001001011101101001111110010001100011000101111100100100011 0 0
225	5.911	22.701	( 0 )	1110111011101010010111011110011100100100000100101001111100010101110001100111110110011011010011111000010101001011101001001011101101001111110010001100011000101111100100100011 0 0
222	5.911	22.701	( 0 )	1110111011101010010111011110011100100100000100101001111100010101110001100111110110011011010011111000010101001011101001001011101101001111110010001100011000101111100100100011 0 0
220	5.911	22.701	( 0 )	1110111011101010010111011110011100100100000100101001111100010101110001100111110110011011010011111000010101001011101001001011101101001111110010001100011000101111100100100011 0 0
230	5.911	22.701	( 0 )	1110111011101010010111011110011100100100000100101001111100010101110001100111110110011011010011111000010101001011101001001011101101001111110010001100011000101111100100100011 0 0
213	5.911	25.083	( 0 )	1110111011101010010111011110011100100100000100101001111100010101110001100111110110011011010011111000010001001011101001001011101101001111110010001100011000001111100100100011 0 2
215	5.911	25.083	( 0 )	1110111011101010010111011110011100100100000100101001111100010101110001100111110110011011010011111000010001001011101001001011101101001111110010001100011000001111100100100011 0 0
217	5.911	25.083	( 0 )	1110111011101010010111011110011100100100000100101001111100010101110001100111110110011011010011111000010001001011101001001011101101001111110010001100011000001111100100100011 0 0
211	5.911	25.083	( 0 )	1110111011101010010111011110011100100100000100101001111100010101110001100111110110011011010011111000010001001011101001001011101101001111110010001100011000001111100100100011 0 0
218	5.911	25.083	( 0 )	1110111011101010010111011110011100100100000100101001111100010101110001100111110110011011010011111000010001001011101001001011101101001111110010001100011000001111100100100011 0 0
212	5.911	25.083	( 0 )	1110111011101010010111011110011100100100000100101001111100010101110001100111110110011011010011111000010001001011101001001011101101001111110010001100011000001111100100100011 0 0
209	5.911	25.083	( 0 )	1110111011101010010111011110011100100100000100101001111100010101110001100111110110011011010011111000010001001011101001001011101101001111110010001100011000001111100100100011 0 0
210	5.911	25.083	( 0 )	1110111011101010010111011110011100100100000100101001111100010101110001100111110110011011010011111000010001001011101001001011101101001111110010001100011000001111100100100011 0 0
208	5.911	25.083	( 0 )	1110111011101010010111011110011100100100000100101001111100010101110001100111110110011011010011111000010001001011101001001011101101001111110010001100011000001111100100100011 0 0
214	5.911	25.083	( 0 )	1110111011101010010111011110011100100100000100101001111100010101110001100111110110011011010011111000010001001011101001001011101101001111110010001100011000001111100100100011 0 0
207	5.911	25.083	( 0 )	1110111011101010010111011110011100100100000100101001111100010101110001100111110110011011010011111000010001001011101001001011101101001111110010001100011000001111100100100011 0 0
219	5.911	25.083	( 0 )	1110111011101010010111011110011100100100000100101001111100010101110001100111110110011011010011111000010001001011101001001011101101001111110010001100011000001111100100100011 0 0
216	5.911	25.083	( 0 )	1110111011101010010111011110011100100100000100101001111100010101110001100111110110011011010011111000010001001011101001001011101101001111110010001100011000001111100100100011 0 0
201	5.911	26.259	( 0 )	1110111011101010010111011110011100100100000100101001111100010101110001100111110110011011010011111001010001001011101001001011101101001111110010001100011000001111100100100011 0 1
203	5.911	26.259	( 0 )	1110111011101010010111011110011100100100000100101001111100010101110001100111110110011011010011111001010001001011101001001011101101001111110010001100011000001111100100100011 0 0
202	5.911	26.259	( 0 )	1110111011101010010111011110011100100100000100101001111100010101110001100111110110011011010011111001010001001011101001001011101101001111110010001100011000001111100100100011 0 0
205	5.911	26.259	( 0 )	1110111011101010010111011110011100100100000100101001111100010101110001100111110110011011010011111001010001001011101001001011101101001111110010001100011000001111100100100011 0 0
194	7.088	26.259	( 0 )	1110111011101010010111011110011100100100000100100001111100010101110001100111110110011011010011111001010001001011101001001011101101001111110010001100011000001111100100100011 1 0
198	7.088	26.259	( 0 )	1110111011101010010111011110011100100100000100100001111100010101110001100111110110011011010011111001010001001011101001001011101101001111110010001100011000001111100100100011 0 0
189	7.088	26.259	( 0 )	1110111011101010010111011110011100100100000100100001111100010101110001100111110110011011010011111001010001001011101001001011101101001111110010001100011000001111100100100011 0 0
199	7.088	26.259	( 0 )	1110111011101010010111011110011100100100000100100001111100010101110001100111110110011011010011111001010001001011101001001011101101001111110010001100011000001111100100100011 0 0
190	7.088	26.259	( 0 )	1110111011101010010111011110011100100100000100100001111100010101110001100111110110011011010011111001010001001011101001001011101101001111110010001100011000001111100100100011 0 0
183	7.088	26.259	( 0 )	1110111011101010010111011110011100100100000100100001111100010101110001100111110110011011010011111001010001001011101001001011101101001111110010001100011000001111100100100011 0 0
186	7.088	26.259	( 0 )	1110111011101010010111011110011100100100000100100001111100010101110001100111110110011011010011111001010001001011101001001011101101001111110010001100011000001111100100100011 0 0
206	7.088	27.436	( 0 )	1110111011101010010111011110011100100100000100100001111100010101110001100111110110011011010011111001010001001011101001001011101101001111110010001101011000001111100100100011 0 1
204	7.088	27.436	( 0 )	1110111011101010010111011110011100100100000100100001111100010101110001100111110110011011010011111001010001001011101001001011101101001111110010001101011000001111100100100011 0 0
187	7.088	27.436	( 0 )	1110111011101010010111011110011100100100000100100001111100010101110001100111110110011011010011111001010001001011101001001011101101001111110010001101011000001111100100100011 0 0
193	8.264	27.436	( 0 )	1110111011101010010111011110011101100100000100100001111100010101110001100111110110011011010011111001010001001011101001001011101101001111110010001101011000001111100100100011 1 0
191	8.264	27.436	( 0 )	1110111011101010010111011110011101100100000100100001111100010101110001100111110110011011010011111001010001001011101001001011101101001111110010001101011000001111100100100011 0 0
185	8.264	27.436	( 0 )	1110111011101010010111011110011101100100000100100001111100010101110001100111110110011011010011111001010001001011101001001011101101001111110010001101011000001111100100100011 0 0
184	8.264	27.436	( 0 )	1110111011101010010111011110011101100100000100100001111100010101110001100111110110011011010011111001010001001011101001001011101101001111110010001101011000001111100100100011 0 0
192	8.264	27.436	( 0 )	1110111011101010010111011110011101100100000100100001111100010101110001100111110110011011010011111001010001001011101001001011101101001111110010001101011000001111100100100011 0 0
195	10.645	27.436	( 0 )	1110111011101010010111011110011100100100000100100001111100010001110001100111110110011011010011111001010001001011101001001011101101001111110010001101011000001111100100100011 2 0
181	10.645	27.436	( 0 )	1110111011101010010111011110011100100100000100100001111100010001110001100111110110011011010011111001010001001011101001001011101101001111110010001101011000001111100100100011 0 0
196	10.645	27.436	( 0 )	1110111011101010010111011110011100100100000100100001111100010001110001100111110110011011010011111001010001001011101001001011101101001111110010001101011000001111100100100011 0 0
200	10.645	27.436	( 0 )	1110111011101010010111011110011100100100000100100001111100010001110001100111110110011011010011111001010001001011101001001011101101001111110010001101011000001111100100100011 0 0
188	10.645	27.436	( 0 )	1110111011101010010111011110011100100100000100100001111100010001110001100111110110011011010011111001010001001011101001001011101101001111110010001101011000001111100100100011 0 0
182	10.645	27.436	( 0 )	1110111011101010010111011110011100100100000100100001111100010001110001100111110110011011010011111001010001001011101001001011101101001111110010001101011000001111100100100011 0 0
197	10.645	27.436	( 0 )	1110111011101010010111011110011100100100000100100001111100010001110001100111110110011011010011111001010001001011101001001011101101001111110010001101011000001111100100100011 0 0
176	11.822	29.817	( 0 )	1010111011101010010111011110011100100100000100100001111100010001110001100111110110011001010011111001010001001011101001001011101101101111110010001101011000001111100100100011 1 2
175	11.822	29.817	( 0 )	1010111011101010010111011110011100100100000100100001111100010001110001100111110110011001010011111001010001001011101001001011101101101111110010001101011000001111100100100011 0 0
177	11.822	29.817	( 0 )	1010111011101010010111011110011100100100000100100001111100010001110001100111110110011001010011111001010001001011101001001011101101101111110010001101011000001111100100100011 0 0
178	11.822	29.817	( 0 )	1010111011101010010111011110011100100100000100100001111100010001110001100111110110011001010011111001010001001011101001001011101101101111110010001101011000001111100100100011 0 0
180	11.822	30.994	( 0 )	1010111011101010010111011110011100100100000100100001111100010001110001100111110110011001010011111001010001001001101001001011101101101111110010001101011000001111100100100011 0 1
170	11.822	30.994	( 0 )	1010111011101010010111011110011100100100000100100001111100010001110001100111110110011001010011111001010001001001101001001011101101101111110010001101011000001111100100100011 0 0
171	11.822	30.994	( 0 )	1010111011101010010111011110011100100100000100100001111100010001110001100111110110011001010011111001010001001001101001001011101101101111110010001101011000001111100100100011 0 0
179	11.822	32.170	( 0 )	1010111011101010010111011110011100100100000100100001111100010001110001100111110110011001010111111001010001001001101001001011101101101111110010001101011000001111100100100011 0 1
173	11.822	32.170	( 0 )	1010111011101010010111011110011100100100000100100001111100010001110001100111110110011001010111111001010001001001101001001011101101101111110010001101011000001111100100100011 0 0
174	11.822	32.170	( 0 )	1010111011101010010111011110011100100100000100100001111100010001110001100111110110011001010111111001010001001001101001001011101101101111110010001101011000001111100100100011 0 0
169	12.998	32.170	( 0 )	1010111011101010010111011110011100100100000110100001111100010001110001100111110110011001010111111001010001001001101001001011101101101111110010001101011000001111100100100011 1 0
168	12.998	32.170	( 0 )	1010111011101010010111011110011100100100000110100001111100010001110001100111110110011001010111111001010001001001101001001011101101101111110010001101011000001111100100100011 0 0
166	12.998	32.170	( 0 )	1010111011101010010111011110011100100100000110100001111100010001110001100111110110011001010111111001010001001001101001001011101101101111110010001101011000001111100100100011 0 0
167	12.998	32.170	( 0 )	1010111011101010010111011110011100100100000110100001111100010001110001100111110110011001010111111001010001001001101001001011101101101111110010001101011000001111100100100011 0 0
165	12.998	32.170	( 0 )	1010111011101010010111011110011100100100000110100001111100010001110001100111110110011001010111111001010001001001101001001011101101101111110010001101011000001111100100100011 0 0
172	12.998	32.170	( 0 )	1010111011101010010111011110011100100100000110100001111100010001110001100111110110011001010111111001010001001001101001001011101101101111110010001101011000001111100100100011 0 0
158	14.175	33.347	( 0 )	1010111011101010010111011110011100100100000110100101111100010001110001100111110110011001010111111001010001001000101001001011101101101111110010001101011000001111100100100011 1 1
159	14.175	33.347	( 0 )	1010111011101010010111011110011100100100000110100101111100010001110001100111110110011001010111111001010001001000101001001011101101101111110010001101011000001111100100100011 0 0
161	14.175	33.347	( 0 )	1010111011101010010111011110011100100100000110100101111100010001110001100111110110011001010111111001010001001000101001001011101101101111110010001101011000001111100100100011 0 0
160	14.175	33.347	( 0 )	1010111011101010010111011110011100100100000110100101111100010001110001100111110110011001010111111001010001001000101001001011101101101111110010001101011000001111100100100011 0 0
164	14.175	33.347	( 0 )	1010111011101010010111011110011100100100000110100101111100010001110001100111110110011001010111111001010001001000101001001011101101101111110010001101011000001111100100100011 0 0
163	14.175	33.347	( 0 )	1010111011101010010111011110011100100100000110100101111100010001110001100111110110011001010111111001010001001000101001001011101101101111110010001101011000001111100100100011 0 0
162	14.175	33.347	( 0 )	1010111011101010010111011110011100100100000110100101111100010001110001100111110110011001010111111001010001001000101001001011101101101111110010001101011000001111100100100011 0 0
156	16.556	33.347	( 0 )	0010111011101010010111011110011100100100000110100101111100010001110001100111110100011001010111111001010001001000101001001011101101101111110010001101011000001111100100100011 2 0
155	16.556	33.347	( 0 )	0010111011101010010111011110011100100100000110100101111100010001110001100111110100011001010111111001010001001000101001001011101101101111110010001101011000001111100100100011 0 0
150	16.556	35.728	( 0 )	0010111011101010010111011110011100100100000110100101111100010001110001100111110100011001110111111001010001001000101001001011101101101111111010001101011000001111100100100011 0 2
149	16.556	36.905	( 0 )	0010111011101010010111011110011100100100000110100101111100010001110001100111110100011000110111111001010001001000101001001011101101101111111010001101011000001111100100100011 0 1
154	16.556	36.905	( 0 )	0010111011101010010111011110011100100100000110100101111100010001110001100111110100011000110111111001010001001000101001001011101101101111111010001101011000001111100100100011 0 0
157	16.556	38.081	( 0 )	0010111011101010010111011110011100100100000110100101111100010001110001100111110100011000110110111001010001001000101001001011101101101111111010001101011000001111100100100011 0 1
153	16.556	38.081	( 0 )	0010111011101010010111011110011100100100000110100101111100010001110001100111110100011000110110111001010001001000101001001011101101101111111010001101011000001111100100100011 0 0
148	16.556	38.081	( 0 )	0010111011101010010111011110011100100100000110100101111100010001110001100111110100011000110110111001010001001000101001001011101101101111111010001101011000001111100100100011 0 0
151	16.556	38.081	( 0 )	0010111011101010010111011110011100100100000110100101111100010001110001100111110100011000110110111001010001001000101001001011101101101111111010001101011000001111100100100011 0 0
152	16.556	39.258	( 0 )	0010111011101010010111011110011100100100000110100101111100010001110001100111110100011000110110111001010001001000101001001011101101101111111010001001011000001111100100100011 0 1
147	17.733	41.639	( 0 )	0010111011101010010111011110011100100100000110100111111100010001110001100111110100011000110110111001010001001000101001001011101101101111111010001001011010001110100100100011 1 2
146	17.733	41.639	( 0 )	0010111011101010010111011110011100100100000110100111111100010001110001100111110100011000110110111001010001001000101001001011101101101111111010001001011010001110100100100011 0 0
144	20.114	45.255	( 0 )	0010111011101000010111011110011100100100001110100111111100010001110001100111110100011000110110111001010001001000100001001011101110101111111010001001011010001110100100100011 2 3
145	20.114	45.255	( 0 )	0010111011101000010111011110011100100100001110100111111100010001110001100111110100011000110110111001010001001000100001001011101110101111111010001001011010001110100100100011 0 0
143	20.114	45.255	( 0 )	0010111011101000010111011110011100100100001110100111111100010001110001100111110100011000110110111001010001001000100001001011101110101111111010001001011010001110100100100011 0 0
141	21.291	45.255	( 0 )	0010111011101000010111011110011100100100001110100111111100010001110001100111110000011000110110111001010001001000100001001011101110101111111010001001011010001110100100100011 1 0
142	21.291	46.432	( 0 )	0010111011101000010111011110011100100100001110100111111100010001110001100111110000011000110110111001010001001000100001001011101110101111111010001001011010001110100000100011 0 1
140	21.291	48.813	( 0 )	0010111011101000010111011110011100100100001110100111111100010001110001100111110000011000110110101001010001000000100001001011101110101111111010001001011010001110100000100011 0 2
139	21.291	48.813	( 0 )	0010111011101000010111011110011100100100001110100111111100010001110001100111110000011000110110101001010001000000100001001011101110101111111010001001011010001110100000100011 0 0
138	21.291	49.990	( 0 )	0010111011101000010111011110011100100100001110100111111100010001110001100111110000011000110110101001010001000000100001001011101110101111111010001001011010001110100010100011 0 1
130	21.291	56.170	( 0 )	0010111011101000010111011110011100100100001110100111111100010001110001100111110000011000110110101001010001100000100001001111101110111111101010001001011110001110100010100011 0 5
131	21.291	56.170	( 0 )	0010111011101000010111011110011100100100001110100111111100010001110001100111110000011000110110101001010001100000100001001111101110111111101010001001011110001110100010100011 0 0
132	21.291	57.347	( 0 )	0010111011101000010111011110011100100100001110100111111100010001110001100111110000011000110110101001010001110000100001001111101110111111101010001001011110001110100010100011 0 1
137	21.291	58.523	( 0 )	0010111011101000010111011110011100100100001110100111111100010001110001100111110000011000110110101001010001110000100011001111101110111111101010001001011110001110100010100011 0 1
133	22.467	58.523	( 0 )	0110111011101000010111011110011100100100001110100111111100010001110001100111110000011000110110101001010001110000100011001111101110111111101010001001011110001110100010100011 1 0
134	22.467	58.523	( 0 )	0110111011101000010111011110011100100100001110100111111100010001110001100111110000011000110110101001010001110000100011001111101110111111101010001001011110001110100010100011 0 0
136	22.467	58.523	( 0 )	0110111011101000010111011110011100100100001110100111111100010001110001100111110000011000110110101001010001110000100011001111101110111111101010001001011110001110100010100011 0 0
135	22.467	58.523	( 0 )	0110111011101000010111011110011100100100001110100111111100010001110001100111110000011000110110101001010001110000100011001111101110111111101010001001011110001110100010100011 0 0
126	24.849	58.523	( 0 )	0110111011101000010111011110010100100100001110100111111100010001111001100111110000011000110110101001010001110000100011001111101110111111101010001001011110001110100010100011 2 0
129	24.849	58.523	( 0 )	0110111011101000010111011110010100100100001110100111111100010001111001100111110000011000110110101001010001110000100011001111101110111111101010001001011110001110100010100011 0 0
128	24.849	58.523	( 0 )	0110111011101000010111011110010100100100001110100111111100010001111001100111110000011000110110101001010001110000100011001111101110111111101010001001011110001110100010100011 0 0
127	24.849	58.523	( 0 )	0110111011101000010111011110010100100100001110100111111100010001111001100111110000011000110110101001010001110000100011001111101110111111101010001001011110001110100010100011 0 0
125	26.025	62.139	( 0 )	0010111011101000010111011110010100100100001110100111111100010001111001100111110000011000111100101001010001110000100011001111101110111111101010001001011110000110100010100011 1 3
122	28.407	69.653	( 0 )	0010111011101000010111011110000100100100001110100111111100010001111001100011110000011000111100100101011011110000100011001111101110111111101010001001011110000110100010110010 2 6
123	28.407	69.653	( 0 )	0010111011101000010111011110000100100100001110100111111100010001111001100011110000011000111100100101011011110000100011001111101110111111101010001001011110000110100010110010 0 0
121	28.407	69.653	( 0 )	0010111011101000010111011110000100100100001110100111111100010001111001100011110000011000111100100101011011110000100011001111101110111111101010001001011110000110100010110010 0 0
124	28.407	69.653	( 0 )	0010111011101000010111011110000100100100001110100111111100010001111001100011110000011000111100100101011011110000100011001111101110111111101010001001011110000110100010110010 0 0
120	28.407	70.830	( 0 )	0010111011101000010111011110000100100100001110100111111100010001111001100011110000011000111100000101011011110000100011001111101110111111101010001001011110000110100010110010 0 1
119	28.407	70.830	( 0 )	0010111011101000010111011110000100100100001110100111111100010001111001100011110000011000111100000101011011110000100011001111101110111111101010001001011110000110100010110010 0 0
117	30.788	75.712	( 0 )	0010111011101000010111011110000100101110001110100111111100010001111001100011110000011000111100000111011010110000100011000111101110111111001010001001011110000110100010110010 2 4
118	30.788	75.712	( 0 )	0010111011101000010111011110000100101110001110100111111100010001111001100011110000011000111100000111011010110000100011000111101110111111001010001001011110000110100010110010 0 0
116	31.965	75.712	( 0 )	0010111011101000010111011110000100101110001110100111110100010001111001100011110000011000111100000111011010110000100011000111101110111111001010001001011110000110100010110010 1 0
115	31.965	75.712	( 0 )	0010111011101000010111011110000100101110001110100111110100010001111001100011110000011000111100000111011010110000100011000111101110111111001010001001011110000110100010110010 0 0
114	34.346	75.712	( 0 )	0010111011101000111111011110000100101110001110100111110100010001111001100011110000011000111100000111011010110000100011000111101110111111001010001001011110000110100010110010 2 0
112	34.346	75.712	( 0 )	0010111011101000111111011110000100101110001110100111110100010001111001100011110000011000111100000111011010110000100011000111101110111111001010001001011110000110100010110010 0 0
113	34.346	75.712	( 0 )	0010111011101000111111011110000100101110001110100111110100010001111001100011110000011000111100000111011010110000100011000111101110111111001010001001011110000110100010110010 0 0
111	34.346	76.888	( 0 )	0010111011101000111111011110000100101110001110100111110100010001111001100011110000011000111100000111011010110000100011000111101110111111001010001001111110000110100010110010 0 1
110	34.346	76.888	( 0 )	0010111011101000111111011110000100101110001110100111110100010001111001100011110000011000111100000111011010110000100011000111101110111111001010001001111110000110100010110010 0 0
103	34.346	80.505	( 0 )	0010111011101000111111011110000100101110001110100111110100010001111001100011110000011000111100000111011010110000100011000110101110111111001010001001101110000110101010110010 0 3
104	34.346	80.505	( 0 )	0010111011101000111111011110000100101110001110100111110100010001111001100011110000011000111100000111011010110000100011000110101110111111001010001001101110000110101010110010 0 0
98	34.346	80.505	( 0 )	0010111011101000111111011110000100101110001110100111110100010001111001100011110000011000111100000111011010110000100011000110101110111111001010001001101110000110101010110010 0 0
100	34.346	80.505	( 0 )	0010111011101000111111011110000100101110001110100111110100010001111001100011110000011000111100000111011010110000100011000110101110111111001010001001101110000110101010110010 0 0
107	34.346	80.505	( 0 )	0010111011101000111111011110000100101110001110100111110100010001111001100011110000011000111100000111011010110000100011000110101110111111001010001001101110000110101010110010 0 0
101	34.346	80.505	( 0 )	0010111011101000111111011110000100101110001110100111110100010001111001100011110000011000111100000111011010110000100011000110101110111111001010001001101110000110101010110010 0 0
102	34.346	80.505	( 0 )	0010111011101000111111011110000100101110001110100111110100010001111001100011110000011000111100000111011010110000100011000110101110111111001010001001101110000110101010110010 0 0
99	34.346	80.505	( 0 )	0010111011101000111111011110000100101110001110100111110100010001111001100011110000011000111100000111011010110000100011000110101110111111001010001001101110000110101010110010 0 0
106	34.346	80.505	( 0 )	0010111011101000111111011110000100101110001110100111110100010001111001100011110000011000111100000111011010110000100011000110101110111111001010001001101110000110101010110010 0 0
97	34.346	80.505	( 0 )	0010111011101000111111011110000100101110001110100111110100010001111001100011110000011000111100000111011010110000100011000110101110111111001010001001101110000110101010110010 0 0
108	34.346	80.505	( 0 )	0010111011101000111111011110000100101110001110100111110100010001111001100011110000011000111100000111011010110000100011000110101110111111001010001001101110000110101010110010 0 0
109	34.346	80.505	( 0 )	0010111011101000111111011110000100101110001110100111110100010001111001100011110000011000111100000111011010110000100011000110101110111111001010001001101110000110101010110010 0 0
96	34.346	80.505	( 0 )	0010111011101000111111011110000100101110001110100111110100010001111001100011110000011000111100000111011010110000100011000110101110111111001010001001101110000110101010110010 0 0
105	34.346	80.505	( 0 )	0010111011101000111111011110000100101110001110100111110100010001111001100011110000011000111100000111011010110000100011000110101110111111001010001001101110000110101010110010 0 0
95	34.346	81.681	( 0 )	0010111011101000111111011110000100101110001110100111110100010001111001100011110000011000111100000111011010110000100011000110101110111111001010001001101110000010101010110010 0 1
93	34.346	81.681	( 0 )	0010111011101000111111011110000100101110001110100111110100010001111001100011110000011000111100000111011010110000100011000110101110111111001010001001101110000010101010110010 0 0
87	34.346	81.681	( 0 )	0010111011101000111111011110000100101110001110100111110100010001111001100011110000011000111100000111011010110000100011000110101110111111001010001001101110000010101010110010 0 0
88	34.346	81.681	( 0 )	0010111011101000111111011110000100101110001110100111110100010001111001100011110000011000111100000111011010110000100011000110101110111111001010001001101110000010101010110010 0 0
94	34.346	81.681	( 0 )	0010111011101000111111011110000100101110001110100111110100010001111001100011110000011000111100000111011010110000100011000110101110111111001010001001101110000010101010110010 0 0
90	34.346	81.681	( 0 )	0010111011101000111111011110000100101110001110100111110100010001111001100011110000011000111100000111011010110000100011000110101110111111001010001001101110000010101010110010 0 0
89	34.346	81.681	( 0 )	0010111011101000111111011110000100101110001110100111110100010001111001100011110000011000111100000111011010110000100011000110101110111111001010001001101110000010101010110010 0 0
92	34.346	81.681	( 0 )	0010111011101000111111011110000100101110001110100111110100010001111001100011110000011000111100000111011010110000100011000110101110111111001010001001101110000010101010110010 0 0
86	34.346	82.858	( 0 )	0010111011101000111111011110000100101110001110100111110100010001111001100011110000011000111100000111011010110000100011000110101010111111001010001001101110000010101010110010 0 1
91	35.523	82.858	( 0 )	0010101011101000111111011110000100101110001110100111110100010001111001100011110000011000111100000111011010110000100011000110101010111111001010001001101110000010101010110010 1 0
84	35.523	82.858	( 0 )	0010101011101000111111011110000100101110001110100111110100010001111001100011110000011000111100000111011010110000100011000110101010111111001010001001101110000010101010110010 0 0
85	35.523	82.858	( 0 )	0010101011101000111111011110000100101110001110100111110100010001111001100011110000011000111100000111011010110000100011000110101010111111001010001001101110000010101010110010 0 0
83	36.699	84.034	( 0 )	0010101011101000111111011110000100101110001110100111110100110001111001100011110000011000111100000111011010110000100011000110101010111111001010001011101110000010101010110010 1 1
82	36.699	85.211	( 0 )	0010101011101000111111011110000100101110001110100111110100110001111001100011110000011000111100000111011010110000100011000110100010111111001010001011101110000010101010110010 0 1
79	39.080	85.211	( 0 )	0010101011110000111111011110000100101110001110100111110100110001111001100011110000011000111100000111011010110000100011000110100010111111001010001011101110000010101010110010 2 0
80	39.080	85.211	( 0 )	0010101011110000111111011110000100101110001110100111110100110001111001100011110000011000111100000111011010110000100011000110100010111111001010001011101110000010101010110010 0 0
81	39.080	85.211	( 0 )	0010101011110000111111011110000100101110001110100111110100110001111001100011110000011000111100000111011010110000100011000110100010111111001010001011101110000010101010110010 0 0
44	39.080	86.387	( 0 )	0010101011110000111111011110000100101110001110100111110100110001111001100011110000011000111100000111011010110000100011000110110010111111001010001011101110000010101010110010 0 1
52	39.080	86.387	( 0 )	0010101011110000111111011110000100101110001110100111110100110001111001100011110000011000111100000111011010110000100011000110110010111111001010001011101110000010101010110010 0 0
22	39.080	86.387	( 0 )	0010101011110000111111011110000100101110001110100111110100110001111001100011110000011000111100000111011010110000100011000110110010111111001010001011101110000010101010110010 0 0
35	39.080	86.387	( 0 )	0010101011110000111111011110000100101110001110100111110100110001111001100011110000011000111100000111011010110000100011000110110010111111001010001011101110000010101010110010 0 0
33	39.080	86.387	( 0 )	0010101011110000111111011110000100101110001110100111110100110001111001100011110000011000111100000111011010110000100011000110110010111111001010001011101110000010101010110010 0 0
53	39.080	86.387	( 0 )	0010101011110000111111011110000100101110001110100111110100110001111001100011110000011000111100000111011010110000100011000110110010111111001010001011101110000010101010110010 0 0
55	39.080	86.387	( 0 )	0010101011110000111111011110000100101110001110100111110100110001111001100011110000011000111100000111011010110000100011000110110010111111001010001011101110000010101010110010 0 0
54	39.080	86.387	( 0 )	0010101011110000111111011110000100101110001110100111110100110001111001100011110000011000111100000111011010110000100011000110110010111111001010001011101110000010101010110010 0 0
30	39.080	86.387	( 0 )	0010101011110000111111011110000100101110001110100111110100110001111001100011110000011000111100000111011010110000100011000110110010111111001010001011101110000010101010110010 0 0
23	39.080	86.387	( 0 )	0010101011110000111111011110000100101110001110100111110100110001111001100011110000011000111100000111011010110000100011000110110010111111001010001011101110000010101010110010 0 0
76	39.080	86.387	( 0 )	0010101011110000111111011110000100101110001110100111110100110001111001100011110000011000111100000111011010110000100011000110110010111111001010001011101110000010101010110010 0 0
29	39.080	86.387	( 0 )	0010101011110000111111011110000100101110001110100111110100110001111001100011110000011000111100000111011010110000100011000110110010111111001010001011101110000010101010110010 0 0
77	39.080	86.387	( 0 )	0010101011110000111111011110000100101110001110100111110100110001111001100011110000011000111100000111011010110000100011000110110010111111001010001011101110000010101010110010 0 0
59	39.080	86.387	( 0 )	0010101011110000111111011110000100101110001110100111110100110001111001100011110000011000111100000111011010110000100011000110110010111111001010001011101110000010101010110010 0 0
28	39.080	86.387	( 0 )	0010101011110000111111011110000100101110001110100111110100110001111001100011110000011000111100000111011010110000100011000110110010111111001010001011101110000010101010110010 0 0
34	39.080	86.387	( 0 )	0010101011110000111111011110000100101110001110100111110100110001111001100011110000011000111100000111011010110000100011000110110010111111001010001011101110000010101010110010 0 0
43	39.080	86.387	( 0 )	0010101011110000111111011110000100101110001110100111110100110001111001100011110000011000111100000111011010110000100011000110110010111111001010001011101110000010101010110010 0 0
51	39.080	86.387	( 0 )	0010101011110000111111011110000100101110001110100111110100110001111001100011110000011000111100000111011010110000100011000110110010111111001010001011101110000010101010110010 0 0
27	39.080	86.387	( 0 )	0010101011110000111111011110000100101110001110100111110100110001111001100011110000011000111100000111011010110000100011000110110010111111001010001011101110000010101010110010 0 0
24	39.080	87.564	( 0 )	0010101011110000111111011110000100101110001110100111110100110001111001100011110000011000111100000111011010110000100011000110110010111111001010001011101110000010101010110110 0 1
58	39.080	87.564	( 0 )	0010101011110000111111011110000100101110001110100111110100110001111001100011110000011000111100000111011010110000100011000110110010111111001010001011101110000010101010110110 0 0
49	39.080	87.564	( 0 )	0010101011110000111111011110000100101110001110100111110100110001111001100011110000011000111100000111011010110000100011000110110010111111001010001011101110000010101010110110 0 0
48	39.080	87.564	( 0 )	0010101011110000111111011110000100101110001110100111110100110001111001100011110000011000111100000111011010110000100011000110110010111111001010001011101110000010101010110110 0 0
60	39.080	87.564	( 0 )	0010101011110000111111011110000100101110001110100111110100110001111001100011110000011000111100000111011010110000100011000110110010111111001010001011101110000010101010110110 0 0
50	39.080	87.564	( 0 )	0010101011110000111111011110000100101110001110100111110100110001111001100011110000011000111100000111011010110000100011000110110010111111001010001011101110000010101010110110 0 0
14	40.257	88.740	( 0 )	0010101111110000111111011110000100101110001110100111110100110001111001100011110000011000111100000111011010110000100011000110110010111111001110001011101110000010101010110110 1 1
17	40.257	88.740	( 0 )	0010101111110000111111011110000100101110001110100111110100110001111001100011110000011000111100000111011010110000100011000110110010111111001110001011101110000010101010110110 0 0
3	41.434	89.917	( 0 )	0010101111110000111111011110000100101110001110100111110101110001111001100011110000011000111100000111011010110000100011000110110010111111001110001011101110010010101010110110 1 1
5	41.434	89.917	( 0 )	0010101111110000111111011110000100101110001110100111110101110001111001100011110000011000111100000111011010110000100011000110110010111111001110001011101110010010101010110110 0 0
6	41.434	89.917	( 0 )	0010101111110000111111011110000100101110001110100111110101110001111001100011110000011000111100000111011010110000100011000110110010111111001110001011101110010010101010110110 0 0
1	41.434	89.917	( 0 )	0010101111110000111111011110000100101110001110100111110101110001111001100011110000011000111100000111011010110000100011000110110010111111001110001011101110010010101010110110 0 0
2	41.434	89.917	( 0 )	0010101111110000111111011110000100101110001110100111110101110001111001100011110000011000111100000111011010110000100011000110110010111111001110001011101110010010101010110110 0 0
4	41.434	89.917	( 0 )	0010101111110000111111011110000100101110001110100111110101110001111001100011110000011000111100000111011010110000100011000110110010111111001110001011101110010010101010110110 0 0
7	41.434	89.917	( 0 )	0010101111110000111111011110000100101110001110100111110101110001111001100011110000011000111100000111011010110000100011000110110010111111001110001011101110010010101010110110 0 0
8	42.610	89.917	( 0 )	0010101111110000111111011110000100101110001110100111110101110001111000100011110000011000111100000111011010110000100011000110110010111111001110001011101110010010101010110110 1 0
15	43.787	89.917	( 0 )	0010101111110000111111011110000100101110001110100111110100110001111000100011110000011000111100000111011010110000100011000110110010111111001110001011101110010010101010110110 1 0
9	43.787	89.917	( 0 )	0010101111110000111111011110000100101110001110100111110100110001111000100011110000011000111100000111011010110000100011000110110010111111001110001011101110010010101010110110 0 0
13	43.787	89.917	( 0 )	0010101111110000111111011110000100101110001110100111110100110001111000100011110000011000111100000111011010110000100011000110110010111111001110001011101110010010101010110110 0 0
16	43.787	89.917	( 0 )	0010101111110000111111011110000100101110001110100111110100110001111000100011110000011000111100000111011010110000100011000110110010111111001110001011101110010010101010110110 0 0
12	44.963	89.917	( 0 )	0010111111110000111111011110000100101110001110100111110100110001111000100011110000011000111100000111011010110000100011000110110010111111001110001011101110010010101010110110 1 0
18	44.963	89.917	( 0 )	0010111111110000111111011110000100101110001110100111110100110001111000100011110000011000111100000111011010110000100011000110110010111111001110001011101110010010101010110110 0 0
11	44.963	89.917	( 0 )	0010111111110000111111011110000100101110001110100111110100110001111000100011110000011000111100000111011010110000100011000110110010111111001110001011101110010010101010110110 0 0
10	44.963	89.917	( 0 )	0010111111110000111111011110000100101110001110100111110100110001111000100011110000011000111100000111011010110000100011000110110010111111001110001011101110010010101010110110 0 0
19	46.140	89.917	( 0 )	0010111111110000111111011110000100101110001110100111100100110001111000100011110000011000111100000111011010110000100011000110110010111111001110001011101110010010101010110110 1 0
20	46.140	89.917	( 0 )	0010111111110000111111011110000100101110001110100111100100110001111000100011110000011000111100000111011010110000100011000110110010111111001110001011101110010010101010110110 0 0
41	47.316	89.917	( 0 )	0010111011110000111111011110000100101110001110100111100100110001111000100011110000011000111100000111011010110000100011000110110010111111001110001011101110010010101010110110 1 0
31	47.316	89.917	( 0 )	0010111011110000111111011110000100101110001110100111100100110001111000100011110000011000111100000111011010110000100011000110110010111111001110001011101110010010101010110110 0 0
42	47.316	89.917	( 0 )	0010111011110000111111011110000100101110001110100111100100110001111000100011110000011000111100000111011010110000100011000110110010111111001110001011101110010010101010110110 0 0
66	47.316	89.917	( 0 )	0010111011110000111111011110000100101110001110100111100100110001111000100011110000011000111100000111011010110000100011000110110010111111001110001011101110010010101010110110 0 0
32	47.316	89.917	( 0 )	0010111011110000111111011110000100101110001110100111100100110001111000100011110000011000111100000111011010110000100011000110110010111111001110001011101110010010101010110110 0 0
40	48.493	89.917	( 0 )	0010111011110000111111011110000100101110001110100111100100110001111000100011110000001000111100000111011010110000100011000110110010111111001110001011101110010010101010110110 1 0
38	48.493	89.917	( 0 )	0010111011110000111111011110000100101110001110100111100100110001111000100011110000001000111100000111011010110000100011000110110010111111001110001011101110010010101010110110 0 0
36	48.493	89.917	( 0 )	0010111011110000111111011110000100101110001110100111100100110001111000100011110000001000111100000111011010110000100011000110110010111111001110001011101110010010101010110110 0 0
78	48.493	89.917	( 0 )	0010111011110000111111011110000100101110001110100111100100110001111000100011110000001000111100000111011010110000100011000110110010111111001110001011101110010010101010110110 0 0
37	48.493	89.917	( 0 )	0010111011110000111111011110000100101110001110100111100100110001111000100011110000001000111100000111011010110000100011000110110010111111001110001011101110010010101010110110 0 0
25	48.493	89.917	( 0 )	0010111011110000111111011110000100101110001110100111100100110001111000100011110000001000111100000111011010110000100011000110110010111111001110001011101110010010101010110110 0 0
26	48.493	89.917	( 0 )	0010111011110000111111011110000100101110001110100111100100110001111000100011110000001000111100000111011010110000100011000110110010111111001110001011101110010010101010110110 0 0
21	48.493	89.917	( 0 )	0010111011110000111111011110000100101110001110100111100100110001111000100011110000001000111100000111011010110000100011000110110010111111001110001011101110010010101010110110 0 0
57	49.669	89.917	( 0 )	0010111011110000111111011110000100101110001110100111100000110001111000100011110000001000111100000111011010110000100011000110110010111111001110001011101110010010101010110110 1 0
56	49.669	89.917	( 0 )	0010111011110000111111011110000100101110001110100111100000110001111000100011110000001000111100000111011010110000100011000110110010111111001110001011101110010010101010110110 0 0
46	49.669	91.093	( 0 )	0010111011110000111111011110000100101110001110100111100000110001111000100011110000001000101100000111011010110000100011000110110010111111001110001011101110010010101010110110 0 1
45	49.669	91.093	( 0 )	0010111011110000111111011110000100101110001110100111100000110001111000100011110000001000101100000111011010110000100011000110110010111111001110001011101110010010101010110110 0 0
47	49.669	91.093	( 0 )	0010111011110000111111011110000100101110001110100111100000110001111000100011110000001000101100000111011010110000100011000110110010111111001110001011101110010010101010110110 0 0
62	49.669	92.270	( 0 )	0010111011110000111111011110000100101110001110100111100000110001111000100011110000001000101100000111011010110000100011000110110010111111001111001011101110010010101010110110 0 1
65	49.669	92.270	( 0 )	0010111011110000111111011110000100101110001110100111100000110001111000100011110000001000101100000111011010110000100011000110110010111111001111001011101110010010101010110110 0 0
61	49.669	92.270	( 0 )	0010111011110000111111011110000100101110001110100111100000110001111000100011110000001000101100000111011010110000100011000110110010111111001111001011101110010010101010110110 0 0
64	49.669	92.270	( 0 )	0010111011110000111111011110000100101110001110100111100000110001111000100011110000001000101100000111011010110000100011000110110010111111001111001011101110010010101010110110 0 0
39	49.669	92.270	( 0 )	0010111011110000111111011110000100101110001110100111100000110001111000100011110000001000101100000111011010110000100011000110110010111111001111001011101110010010101010110110 0 0
63	49.669	92.270	( 0 )	0010111011110000111111011110000100101110001110100111100000110001111000100011110000001000101100000111011010110000100011000110110010111111001111001011101110010010101010110110 0 0
67	52.051	94.651	( 0 )	0010111011110000111111011110000100101110001110100101100000100001111000100011110000001000101100000111011010110000100011000110110010111111001111001011101110010000101000110110 2 2
71	52.051	94.651	( 0 )	0010111011110000111111011110000100101110001110100101100000100001111000100011110000001000101100000111011010110000100011000110110010111111001111001011101110010000101000110110 0 0
73	52.051	94.651	( 0 )	0010111011110000111111011110000100101110001110100101100000100001111000100011110000001000101100000111011010110000100011000110110010111111001111001011101110010000101000110110 0 0
75	52.051	94.651	( 0 )	0010111011110000111111011110000100101110001110100101100000100001111000100011110000001000101100000111011010110000100011000110110010111111001111001011101110010000101000110110 0 0
70	52.051	94.651	( 0 )	0010111011110000111111011110000100101110001110100101100000100001111000100011110000001000101100000111011010110000100011000110110010111111001111001011101110010000101000110110 0 0
72	52.051	94.651	( 0 )	0010111011110000111111011110000100101110001110100101100000100001111000100011110000001000101100000111011010110000100011000110110010111111001111001011101110010000101000110110 0 0
74	52.051	94.651	( 0 )	0010111011110000111111011110000100101110001110100101100000100001111000100011110000001000101100000111011010110000100011000110110010111111001111001011101110010000101000110110 0 0
69	52.051	94.651	( 0 )	0010111011110000111111011110000100101110001110100101100000100001111000100011110000001000101100000111011010110000100011000110110010111111001111001011101110010000101000110110 0 0
68	52.051	94.651	( 0 )	0010111011110000111111011110000100101110001110100101100000100001111000100011110000001000101100000111011010110000100011000110110010111111001111001011101110010000101000110110 0 0
