MARKER	CHR	MALE_POS	FEMALE_POS	P1xP2	P1xP2	P1xP2	P1xP2	P1xP2	P1xP2	P1xP2	P1xP2	P1xP2	P1xP2	P1xP2	P1xP2	P1xP2	P1xP2	P1xP2	P1xP2	P1xP2	P1xP2	P1xP2	P1xP2	P1xP2	P1xP2	P1xP2	P1xP2	P1xP2	P1xP2	P1xP2	P1xP2	P1xP2	P1xP2	P1xP2	P1xP2	P1xP2	P1xP2	P1xP2	P1xP2	P1xP2	P1xP2	P1xP2	P1xP2	P1xP2	P1xP2	P1xP2	P1xP2	P1xP2	P1xP2	P1xP2	P1xP2	P1xP2	P1xP2	P1xP2	P1xP2	P1xP2	P1xP2	P1xP2	P1xP2	P1xP2	P1xP2	P1xP2	P1xP2	P1xP2	P1xP2	P1xP2	P1xP2	P1xP2	P1xP2	P1xP2	P1xP2	P1xP2	P1xP2	P1xP2	P1xP2	P1xP2	P1xP2	P1xP2	P1xP2	P1xP2	P1xP2	P1xP2	P1xP2	P1xP2	P1xP2	P1xP2	P1xP2	P1xP2	P1xP2	P1xP2	P1xP2
MARKER	CHR	MALE_POS	FEMALE_POS	P1	P2	C1	C2	C3	C4	C5	C6	C7	C8	C9	C10	C11	C12	C13	C14	C15	C16	C17	C18	C19	C20	C21	C22	C23	C24	C25	C26	C27	C28	C29	C30	C31	C32	C33	C34	C35	C36	C37	C38	C39	C40	C41	C42	C43	C44	C45	C46	C47	C48	C49	C50	C51	C52	C53	C54	C55	C56	C57	C58	C59	C60	C61	C62	C63	C64	C65	C66	C67	C68	C69	C70	C71	C72	C73	C74	C75	C76	C77	C78	C79	C80	C81	C82	C83	C84	C85	C86
MARKER	CHR	MALE_POS	FEMALE_POS	0	0	P1	P1	P1	P1	P1	P1	P1	P1	P1	P1	P1	P1	P1	P1	P1	P1	P1	P1	P1	P1	P1	P1	P1	P1	P1	P1	P1	P1	P1	P1	P1	P1	P1	P1	P1	P1	P1	P1	P1	P1	P1	P1	P1	P1	P1	P1	P1	P1	P1	P1	P1	P1	P1	P1	P1	P1	P1	P1	P1	P1	P1	P1	P1	P1	P1	P1	P1	P1	P1	P1	P1	P1	P1	P1	P1	P1	P1	P1	P1	P1	P1	P1	P1	P1	P1	P1
MARKER	CHR	MALE_POS	FEMALE_POS	0	0	P2	P2	P2	P2	P2	P2	P2	P2	P2	P2	P2	P2	P2	P2	P2	P2	P2	P2	P2	P2	P2	P2	P2	P2	P2	P2	P2	P2	P2	P2	P2	P2	P2	P2	P2	P2	P2	P2	P2	P2	P2	P2	P2	P2	P2	P2	P2	P2	P2	P2	P2	P2	P2	P2	P2	P2	P2	P2	P2	P2	P2	P2	P2	P2	P2	P2	P2	P2	P2	P2	P2	P2	P2	P2	P2	P2	P2	P2	P2	P2	P2	P2	P2	P2	P2	P2
MARKER	CHR	MALE_POS	FEMALE_POS	1	2	0	0	0	0	0	0	0	0	0	0	0	0	0	0	0	0	0	0	0	0	0	0	0	0	0	0	0	0	0	0	0	0	0	0	0	0	0	0	0	0	0	0	0	0	0	0	0	0	0	0	0	0	0	0	0	0	0	0	0	0	0	0	0	0	0	0	0	0	0	0	0	0	0	0	0	0	0	0	0	0	0	0	0	0	0	0
MARKER	CHR	MALE_POS	FEMALE_POS	0	0	0	0	0	0	0	0	0	0	0	0	0	0	0	0	0	0	0	0	0	0	0	0	0	0	0	0	0	0	0	0	0	0	0	0	0	0	0	0	0	0	0	0	0	0	0	0	0	0	0	0	0	0	0	0	0	0	0	0	0	0	0	0	0	0	0	0	0	0	0	0	0	0	0	0	0	0	0	0	0	0	0	0	0	0	0	0
183	0	0.000	0.000	12	12	22	22	12	22	11	21	12	22	22	21	12	11	12	21	22	22	21	21	21	12	22	22	12	12	11	21	12	11	12	12	11	11	12	21	11	11	11	22	11	12	12	21	12	21	22	11	21	11	12	22	22	12	22	21	22	12	22	21	21	21	22	21	21	22	11	22	11	12	11	12	11	21	22	22	22	22	22	11	11	12	12	22	12	11	21	21
185	0	0.000	0.000	12	12	22	22	12	22	11	21	12	22	22	21	12	11	12	21	22	22	21	21	21	12	22	22	12	12	11	21	12	11	12	12	11	11	12	21	11	11	11	22	11	12	12	21	12	21	22	11	21	11	12	22	22	12	22	21	22	12	22	21	21	21	22	21	21	22	11	22	11	12	11	12	11	21	22	22	22	22	22	11	11	12	12	22	12	11	21	21
182	0	0.000	0.000	12	12	22	22	12	22	11	21	12	22	22	21	12	11	12	21	22	22	21	21	21	12	22	22	12	12	11	21	12	11	12	12	11	11	12	21	11	11	11	22	11	12	12	21	12	21	22	11	21	11	12	22	22	12	22	21	22	12	22	21	21	21	22	21	21	22	11	22	11	12	11	12	11	21	22	22	22	22	22	11	11	12	12	22	12	11	21	21
181	0	0.000	0.000	12	12	22	22	12	22	11	21	12	22	22	21	12	11	12	21	22	22	21	21	21	12	22	22	12	12	11	21	12	11	12	12	11	11	12	21	11	11	11	22	11	12	12	21	12	21	22	11	21	11	12	22	22	12	22	21	22	12	22	21	21	21	22	21	21	22	11	22	11	12	11	12	11	21	22	22	22	22	22	11	11	12	12	22	12	11	21	21
184	0	0.000	0.000	12	12	22	22	12	22	11	21	12	22	22	21	12	11	12	21	22	22	21	21	21	12	22	22	12	12	11	21	12	11	12	12	11	11	12	21	11	11	11	22	11	12	12	21	12	21	22	11	21	11	12	22	22	12	22	21	22	12	22	21	21	21	22	21	21	22	11	22	11	12	11	12	11	21	22	22	22	22	22	11	11	12	12	22	12	11	21	21
189	0	2.381	4.882	12	12	22	22	12	22	11	21	12	22	22	21	12	11	12	21	22	22	21	21	21	12	22	22	12	12	11	21	12	11	12	12	11	11	12	21	11	11	11	21	11	12	11	21	12	21	22	11	21	11	12	21	22	12	22	21	22	12	22	21	21	21	22	21	21	22	11	22	11	12	21	12	11	11	22	22	22	22	22	11	11	12	12	22	12	12	21	21
180	0	2.381	4.882	12	12	22	22	12	22	11	21	12	22	22	21	12	11	12	21	22	22	21	21	21	12	22	22	12	12	11	21	12	11	12	12	11	11	12	21	11	11	11	21	11	12	11	21	12	21	22	11	21	11	12	21	22	12	22	21	22	12	22	21	21	21	22	21	21	22	11	22	11	12	21	12	11	11	22	22	22	22	22	11	11	12	12	22	12	12	21	21
190	0	2.381	4.882	12	12	22	22	12	22	11	21	12	22	22	21	12	11	12	21	22	22	21	21	21	12	22	22	12	12	11	21	12	11	12	12	11	11	12	21	11	11	11	21	11	12	11	21	12	21	22	11	21	11	12	21	22	12	22	21	22	12	22	21	21	21	22	21	21	22	11	22	11	12	21	12	11	11	22	22	22	22	22	11	11	12	12	22	12	12	21	21
179	0	2.381	4.882	12	12	22	22	12	22	11	21	12	22	22	21	12	11	12	21	22	22	21	21	21	12	22	22	12	12	11	21	12	11	12	12	11	11	12	21	11	11	11	21	11	12	11	21	12	21	22	11	21	11	12	21	22	12	22	21	22	12	22	21	21	21	22	21	21	22	11	22	11	12	21	12	11	11	22	22	22	22	22	11	11	12	12	22	12	12	21	21
186	0	2.381	6.058	12	12	22	22	12	22	11	22	12	22	22	21	12	11	12	21	22	22	21	21	21	12	22	22	12	12	11	21	12	11	12	12	11	11	12	21	11	11	11	21	11	12	11	21	12	21	22	11	21	11	12	21	22	12	22	21	22	12	22	21	21	21	22	21	21	22	11	22	11	12	21	12	11	11	22	22	22	22	22	11	11	12	12	22	12	12	21	21
188	0	2.381	6.058	12	12	22	22	12	22	11	22	12	22	22	21	12	11	12	21	22	22	21	21	21	12	22	22	12	12	11	21	12	11	12	12	11	11	12	21	11	11	11	21	11	12	11	21	12	21	22	11	21	11	12	21	22	12	22	21	22	12	22	21	21	21	22	21	21	22	11	22	11	12	21	12	11	11	22	22	22	22	22	11	11	12	12	22	12	12	21	21
191	0	2.381	6.058	12	12	22	22	12	22	11	22	12	22	22	21	12	11	12	21	22	22	21	21	21	12	22	22	12	12	11	21	12	11	12	12	11	11	12	21	11	11	11	21	11	12	11	21	12	21	22	11	21	11	12	21	22	12	22	21	22	12	22	21	21	21	22	21	21	22	11	22	11	12	21	12	11	11	22	22	22	22	22	11	11	12	12	22	12	12	21	21
187	0	2.381	6.058	12	12	22	22	12	22	11	22	12	22	22	21	12	11	12	21	22	22	21	21	21	12	22	22	12	12	11	21	12	11	12	12	11	11	12	21	11	11	11	21	11	12	11	21	12	21	22	11	21	11	12	21	22	12	22	21	22	12	22	21	21	21	22	21	21	22	11	22	11	12	21	12	11	11	22	22	22	22	22	11	11	12	12	22	12	12	21	21
175	0	3.558	6.058	12	12	22	22	12	22	11	22	12	22	22	21	12	11	12	21	22	22	21	21	21	12	22	22	12	12	11	21	12	11	12	12	11	11	12	21	11	11	11	21	11	12	11	21	12	21	22	11	21	11	12	21	22	12	22	21	22	12	22	21	21	21	22	21	21	22	11	22	11	12	21	12	11	11	22	22	22	22	22	11	11	12	12	22	12	12	11	21
176	0	3.558	6.058	12	12	22	22	12	22	11	22	12	22	22	21	12	11	12	21	22	22	21	21	21	12	22	22	12	12	11	21	12	11	12	12	11	11	12	21	11	11	11	21	11	12	11	21	12	21	22	11	21	11	12	21	22	12	22	21	22	12	22	21	21	21	22	21	21	22	11	22	11	12	21	12	11	11	22	22	22	22	22	11	11	12	12	22	12	12	11	21
177	0	3.558	6.058	12	12	22	22	12	22	11	22	12	22	22	21	12	11	12	21	22	22	21	21	21	12	22	22	12	12	11	21	12	11	12	12	11	11	12	21	11	11	11	21	11	12	11	21	12	21	22	11	21	11	12	21	22	12	22	21	22	12	22	21	21	21	22	21	21	22	11	22	11	12	21	12	11	11	22	22	22	22	22	11	11	12	12	22	12	12	11	21
178	0	3.558	7.235	12	12	22	22	12	22	11	22	12	22	22	21	12	11	12	21	22	22	21	21	21	12	22	22	12	12	11	21	12	11	12	12	11	11	12	21	11	11	11	21	11	12	11	21	12	21	22	11	21	11	12	21	22	12	22	21	22	12	22	21	21	21	22	21	22	22	11	22	11	12	21	12	11	11	22	22	22	22	22	11	11	12	12	22	12	12	11	21
172	0	3.558	9.616	12	12	22	22	12	22	11	22	12	22	22	21	12	11	12	21	22	22	21	21	21	12	22	22	12	12	11	21	12	11	12	12	11	11	12	21	11	11	11	21	11	12	11	21	12	21	22	11	21	11	12	21	22	12	22	22	22	12	22	21	21	21	22	21	22	22	11	22	11	12	21	12	11	11	22	22	22	22	22	11	11	11	12	22	12	12	11	21
171	0	3.558	9.616	12	12	22	22	12	22	11	22	12	22	22	21	12	11	12	21	22	22	21	21	21	12	22	22	12	12	11	21	12	11	12	12	11	11	12	21	11	11	11	21	11	12	11	21	12	21	22	11	21	11	12	21	22	12	22	22	22	12	22	21	21	21	22	21	22	22	11	22	11	12	21	12	11	11	22	22	22	22	22	11	11	11	12	22	12	12	11	21
173	0	3.558	9.616	12	12	22	22	12	22	11	22	12	22	22	21	12	11	12	21	22	22	21	21	21	12	22	22	12	12	11	21	12	11	12	12	11	11	12	21	11	11	11	21	11	12	11	21	12	21	22	11	21	11	12	21	22	12	22	22	22	12	22	21	21	21	22	21	22	22	11	22	11	12	21	12	11	11	22	22	22	22	22	11	11	11	12	22	12	12	11	21
169	0	3.558	9.616	12	12	22	22	12	22	11	22	12	22	22	21	12	11	12	21	22	22	21	21	21	12	22	22	12	12	11	21	12	11	12	12	11	11	12	21	11	11	11	21	11	12	11	21	12	21	22	11	21	11	12	21	22	12	22	22	22	12	22	21	21	21	22	21	22	22	11	22	11	12	21	12	11	11	22	22	22	22	22	11	11	11	12	22	12	12	11	21
174	0	3.558	9.616	12	12	22	22	12	22	11	22	12	22	22	21	12	11	12	21	22	22	21	21	21	12	22	22	12	12	11	21	12	11	12	12	11	11	12	21	11	11	11	21	11	12	11	21	12	21	22	11	21	11	12	21	22	12	22	22	22	12	22	21	21	21	22	21	22	22	11	22	11	12	21	12	11	11	22	22	22	22	22	11	11	11	12	22	12	12	11	21
170	0	3.558	9.616	12	12	22	22	12	22	11	22	12	22	22	21	12	11	12	21	22	22	21	21	21	12	22	22	12	12	11	21	12	11	12	12	11	11	12	21	11	11	11	21	11	12	11	21	12	21	22	11	21	11	12	21	22	12	22	22	22	12	22	21	21	21	22	21	22	22	11	22	11	12	21	12	11	11	22	22	22	22	22	11	11	11	12	22	12	12	11	21
168	0	3.558	10.793	12	12	22	22	12	22	11	22	12	22	22	21	12	11	12	21	22	22	21	21	21	12	22	22	12	12	11	22	12	11	12	12	11	11	12	21	11	11	11	21	11	12	11	21	12	21	22	11	21	11	12	21	22	12	22	22	22	12	22	21	21	21	22	21	22	22	11	22	11	12	21	12	11	11	22	22	22	22	22	11	11	11	12	22	12	12	11	21
166	0	3.558	11.969	12	12	22	22	11	22	11	22	12	22	22	21	12	11	12	21	22	22	21	21	21	12	22	22	12	12	11	22	12	11	12	12	11	11	12	21	11	11	11	21	11	12	11	21	12	21	22	11	21	11	12	21	22	12	22	22	22	12	22	21	21	21	22	21	22	22	11	22	11	12	21	12	11	11	22	22	22	22	22	11	11	11	12	22	12	12	11	21
167	0	3.558	13.146	12	12	22	22	11	22	11	22	12	22	22	21	12	12	12	21	22	22	21	21	21	12	22	22	12	12	11	22	12	11	12	12	11	11	12	21	11	11	11	21	11	12	11	21	12	21	22	11	21	11	12	21	22	12	22	22	22	12	22	21	21	21	22	21	22	22	11	22	11	12	21	12	11	11	22	22	22	22	22	11	11	11	12	22	12	12	11	21
164	0	3.558	14.322	12	12	22	22	11	22	11	22	12	22	22	21	12	12	11	21	22	22	21	21	21	12	22	22	12	12	11	22	12	11	12	12	11	11	12	21	11	11	11	21	11	12	11	21	12	21	22	11	21	11	12	21	22	12	22	22	22	12	22	21	21	21	22	21	22	22	11	22	11	12	21	12	11	11	22	22	22	22	22	11	11	11	12	22	12	12	11	21
165	0	3.558	14.322	12	12	22	22	11	22	11	22	12	22	22	21	12	12	11	21	22	22	21	21	21	12	22	22	12	12	11	22	12	11	12	12	11	11	12	21	11	11	11	21	11	12	11	21	12	21	22	11	21	11	12	21	22	12	22	22	22	12	22	21	21	21	22	21	22	22	11	22	11	12	21	12	11	11	22	22	22	22	22	11	11	11	12	22	12	12	11	21
151	0	4.734	14.322	12	12	22	22	11	22	11	22	12	22	22	21	12	12	11	21	22	22	11	21	21	12	22	22	12	12	11	22	12	11	12	12	11	11	12	21	11	11	11	21	11	12	11	21	12	21	22	11	21	11	12	21	22	12	22	22	22	12	22	21	21	21	22	21	22	22	11	22	11	12	21	12	11	11	22	22	22	22	22	11	11	11	12	22	12	12	11	21
152	0	4.734	14.322	12	12	22	22	11	22	11	22	12	22	22	21	12	12	11	21	22	22	11	21	21	12	22	22	12	12	11	22	12	11	12	12	11	11	12	21	11	11	11	21	11	12	11	21	12	21	22	11	21	11	12	21	22	12	22	22	22	12	22	21	21	21	22	21	22	22	11	22	11	12	21	12	11	11	22	22	22	22	22	11	11	11	12	22	12	12	11	21
159	0	7.116	14.322	12	12	22	22	11	22	11	22	12	12	22	21	12	12	11	21	22	22	11	21	11	12	22	22	12	12	11	22	12	11	12	12	11	11	12	21	11	11	11	21	11	12	11	21	12	21	22	11	21	11	12	21	22	12	22	22	22	12	22	21	21	21	22	21	22	22	11	22	11	12	21	12	11	11	22	22	22	22	22	11	11	11	12	22	12	12	11	21
161	0	7.116	14.322	12	12	22	22	11	22	11	22	12	12	22	21	12	12	11	21	22	22	11	21	11	12	22	22	12	12	11	22	12	11	12	12	11	11	12	21	11	11	11	21	11	12	11	21	12	21	22	11	21	11	12	21	22	12	22	22	22	12	22	21	21	21	22	21	22	22	11	22	11	12	21	12	11	11	22	22	22	22	22	11	11	11	12	22	12	12	11	21
163	0	7.116	14.322	12	12	22	22	11	22	11	22	12	12	22	21	12	12	11	21	22	22	11	21	11	12	22	22	12	12	11	22	12	11	12	12	11	11	12	21	11	11	11	21	11	12	11	21	12	21	22	11	21	11	12	21	22	12	22	22	22	12	22	21	21	21	22	21	22	22	11	22	11	12	21	12	11	11	22	22	22	22	22	11	11	11	12	22	12	12	11	21
158	0	7.116	14.322	12	12	22	22	11	22	11	22	12	12	22	21	12	12	11	21	22	22	11	21	11	12	22	22	12	12	11	22	12	11	12	12	11	11	12	21	11	11	11	21	11	12	11	21	12	21	22	11	21	11	12	21	22	12	22	22	22	12	22	21	21	21	22	21	22	22	11	22	11	12	21	12	11	11	22	22	22	22	22	11	11	11	12	22	12	12	11	21
162	0	7.116	14.322	12	12	22	22	11	22	11	22	12	12	22	21	12	12	11	21	22	22	11	21	11	12	22	22	12	12	11	22	12	11	12	12	11	11	12	21	11	11	11	21	11	12	11	21	12	21	22	11	21	11	12	21	22	12	22	22	22	12	22	21	21	21	22	21	22	22	11	22	11	12	21	12	11	11	22	22	22	22	22	11	11	11	12	22	12	12	11	21
156	0	7.116	15.499	12	12	22	22	11	22	11	22	12	12	22	21	12	12	11	21	22	22	11	21	11	12	22	22	12	12	11	22	12	11	12	12	11	11	12	21	11	11	11	21	11	12	11	21	12	21	22	11	21	11	12	21	22	12	22	22	22	12	22	21	21	21	22	21	22	22	12	22	11	12	21	12	11	11	22	22	22	22	22	11	11	11	12	22	12	12	11	21
157	0	7.116	15.499	12	12	22	22	11	22	11	22	12	12	22	21	12	12	11	21	22	22	11	21	11	12	22	22	12	12	11	22	12	11	12	12	11	11	12	21	11	11	11	21	11	12	11	21	12	21	22	11	21	11	12	21	22	12	22	22	22	12	22	21	21	21	22	21	22	22	12	22	11	12	21	12	11	11	22	22	22	22	22	11	11	11	12	22	12	12	11	21
155	0	7.116	15.499	12	12	22	22	11	22	11	22	12	12	22	21	12	12	11	21	22	22	11	21	11	12	22	22	12	12	11	22	12	11	12	12	11	11	12	21	11	11	11	21	11	12	11	21	12	21	22	11	21	11	12	21	22	12	22	22	22	12	22	21	21	21	22	21	22	22	12	22	11	12	21	12	11	11	22	22	22	22	22	11	11	11	12	22	12	12	11	21
153	0	8.292	15.499	12	12	22	22	11	22	11	22	12	22	22	21	12	12	11	21	22	22	11	21	11	12	22	22	12	12	11	22	12	11	12	12	11	11	12	21	11	11	11	21	11	12	11	21	12	21	22	11	21	11	12	21	22	12	22	22	22	12	22	21	21	21	22	21	22	22	12	22	11	12	21	12	11	11	22	22	22	22	22	11	11	11	12	22	12	12	11	21
154	0	8.292	15.499	12	12	22	22	11	22	11	22	12	22	22	21	12	12	11	21	22	22	11	21	11	12	22	22	12	12	11	22	12	11	12	12	11	11	12	21	11	11	11	21	11	12	11	21	12	21	22	11	21	11	12	21	22	12	22	22	22	12	22	21	21	21	22	21	22	22	12	22	11	12	21	12	11	11	22	22	22	22	22	11	11	11	12	22	12	12	11	21
160	0	8.292	15.499	12	12	22	22	11	22	11	22	12	22	22	21	12	12	11	21	22	22	11	21	11	12	22	22	12	12	11	22	12	11	12	12	11	11	12	21	11	11	11	21	11	12	11	21	12	21	22	11	21	11	12	21	22	12	22	22	22	12	22	21	21	21	22	21	22	22	12	22	11	12	21	12	11	11	22	22	22	22	22	11	11	11	12	22	12	12	11	21
150	0	8.292	15.499	12	12	22	22	11	22	11	22	12	22	22	21	12	12	11	21	22	22	11	21	11	12	22	22	12	12	11	22	12	11	12	12	11	11	12	21	11	11	11	21	11	12	11	21	12	21	22	11	21	11	12	21	22	12	22	22	22	12	22	21	21	21	22	21	22	22	12	22	11	12	21	12	11	11	22	22	22	22	22	11	11	11	12	22	12	12	11	21
148	0	8.292	17.880	12	12	22	22	11	22	11	22	12	22	22	21	12	12	11	21	22	22	11	21	11	12	22	22	12	11	11	22	12	11	12	12	11	11	12	21	11	11	11	21	11	12	11	21	12	21	22	11	21	11	12	21	21	12	22	22	22	12	22	21	21	21	22	21	22	22	12	22	11	12	21	12	11	11	22	22	22	22	22	11	11	11	12	22	12	12	11	21
149	0	8.292	17.880	12	12	22	22	11	22	11	22	12	22	22	21	12	12	11	21	22	22	11	21	11	12	22	22	12	11	11	22	12	11	12	12	11	11	12	21	11	11	11	21	11	12	11	21	12	21	22	11	21	11	12	21	21	12	22	22	22	12	22	21	21	21	22	21	22	22	12	22	11	12	21	12	11	11	22	22	22	22	22	11	11	11	12	22	12	12	11	21
145	0	9.469	17.880	12	12	22	22	11	22	11	22	12	22	22	21	12	12	11	21	22	22	11	21	11	12	22	22	12	11	11	22	12	11	12	12	11	11	12	21	11	11	11	21	11	12	11	21	12	21	22	11	21	11	12	21	21	12	22	22	22	12	22	21	11	21	22	21	22	22	12	22	11	12	21	12	11	11	22	22	22	22	22	11	11	11	12	22	12	12	11	21
147	0	9.469	17.880	12	12	22	22	11	22	11	22	12	22	22	21	12	12	11	21	22	22	11	21	11	12	22	22	12	11	11	22	12	11	12	12	11	11	12	21	11	11	11	21	11	12	11	21	12	21	22	11	21	11	12	21	21	12	22	22	22	12	22	21	11	21	22	21	22	22	12	22	11	12	21	12	11	11	22	22	22	22	22	11	11	11	12	22	12	12	11	21
146	0	9.469	17.880	12	12	22	22	11	22	11	22	12	22	22	21	12	12	11	21	22	22	11	21	11	12	22	22	12	11	11	22	12	11	12	12	11	11	12	21	11	11	11	21	11	12	11	21	12	21	22	11	21	11	12	21	21	12	22	22	22	12	22	21	11	21	22	21	22	22	12	22	11	12	21	12	11	11	22	22	22	22	22	11	11	11	12	22	12	12	11	21
135	0	9.469	19.057	12	12	22	22	11	22	11	22	12	22	22	21	12	12	11	21	22	22	11	21	11	12	22	22	12	11	11	22	12	11	12	12	11	12	12	21	11	11	11	21	11	12	11	21	12	21	22	11	21	11	12	21	21	12	22	22	22	12	22	21	11	21	22	21	22	22	12	22	11	12	21	12	11	11	22	22	22	22	22	11	11	11	12	22	12	12	11	21
139	0	9.469	19.057	12	12	22	22	11	22	11	22	12	22	22	21	12	12	11	21	22	22	11	21	11	12	22	22	12	11	11	22	12	11	12	12	11	12	12	21	11	11	11	21	11	12	11	21	12	21	22	11	21	11	12	21	21	12	22	22	22	12	22	21	11	21	22	21	22	22	12	22	11	12	21	12	11	11	22	22	22	22	22	11	11	11	12	22	12	12	11	21
138	0	9.469	19.057	12	12	22	22	11	22	11	22	12	22	22	21	12	12	11	21	22	22	11	21	11	12	22	22	12	11	11	22	12	11	12	12	11	12	12	21	11	11	11	21	11	12	11	21	12	21	22	11	21	11	12	21	21	12	22	22	22	12	22	21	11	21	22	21	22	22	12	22	11	12	21	12	11	11	22	22	22	22	22	11	11	11	12	22	12	12	11	21
131	0	9.469	19.057	12	12	22	22	11	22	11	22	12	22	22	21	12	12	11	21	22	22	11	21	11	12	22	22	12	11	11	22	12	11	12	12	11	12	12	21	11	11	11	21	11	12	11	21	12	21	22	11	21	11	12	21	21	12	22	22	22	12	22	21	11	21	22	21	22	22	12	22	11	12	21	12	11	11	22	22	22	22	22	11	11	11	12	22	12	12	11	21
144	0	9.469	19.057	12	12	22	22	11	22	11	22	12	22	22	21	12	12	11	21	22	22	11	21	11	12	22	22	12	11	11	22	12	11	12	12	11	12	12	21	11	11	11	21	11	12	11	21	12	21	22	11	21	11	12	21	21	12	22	22	22	12	22	21	11	21	22	21	22	22	12	22	11	12	21	12	11	11	22	22	22	22	22	11	11	11	12	22	12	12	11	21
142	0	9.469	19.057	12	12	22	22	11	22	11	22	12	22	22	21	12	12	11	21	22	22	11	21	11	12	22	22	12	11	11	22	12	11	12	12	11	12	12	21	11	11	11	21	11	12	11	21	12	21	22	11	21	11	12	21	21	12	22	22	22	12	22	21	11	21	22	21	22	22	12	22	11	12	21	12	11	11	22	22	22	22	22	11	11	11	12	22	12	12	11	21
143	0	10.645	19.057	12	12	22	22	11	22	11	22	12	12	22	21	12	12	11	21	22	22	11	21	11	12	22	22	12	11	11	22	12	11	12	12	11	12	12	21	11	11	11	21	11	12	11	21	12	21	22	11	21	11	12	21	21	12	22	22	22	12	22	21	11	21	22	21	22	22	12	22	11	12	21	12	11	11	22	22	22	22	22	11	11	11	12	22	12	12	11	21
134	0	10.645	19.057	12	12	22	22	11	22	11	22	12	12	22	21	12	12	11	21	22	22	11	21	11	12	22	22	12	11	11	22	12	11	12	12	11	12	12	21	11	11	11	21	11	12	11	21	12	21	22	11	21	11	12	21	21	12	22	22	22	12	22	21	11	21	22	21	22	22	12	22	11	12	21	12	11	11	22	22	22	22	22	11	11	11	12	22	12	12	11	21
132	0	10.645	19.057	12	12	22	22	11	22	11	22	12	12	22	21	12	12	11	21	22	22	11	21	11	12	22	22	12	11	11	22	12	11	12	12	11	12	12	21	11	11	11	21	11	12	11	21	12	21	22	11	21	11	12	21	21	12	22	22	22	12	22	21	11	21	22	21	22	22	12	22	11	12	21	12	11	11	22	22	22	22	22	11	11	11	12	22	12	12	11	21
133	0	10.645	19.057	12	12	22	22	11	22	11	22	12	12	22	21	12	12	11	21	22	22	11	21	11	12	22	22	12	11	11	22	12	11	12	12	11	12	12	21	11	11	11	21	11	12	11	21	12	21	22	11	21	11	12	21	21	12	22	22	22	12	22	21	11	21	22	21	22	22	12	22	11	12	21	12	11	11	22	22	22	22	22	11	11	11	12	22	12	12	11	21
130	0	10.645	19.057	12	12	22	22	11	22	11	22	12	12	22	21	12	12	11	21	22	22	11	21	11	12	22	22	12	11	11	22	12	11	12	12	11	12	12	21	11	11	11	21	11	12	11	21	12	21	22	11	21	11	12	21	21	12	22	22	22	12	22	21	11	21	22	21	22	22	12	22	11	12	21	12	11	11	22	22	22	22	22	11	11	11	12	22	12	12	11	21
140	0	11.822	19.057	12	12	22	22	11	22	11	22	12	12	22	21	12	12	11	21	22	22	11	21	11	12	22	22	12	11	11	22	12	11	12	12	11	12	12	21	11	11	11	21	11	12	11	21	12	21	22	11	21	11	12	21	21	12	22	22	22	12	22	21	11	21	22	21	22	22	12	22	11	12	21	12	11	11	22	22	22	22	22	21	11	11	12	22	12	12	11	21
136	0	11.822	19.057	12	12	22	22	11	22	11	22	12	12	22	21	12	12	11	21	22	22	11	21	11	12	22	22	12	11	11	22	12	11	12	12	11	12	12	21	11	11	11	21	11	12	11	21	12	21	22	11	21	11	12	21	21	12	22	22	22	12	22	21	11	21	22	21	22	22	12	22	11	12	21	12	11	11	22	22	22	22	22	21	11	11	12	22	12	12	11	21
137	0	11.822	19.057	12	12	22	22	11	22	11	22	12	12	22	21	12	12	11	21	22	22	11	21	11	12	22	22	12	11	11	22	12	11	12	12	11	12	12	21	11	11	11	21	11	12	11	21	12	21	22	11	21	11	12	21	21	12	22	22	22	12	22	21	11	21	22	21	22	22	12	22	11	12	21	12	11	11	22	22	22	22	22	21	11	11	12	22	12	12	11	21
141	0	12.998	19.057	12	12	22	22	11	22	11	22	12	12	22	21	12	12	11	21	22	22	11	21	11	12	22	22	12	11	11	22	12	11	12	12	11	12	12	21	11	11	11	21	11	12	11	21	12	21	22	11	21	11	12	21	21	12	22	22	22	12	22	21	11	11	22	21	22	22	12	22	11	12	21	12	11	11	22	22	22	22	22	21	11	11	12	22	12	12	11	21
129	0	14.175	21.438	12	12	22	22	11	22	11	22	12	12	22	21	12	12	11	21	22	22	11	21	11	12	22	22	12	11	11	22	12	11	12	12	11	12	12	21	11	11	11	21	11	11	11	21	11	11	22	11	21	11	12	21	21	12	22	22	22	12	22	21	11	11	22	21	22	22	12	22	11	12	21	12	11	11	22	22	22	22	22	21	11	11	12	22	12	12	11	21
115	0	14.175	21.438	12	12	22	22	11	22	11	22	12	12	22	21	12	12	11	21	22	22	11	21	11	12	22	22	12	11	11	22	12	11	12	12	11	12	12	21	11	11	11	21	11	11	11	21	11	11	22	11	21	11	12	21	21	12	22	22	22	12	22	21	11	11	22	21	22	22	12	22	11	12	21	12	11	11	22	22	22	22	22	21	11	11	12	22	12	12	11	21
116	0	14.175	21.438	12	12	22	22	11	22	11	22	12	12	22	21	12	12	11	21	22	22	11	21	11	12	22	22	12	11	11	22	12	11	12	12	11	12	12	21	11	11	11	21	11	11	11	21	11	11	22	11	21	11	12	21	21	12	22	22	22	12	22	21	11	11	22	21	22	22	12	22	11	12	21	12	11	11	22	22	22	22	22	21	11	11	12	22	12	12	11	21
122	0	16.556	22.615	12	12	22	22	11	22	11	22	12	11	22	21	12	12	11	21	22	22	11	21	11	12	22	22	12	11	11	22	12	11	12	12	11	12	12	21	11	11	11	21	11	11	11	21	11	11	22	11	21	11	12	21	21	12	22	22	22	12	22	21	11	11	22	21	12	22	12	22	11	12	21	12	11	11	22	22	22	22	22	11	11	11	12	22	12	12	11	21
120	0	16.556	22.615	12	12	22	22	11	22	11	22	12	11	22	21	12	12	11	21	22	22	11	21	11	12	22	22	12	11	11	22	12	11	12	12	11	12	12	21	11	11	11	21	11	11	11	21	11	11	22	11	21	11	12	21	21	12	22	22	22	12	22	21	11	11	22	21	12	22	12	22	11	12	21	12	11	11	22	22	22	22	22	11	11	11	12	22	12	12	11	21
119	0	16.556	22.615	12	12	22	22	11	22	11	22	12	11	22	21	12	12	11	21	22	22	11	21	11	12	22	22	12	11	11	22	12	11	12	12	11	12	12	21	11	11	11	21	11	11	11	21	11	11	22	11	21	11	12	21	21	12	22	22	22	12	22	21	11	11	22	21	12	22	12	22	11	12	21	12	11	11	22	22	22	22	22	11	11	11	12	22	12	12	11	21
121	0	16.556	22.615	12	12	22	22	11	22	11	22	12	11	22	21	12	12	11	21	22	22	11	21	11	12	22	22	12	11	11	22	12	11	12	12	11	12	12	21	11	11	11	21	11	11	11	21	11	11	22	11	21	11	12	21	21	12	22	22	22	12	22	21	11	11	22	21	12	22	12	22	11	12	21	12	11	11	22	22	22	22	22	11	11	11	12	22	12	12	11	21
118	0	16.556	22.615	12	12	22	22	11	22	11	22	12	11	22	21	12	12	11	21	22	22	11	21	11	12	22	22	12	11	11	22	12	11	12	12	11	12	12	21	11	11	11	21	11	11	11	21	11	11	22	11	21	11	12	21	21	12	22	22	22	12	22	21	11	11	22	21	12	22	12	22	11	12	21	12	11	11	22	22	22	22	22	11	11	11	12	22	12	12	11	21
123	0	17.733	22.615	12	12	22	22	11	22	11	22	12	21	22	21	12	12	11	21	22	22	11	21	11	12	22	22	12	11	11	22	12	11	12	12	11	12	12	21	11	11	11	21	11	11	11	21	11	11	22	11	21	11	12	21	21	12	22	22	22	12	22	21	11	11	22	21	12	22	12	22	11	12	21	12	11	11	22	22	22	22	22	11	11	11	12	22	12	12	11	21
117	0	18.909	22.615	12	12	22	22	11	22	11	22	12	21	22	21	12	12	11	21	22	22	11	21	11	12	22	22	12	11	11	22	12	11	12	12	11	12	12	21	11	11	11	21	11	11	11	21	11	11	22	11	21	11	12	21	21	12	22	22	22	12	22	21	11	11	22	21	22	22	12	22	11	12	21	12	11	11	22	22	22	22	22	11	11	11	12	22	12	12	11	21
126	0	20.086	22.615	12	12	22	22	11	22	11	22	12	21	22	21	12	12	11	21	22	22	11	21	11	12	22	22	12	11	11	22	12	11	12	12	11	12	12	21	11	11	11	21	11	11	11	21	11	11	22	11	21	11	12	21	21	12	22	22	22	12	22	21	11	11	22	21	22	22	12	22	11	12	11	12	11	11	22	22	22	22	22	11	11	11	12	22	12	12	11	21
128	0	20.086	22.615	12	12	22	22	11	22	11	22	12	21	22	21	12	12	11	21	22	22	11	21	11	12	22	22	12	11	11	22	12	11	12	12	11	12	12	21	11	11	11	21	11	11	11	21	11	11	22	11	21	11	12	21	21	12	22	22	22	12	22	21	11	11	22	21	22	22	12	22	11	12	11	12	11	11	22	22	22	22	22	11	11	11	12	22	12	12	11	21
127	0	20.086	22.615	12	12	22	22	11	22	11	22	12	21	22	21	12	12	11	21	22	22	11	21	11	12	22	22	12	11	11	22	12	11	12	12	11	12	12	21	11	11	11	21	11	11	11	21	11	11	22	11	21	11	12	21	21	12	22	22	22	12	22	21	11	11	22	21	22	22	12	22	11	12	11	12	11	11	22	22	22	22	22	11	11	11	12	22	12	12	11	21
124	0	20.086	22.615	12	12	22	22	11	22	11	22	12	21	22	21	12	12	11	21	22	22	11	21	11	12	22	22	12	11	11	22	12	11	12	12	11	12	12	21	11	11	11	21	11	11	11	21	11	11	22	11	21	11	12	21	21	12	22	22	22	12	22	21	11	11	22	21	22	22	12	22	11	12	11	12	11	11	22	22	22	22	22	11	11	11	12	22	12	12	11	21
125	0	20.086	22.615	12	12	22	22	11	22	11	22	12	21	22	21	12	12	11	21	22	22	11	21	11	12	22	22	12	11	11	22	12	11	12	12	11	12	12	21	11	11	11	21	11	11	11	21	11	11	22	11	21	11	12	21	21	12	22	22	22	12	22	21	11	11	22	21	22	22	12	22	11	12	11	12	11	11	22	22	22	22	22	11	11	11	12	22	12	12	11	21
110	0	20.086	24.996	12	12	22	22	11	22	11	22	12	21	22	21	12	12	11	21	22	22	11	21	11	12	22	22	12	11	11	22	12	11	12	12	11	12	12	21	11	11	11	21	11	11	11	21	11	11	22	11	21	11	12	21	21	12	22	22	22	12	22	21	11	11	22	21	22	22	12	22	11	12	11	11	11	11	22	22	22	22	22	11	11	11	12	22	12	12	12	21
108	0	20.086	24.996	12	12	22	22	11	22	11	22	12	21	22	21	12	12	11	21	22	22	11	21	11	12	22	22	12	11	11	22	12	11	12	12	11	12	12	21	11	11	11	21	11	11	11	21	11	11	22	11	21	11	12	21	21	12	22	22	22	12	22	21	11	11	22	21	22	22	12	22	11	12	11	11	11	11	22	22	22	22	22	11	11	11	12	22	12	12	12	21
111	0	20.086	24.996	12	12	22	22	11	22	11	22	12	21	22	21	12	12	11	21	22	22	11	21	11	12	22	22	12	11	11	22	12	11	12	12	11	12	12	21	11	11	11	21	11	11	11	21	11	11	22	11	21	11	12	21	21	12	22	22	22	12	22	21	11	11	22	21	22	22	12	22	11	12	11	11	11	11	22	22	22	22	22	11	11	11	12	22	12	12	12	21
113	0	20.086	26.173	12	12	22	22	11	22	11	22	12	21	22	21	12	12	11	21	22	22	11	21	11	12	22	22	12	11	11	22	12	11	12	12	11	12	12	21	11	11	11	21	11	11	11	21	11	11	22	11	21	11	12	21	21	12	22	22	22	12	22	21	11	11	22	21	22	22	12	22	11	12	12	11	11	11	22	22	22	22	22	11	11	11	12	22	12	12	12	21
114	0	20.086	26.173	12	12	22	22	11	22	11	22	12	21	22	21	12	12	11	21	22	22	11	21	11	12	22	22	12	11	11	22	12	11	12	12	11	12	12	21	11	11	11	21	11	11	11	21	11	11	22	11	21	11	12	21	21	12	22	22	22	12	22	21	11	11	22	21	22	22	12	22	11	12	12	11	11	11	22	22	22	22	22	11	11	11	12	22	12	12	12	21
112	0	20.086	26.173	12	12	22	22	11	22	11	22	12	21	22	21	12	12	11	21	22	22	11	21	11	12	22	22	12	11	11	22	12	11	12	12	11	12	12	21	11	11	11	21	11	11	11	21	11	11	22	11	21	11	12	21	21	12	22	22	22	12	22	21	11	11	22	21	22	22	12	22	11	12	12	11	11	11	22	22	22	22	22	11	11	11	12	22	12	12	12	21
109	0	21.263	26.173	12	12	22	22	11	22	11	12	12	21	22	21	12	12	11	21	22	22	11	21	11	12	22	22	12	11	11	22	12	11	12	12	11	12	12	21	11	11	11	21	11	11	11	21	11	11	22	11	21	11	12	21	21	12	22	22	22	12	22	21	11	11	22	21	22	22	12	22	11	12	12	11	11	11	22	22	22	22	22	11	11	11	12	22	12	12	12	21
107	0	21.263	27.349	12	12	22	22	11	22	11	12	12	21	22	21	12	12	11	21	22	22	11	21	11	12	22	22	12	11	11	22	12	11	12	12	11	12	12	21	11	11	11	21	11	11	11	21	11	11	22	11	21	11	12	21	21	12	22	22	22	11	22	21	11	11	22	21	22	22	12	22	11	12	12	11	11	11	22	22	22	22	22	11	11	11	12	22	12	12	12	21
105	0	22.439	30.965	12	12	22	22	11	22	11	12	12	21	22	21	12	12	11	21	22	22	12	21	12	12	22	22	12	11	11	12	12	11	12	12	11	12	12	21	11	11	11	21	11	11	11	21	11	11	22	11	21	11	12	21	21	12	22	22	22	11	22	21	11	11	22	21	22	22	12	21	11	12	12	11	11	11	22	22	22	22	22	11	11	11	12	22	12	12	12	21
104	0	22.439	30.965	12	12	22	22	11	22	11	12	12	21	22	21	12	12	11	21	22	22	12	21	12	12	22	22	12	11	11	12	12	11	12	12	11	12	12	21	11	11	11	21	11	11	11	21	11	11	22	11	21	11	12	21	21	12	22	22	22	11	22	21	11	11	22	21	22	22	12	21	11	12	12	11	11	11	22	22	22	22	22	11	11	11	12	22	12	12	12	21
106	0	22.439	30.965	12	12	22	22	11	22	11	12	12	21	22	21	12	12	11	21	22	22	12	21	12	12	22	22	12	11	11	12	12	11	12	12	11	12	12	21	11	11	11	21	11	11	11	21	11	11	22	11	21	11	12	21	21	12	22	22	22	11	22	21	11	11	22	21	22	22	12	21	11	12	12	11	11	11	22	22	22	22	22	11	11	11	12	22	12	12	12	21
103	0	22.439	32.142	12	12	22	22	11	22	11	12	12	21	22	21	12	12	11	21	22	22	12	21	12	12	22	22	12	11	11	12	12	11	12	12	11	12	12	21	11	11	11	21	11	11	11	21	11	11	22	11	21	11	12	21	21	12	22	22	22	11	21	21	11	11	22	21	22	22	12	21	11	12	12	11	11	11	22	22	22	22	22	11	11	11	12	22	12	12	12	21
99	0	23.616	32.142	12	12	22	22	11	22	11	12	12	21	22	21	12	12	11	21	22	22	12	11	12	12	22	22	12	11	11	12	12	11	12	12	11	12	12	21	11	11	11	21	11	11	11	21	11	11	22	11	21	11	12	21	21	12	22	22	22	11	21	21	11	11	22	21	22	22	12	21	11	12	12	11	11	11	22	22	22	22	22	11	11	11	12	22	12	12	12	21
100	0	23.616	32.142	12	12	22	22	11	22	11	12	12	21	22	21	12	12	11	21	22	22	12	11	12	12	22	22	12	11	11	12	12	11	12	12	11	12	12	21	11	11	11	21	11	11	11	21	11	11	22	11	21	11	12	21	21	12	22	22	22	11	21	21	11	11	22	21	22	22	12	21	11	12	12	11	11	11	22	22	22	22	22	11	11	11	12	22	12	12	12	21
98	0	23.616	32.142	12	12	22	22	11	22	11	12	12	21	22	21	12	12	11	21	22	22	12	11	12	12	22	22	12	11	11	12	12	11	12	12	11	12	12	21	11	11	11	21	11	11	11	21	11	11	22	11	21	11	12	21	21	12	22	22	22	11	21	21	11	11	22	21	22	22	12	21	11	12	12	11	11	11	22	22	22	22	22	11	11	11	12	22	12	12	12	21
101	0	23.616	32.142	12	12	22	22	11	22	11	12	12	21	22	21	12	12	11	21	22	22	12	11	12	12	22	22	12	11	11	12	12	11	12	12	11	12	12	21	11	11	11	21	11	11	11	21	11	11	22	11	21	11	12	21	21	12	22	22	22	11	21	21	11	11	22	21	22	22	12	21	11	12	12	11	11	11	22	22	22	22	22	11	11	11	12	22	12	12	12	21
102	0	23.616	32.142	12	12	22	22	11	22	11	12	12	21	22	21	12	12	11	21	22	22	12	11	12	12	22	22	12	11	11	12	12	11	12	12	11	12	12	21	11	11	11	21	11	11	11	21	11	11	22	11	21	11	12	21	21	12	22	22	22	11	21	21	11	11	22	21	22	22	12	21	11	12	12	11	11	11	22	22	22	22	22	11	11	11	12	22	12	12	12	21
95	0	23.616	33.318	12	12	22	22	11	22	11	12	12	21	22	21	12	12	11	21	22	22	12	11	12	12	22	22	12	11	11	12	12	11	12	12	11	12	12	21	11	11	11	21	11	11	11	21	11	11	22	11	21	11	12	21	21	12	22	22	22	11	21	21	11	11	22	21	22	22	12	21	11	12	12	11	11	11	22	22	22	22	21	11	11	11	12	22	12	12	12	21
96	0	23.616	33.318	12	12	22	22	11	22	11	12	12	21	22	21	12	12	11	21	22	22	12	11	12	12	22	22	12	11	11	12	12	11	12	12	11	12	12	21	11	11	11	21	11	11	11	21	11	11	22	11	21	11	12	21	21	12	22	22	22	11	21	21	11	11	22	21	22	22	12	21	11	12	12	11	11	11	22	22	22	22	21	11	11	11	12	22	12	12	12	21
97	0	23.616	33.318	12	12	22	22	11	22	11	12	12	21	22	21	12	12	11	21	22	22	12	11	12	12	22	22	12	11	11	12	12	11	12	12	11	12	12	21	11	11	11	21	11	11	11	21	11	11	22	11	21	11	12	21	21	12	22	22	22	11	21	21	11	11	22	21	22	22	12	21	11	12	12	11	11	11	22	22	22	22	21	11	11	11	12	22	12	12	12	21
94	0	23.616	34.495	12	12	22	22	11	22	11	12	12	21	22	21	12	12	11	21	22	22	12	11	12	12	22	22	12	11	11	12	12	11	12	12	11	12	12	21	11	11	11	21	11	11	11	21	11	11	22	11	21	11	12	21	21	12	22	22	22	11	21	21	12	11	22	21	22	22	12	21	11	12	12	11	11	11	22	22	22	22	21	11	11	11	12	22	12	12	12	21
92	0	23.616	35.671	12	12	22	22	11	22	11	12	12	21	22	21	12	12	11	21	22	22	12	11	12	12	22	22	12	11	11	12	12	11	12	12	11	12	12	21	11	11	11	21	11	11	11	21	11	11	22	11	21	11	12	21	21	11	22	22	22	11	21	21	12	11	22	21	22	22	12	21	11	12	12	11	11	11	22	22	22	22	21	11	11	11	12	22	12	12	12	21
93	0	23.616	35.671	12	12	22	22	11	22	11	12	12	21	22	21	12	12	11	21	22	22	12	11	12	12	22	22	12	11	11	12	12	11	12	12	11	12	12	21	11	11	11	21	11	11	11	21	11	11	22	11	21	11	12	21	21	11	22	22	22	11	21	21	12	11	22	21	22	22	12	21	11	12	12	11	11	11	22	22	22	22	21	11	11	11	12	22	12	12	12	21
91	0	23.616	36.848	12	12	22	22	11	22	11	12	12	21	22	21	12	12	11	21	22	22	12	11	12	12	22	22	12	11	11	12	12	11	12	12	11	12	12	21	11	11	11	21	11	11	11	21	11	11	22	11	21	11	12	21	21	11	22	22	22	11	21	21	12	12	22	21	22	22	12	21	11	12	12	11	11	11	22	22	22	22	21	11	11	11	12	22	12	12	12	21
87	0	23.616	38.024	12	12	22	22	11	22	11	12	12	21	22	21	12	12	11	21	22	22	12	11	12	12	22	22	12	11	11	12	12	11	12	12	11	12	12	21	11	11	11	21	11	11	11	21	11	11	22	11	21	11	12	21	21	11	22	22	22	11	21	21	12	12	22	21	22	22	12	21	11	12	12	11	11	11	21	22	22	22	21	11	11	11	12	22	12	12	12	21
85	0	23.616	38.024	12	12	22	22	11	22	11	12	12	21	22	21	12	12	11	21	22	22	12	11	12	12	22	22	12	11	11	12	12	11	12	12	11	12	12	21	11	11	11	21	11	11	11	21	11	11	22	11	21	11	12	21	21	11	22	22	22	11	21	21	12	12	22	21	22	22	12	21	11	12	12	11	11	11	21	22	22	22	21	11	11	11	12	22	12	12	12	21
88	0	23.616	38.024	12	12	22	22	11	22	11	12	12	21	22	21	12	12	11	21	22	22	12	11	12	12	22	22	12	11	11	12	12	11	12	12	11	12	12	21	11	11	11	21	11	11	11	21	11	11	22	11	21	11	12	21	21	11	22	22	22	11	21	21	12	12	22	21	22	22	12	21	11	12	12	11	11	11	21	22	22	22	21	11	11	11	12	22	12	12	12	21
84	0	23.616	38.024	12	12	22	22	11	22	11	12	12	21	22	21	12	12	11	21	22	22	12	11	12	12	22	22	12	11	11	12	12	11	12	12	11	12	12	21	11	11	11	21	11	11	11	21	11	11	22	11	21	11	12	21	21	11	22	22	22	11	21	21	12	12	22	21	22	22	12	21	11	12	12	11	11	11	21	22	22	22	21	11	11	11	12	22	12	12	12	21
83	0	23.616	38.024	12	12	22	22	11	22	11	12	12	21	22	21	12	12	11	21	22	22	12	11	12	12	22	22	12	11	11	12	12	11	12	12	11	12	12	21	11	11	11	21	11	11	11	21	11	11	22	11	21	11	12	21	21	11	22	22	22	11	21	21	12	12	22	21	22	22	12	21	11	12	12	11	11	11	21	22	22	22	21	11	11	11	12	22	12	12	12	21
86	0	24.792	38.024	12	12	22	22	11	22	11	22	12	21	22	21	12	12	11	21	22	22	12	11	12	12	22	22	12	11	11	12	12	11	12	12	11	12	12	21	11	11	11	21	11	11	11	21	11	11	22	11	21	11	12	21	21	11	22	22	22	11	21	21	12	12	22	21	22	22	12	21	11	12	12	11	11	11	21	22	22	22	21	11	11	11	12	22	12	12	12	21
82	0	24.792	38.024	12	12	22	22	11	22	11	22	12	21	22	21	12	12	11	21	22	22	12	11	12	12	22	22	12	11	11	12	12	11	12	12	11	12	12	21	11	11	11	21	11	11	11	21	11	11	22	11	21	11	12	21	21	11	22	22	22	11	21	21	12	12	22	21	22	22	12	21	11	12	12	11	11	11	21	22	22	22	21	11	11	11	12	22	12	12	12	21
89	0	25.969	39.201	12	12	22	22	11	22	11	22	12	21	22	21	12	12	11	21	22	22	12	11	12	12	22	22	12	11	11	12	12	11	12	12	11	12	12	11	11	11	11	21	11	11	11	21	11	11	22	11	21	11	12	21	21	11	22	22	22	11	21	21	12	12	22	21	22	22	12	21	11	12	12	11	11	11	21	22	22	22	21	12	11	11	12	22	12	12	12	21
90	0	25.969	39.201	12	12	22	22	11	22	11	22	12	21	22	21	12	12	11	21	22	22	12	11	12	12	22	22	12	11	11	12	12	11	12	12	11	12	12	11	11	11	11	21	11	11	11	21	11	11	22	11	21	11	12	21	21	11	22	22	22	11	21	21	12	12	22	21	22	22	12	21	11	12	12	11	11	11	21	22	22	22	21	12	11	11	12	22	12	12	12	21
81	0	25.969	41.582	12	12	22	22	11	22	11	22	12	21	22	21	12	12	11	21	22	22	12	11	12	12	22	22	12	11	11	12	12	11	12	12	11	12	12	11	11	11	11	21	11	11	11	21	11	11	22	11	21	11	12	21	21	11	22	22	22	11	21	22	12	12	22	21	22	22	12	21	11	12	12	11	11	12	21	22	22	22	21	12	11	11	12	22	12	12	12	21
79	0	27.145	41.582	12	12	22	22	11	22	11	22	12	21	22	21	12	12	11	21	22	22	12	11	12	12	22	22	12	11	11	12	12	11	12	12	11	12	12	11	11	11	11	21	11	11	11	21	11	11	22	11	21	11	12	21	21	11	22	22	22	11	21	22	12	12	22	21	22	22	12	21	11	12	12	11	11	12	21	22	22	22	21	12	11	11	12	22	12	12	12	11
80	0	27.145	42.759	12	12	22	22	11	22	11	22	12	21	22	21	12	12	11	21	22	22	12	11	12	12	22	22	12	11	11	12	12	11	12	12	11	12	12	11	11	11	11	22	11	11	11	21	11	11	22	11	21	11	12	21	21	11	22	22	22	11	21	22	12	12	22	21	22	22	12	21	11	12	12	11	11	12	21	22	22	22	21	12	11	11	12	22	12	12	12	11
76	0	27.145	45.140	12	12	22	22	11	22	11	22	12	22	22	21	12	12	11	21	22	22	12	11	12	12	22	22	12	11	11	12	12	11	12	12	11	12	12	11	11	11	11	22	11	11	11	21	11	11	22	11	21	11	12	21	21	11	22	22	22	11	21	22	12	12	22	21	22	22	12	21	11	12	12	11	11	12	21	22	22	22	21	12	11	11	12	21	12	12	12	11
74	0	27.145	45.140	12	12	22	22	11	22	11	22	12	22	22	21	12	12	11	21	22	22	12	11	12	12	22	22	12	11	11	12	12	11	12	12	11	12	12	11	11	11	11	22	11	11	11	21	11	11	22	11	21	11	12	21	21	11	22	22	22	11	21	22	12	12	22	21	22	22	12	21	11	12	12	11	11	12	21	22	22	22	21	12	11	11	12	21	12	12	12	11
73	0	27.145	45.140	12	12	22	22	11	22	11	22	12	22	22	21	12	12	11	21	22	22	12	11	12	12	22	22	12	11	11	12	12	11	12	12	11	12	12	11	11	11	11	22	11	11	11	21	11	11	22	11	21	11	12	21	21	11	22	22	22	11	21	22	12	12	22	21	22	22	12	21	11	12	12	11	11	12	21	22	22	22	21	12	11	11	12	21	12	12	12	11
78	0	27.145	45.140	12	12	22	22	11	22	11	22	12	22	22	21	12	12	11	21	22	22	12	11	12	12	22	22	12	11	11	12	12	11	12	12	11	12	12	11	11	11	11	22	11	11	11	21	11	11	22	11	21	11	12	21	21	11	22	22	22	11	21	22	12	12	22	21	22	22	12	21	11	12	12	11	11	12	21	22	22	22	21	12	11	11	12	21	12	12	12	11
75	0	27.145	45.140	12	12	22	22	11	22	11	22	12	22	22	21	12	12	11	21	22	22	12	11	12	12	22	22	12	11	11	12	12	11	12	12	11	12	12	11	11	11	11	22	11	11	11	21	11	11	22	11	21	11	12	21	21	11	22	22	22	11	21	22	12	12	22	21	22	22	12	21	11	12	12	11	11	12	21	22	22	22	21	12	11	11	12	21	12	12	12	11
77	0	27.145	45.140	12	12	22	22	11	22	11	22	12	22	22	21	12	12	11	21	22	22	12	11	12	12	22	22	12	11	11	12	12	11	12	12	11	12	12	11	11	11	11	22	11	11	11	21	11	11	22	11	21	11	12	21	21	11	22	22	22	11	21	22	12	12	22	21	22	22	12	21	11	12	12	11	11	12	21	22	22	22	21	12	11	11	12	21	12	12	12	11
71	0	28.322	45.140	12	12	22	22	11	22	11	22	12	12	22	21	12	12	11	21	22	22	12	11	12	12	22	22	12	11	11	12	12	11	12	12	11	12	12	11	11	11	11	22	11	11	11	21	11	11	22	11	21	11	12	21	21	11	22	22	22	11	21	22	12	12	22	21	22	22	12	21	11	12	12	11	11	12	21	22	22	22	21	12	11	11	12	21	12	12	12	11
72	0	28.322	45.140	12	12	22	22	11	22	11	22	12	12	22	21	12	12	11	21	22	22	12	11	12	12	22	22	12	11	11	12	12	11	12	12	11	12	12	11	11	11	11	22	11	11	11	21	11	11	22	11	21	11	12	21	21	11	22	22	22	11	21	22	12	12	22	21	22	22	12	21	11	12	12	11	11	12	21	22	22	22	21	12	11	11	12	21	12	12	12	11
70	0	29.498	45.140	12	12	22	22	11	22	11	22	12	12	22	21	12	12	11	21	22	22	12	11	12	12	22	22	12	11	11	12	12	11	12	12	11	12	12	11	11	11	11	22	11	11	11	21	11	11	22	11	21	11	12	21	21	11	22	22	22	11	21	22	12	12	22	11	22	22	12	21	11	12	12	11	11	12	21	22	22	22	21	12	11	11	12	21	12	12	12	11
68	0	29.498	46.317	12	12	22	22	11	22	11	22	12	12	22	21	12	12	11	21	22	22	12	11	12	12	22	22	12	11	11	12	12	11	12	12	11	12	12	11	11	11	11	22	11	11	11	21	11	11	22	11	21	11	12	21	21	11	21	22	22	11	21	22	12	12	22	11	22	22	12	21	11	12	12	11	11	12	21	22	22	22	21	12	11	11	12	21	12	12	12	11
67	0	29.498	46.317	12	12	22	22	11	22	11	22	12	12	22	21	12	12	11	21	22	22	12	11	12	12	22	22	12	11	11	12	12	11	12	12	11	12	12	11	11	11	11	22	11	11	11	21	11	11	22	11	21	11	12	21	21	11	21	22	22	11	21	22	12	12	22	11	22	22	12	21	11	12	12	11	11	12	21	22	22	22	21	12	11	11	12	21	12	12	12	11
64	0	29.498	47.493	12	12	22	22	11	22	11	22	12	12	22	21	12	12	11	21	22	22	12	11	12	12	22	22	12	11	11	12	12	11	12	12	11	12	12	11	11	11	11	22	11	11	11	21	11	11	22	11	21	11	12	21	21	11	21	22	22	11	21	22	12	12	22	12	22	22	12	21	11	12	12	11	11	12	21	22	22	22	21	12	11	11	12	21	12	12	12	11
65	0	29.498	47.493	12	12	22	22	11	22	11	22	12	12	22	21	12	12	11	21	22	22	12	11	12	12	22	22	12	11	11	12	12	11	12	12	11	12	12	11	11	11	11	22	11	11	11	21	11	11	22	11	21	11	12	21	21	11	21	22	22	11	21	22	12	12	22	12	22	22	12	21	11	12	12	11	11	12	21	22	22	22	21	12	11	11	12	21	12	12	12	11
66	0	29.498	47.493	12	12	22	22	11	22	11	22	12	12	22	21	12	12	11	21	22	22	12	11	12	12	22	22	12	11	11	12	12	11	12	12	11	12	12	11	11	11	11	22	11	11	11	21	11	11	22	11	21	11	12	21	21	11	21	22	22	11	21	22	12	12	22	12	22	22	12	21	11	12	12	11	11	12	21	22	22	22	21	12	11	11	12	21	12	12	12	11
69	0	29.498	47.493	12	12	22	22	11	22	11	22	12	12	22	21	12	12	11	21	22	22	12	11	12	12	22	22	12	11	11	12	12	11	12	12	11	12	12	11	11	11	11	22	11	11	11	21	11	11	22	11	21	11	12	21	21	11	21	22	22	11	21	22	12	12	22	12	22	22	12	21	11	12	12	11	11	12	21	22	22	22	21	12	11	11	12	21	12	12	12	11
63	0	29.498	49.875	12	12	22	22	11	22	12	22	12	12	22	21	12	12	11	22	22	22	12	11	12	12	22	22	12	11	11	12	12	11	12	12	11	12	12	11	11	11	11	22	11	11	11	21	11	11	22	11	21	11	12	21	21	11	21	22	22	11	21	22	12	12	22	12	22	22	12	21	11	12	12	11	11	12	21	22	22	22	21	12	11	11	12	21	12	12	12	11
62	0	30.675	53.491	12	12	22	22	11	22	12	21	12	12	22	21	12	12	11	22	22	22	12	11	12	12	22	22	12	11	11	12	12	11	12	12	11	22	12	11	11	11	11	22	11	11	11	21	11	11	22	11	21	11	12	21	21	11	21	22	22	11	21	22	12	12	22	12	22	22	12	21	11	12	12	11	11	12	21	21	22	21	21	12	11	11	12	21	12	12	12	11
55	0	30.675	53.491	12	12	22	22	11	22	12	21	12	12	22	21	12	12	11	22	22	22	12	11	12	12	22	22	12	11	11	12	12	11	12	12	11	22	12	11	11	11	11	22	11	11	11	21	11	11	22	11	21	11	12	21	21	11	21	22	22	11	21	22	12	12	22	12	22	22	12	21	11	12	12	11	11	12	21	21	22	21	21	12	11	11	12	21	12	12	12	11
57	0	30.675	53.491	12	12	22	22	11	22	12	21	12	12	22	21	12	12	11	22	22	22	12	11	12	12	22	22	12	11	11	12	12	11	12	12	11	22	12	11	11	11	11	22	11	11	11	21	11	11	22	11	21	11	12	21	21	11	21	22	22	11	21	22	12	12	22	12	22	22	12	21	11	12	12	11	11	12	21	21	22	21	21	12	11	11	12	21	12	12	12	11
59	0	30.675	53.491	12	12	22	22	11	22	12	21	12	12	22	21	12	12	11	22	22	22	12	11	12	12	22	22	12	11	11	12	12	11	12	12	11	22	12	11	11	11	11	22	11	11	11	21	11	11	22	11	21	11	12	21	21	11	21	22	22	11	21	22	12	12	22	12	22	22	12	21	11	12	12	11	11	12	21	21	22	21	21	12	11	11	12	21	12	12	12	11
56	0	30.675	53.491	12	12	22	22	11	22	12	21	12	12	22	21	12	12	11	22	22	22	12	11	12	12	22	22	12	11	11	12	12	11	12	12	11	22	12	11	11	11	11	22	11	11	11	21	11	11	22	11	21	11	12	21	21	11	21	22	22	11	21	22	12	12	22	12	22	22	12	21	11	12	12	11	11	12	21	21	22	21	21	12	11	11	12	21	12	12	12	11
58	0	30.675	53.491	12	12	22	22	11	22	12	21	12	12	22	21	12	12	11	22	22	22	12	11	12	12	22	22	12	11	11	12	12	11	12	12	11	22	12	11	11	11	11	22	11	11	11	21	11	11	22	11	21	11	12	21	21	11	21	22	22	11	21	22	12	12	22	12	22	22	12	21	11	12	12	11	11	12	21	21	22	21	21	12	11	11	12	21	12	12	12	11
54	0	30.675	53.491	12	12	22	22	11	22	12	21	12	12	22	21	12	12	11	22	22	22	12	11	12	12	22	22	12	11	11	12	12	11	12	12	11	22	12	11	11	11	11	22	11	11	11	21	11	11	22	11	21	11	12	21	21	11	21	22	22	11	21	22	12	12	22	12	22	22	12	21	11	12	12	11	11	12	21	21	22	21	21	12	11	11	12	21	12	12	12	11
52	0	30.675	54.667	12	12	22	22	11	22	12	22	12	12	22	21	12	12	11	22	22	22	12	11	12	12	22	22	12	11	11	12	12	11	12	12	11	22	12	11	11	11	11	22	11	11	11	21	11	11	22	11	21	11	12	21	21	11	21	22	22	11	21	22	12	12	22	12	22	22	12	21	11	12	12	11	11	12	21	21	22	21	21	12	11	11	12	21	12	12	12	11
53	0	30.675	54.667	12	12	22	22	11	22	12	22	12	12	22	21	12	12	11	22	22	22	12	11	12	12	22	22	12	11	11	12	12	11	12	12	11	22	12	11	11	11	11	22	11	11	11	21	11	11	22	11	21	11	12	21	21	11	21	22	22	11	21	22	12	12	22	12	22	22	12	21	11	12	12	11	11	12	21	21	22	21	21	12	11	11	12	21	12	12	12	11
50	0	30.675	54.667	12	12	22	22	11	22	12	22	12	12	22	21	12	12	11	22	22	22	12	11	12	12	22	22	12	11	11	12	12	11	12	12	11	22	12	11	11	11	11	22	11	11	11	21	11	11	22	11	21	11	12	21	21	11	21	22	22	11	21	22	12	12	22	12	22	22	12	21	11	12	12	11	11	12	21	21	22	21	21	12	11	11	12	21	12	12	12	11
51	0	30.675	54.667	12	12	22	22	11	22	12	22	12	12	22	21	12	12	11	22	22	22	12	11	12	12	22	22	12	11	11	12	12	11	12	12	11	22	12	11	11	11	11	22	11	11	11	21	11	11	22	11	21	11	12	21	21	11	21	22	22	11	21	22	12	12	22	12	22	22	12	21	11	12	12	11	11	12	21	21	22	21	21	12	11	11	12	21	12	12	12	11
61	0	30.675	55.844	12	12	22	22	11	22	12	22	12	12	22	22	12	12	11	22	22	22	12	11	12	12	22	22	12	11	11	12	12	11	12	12	11	22	12	11	11	11	11	22	11	11	11	21	11	11	22	11	21	11	12	21	21	11	21	22	22	11	21	22	12	12	22	12	22	22	12	21	11	12	12	11	11	12	21	21	22	21	21	12	11	11	12	21	12	12	12	11
60	0	30.675	55.844	12	12	22	22	11	22	12	22	12	12	22	22	12	12	11	22	22	22	12	11	12	12	22	22	12	11	11	12	12	11	12	12	11	22	12	11	11	11	11	22	11	11	11	21	11	11	22	11	21	11	12	21	21	11	21	22	22	11	21	22	12	12	22	12	22	22	12	21	11	12	12	11	11	12	21	21	22	21	21	12	11	11	12	21	12	12	12	11
47	0	31.851	55.844	12	12	22	22	11	22	12	22	12	12	22	22	12	12	11	22	22	22	12	11	12	12	22	22	12	11	11	12	12	11	12	12	11	22	12	11	11	11	11	22	11	11	11	21	11	11	22	11	21	11	12	21	21	11	21	22	22	11	21	22	22	12	22	12	22	22	12	21	11	12	12	11	11	12	21	21	22	21	21	12	11	11	12	21	12	12	12	11
48	0	31.851	55.844	12	12	22	22	11	22	12	22	12	12	22	22	12	12	11	22	22	22	12	11	12	12	22	22	12	11	11	12	12	11	12	12	11	22	12	11	11	11	11	22	11	11	11	21	11	11	22	11	21	11	12	21	21	11	21	22	22	11	21	22	22	12	22	12	22	22	12	21	11	12	12	11	11	12	21	21	22	21	21	12	11	11	12	21	12	12	12	11
46	0	31.851	55.844	12	12	22	22	11	22	12	22	12	12	22	22	12	12	11	22	22	22	12	11	12	12	22	22	12	11	11	12	12	11	12	12	11	22	12	11	11	11	11	22	11	11	11	21	11	11	22	11	21	11	12	21	21	11	21	22	22	11	21	22	22	12	22	12	22	22	12	21	11	12	12	11	11	12	21	21	22	21	21	12	11	11	12	21	12	12	12	11
39	0	34.233	55.844	12	12	22	22	11	22	12	22	12	12	22	12	12	12	11	22	22	22	12	11	12	12	22	22	12	11	11	12	12	11	12	12	11	22	12	11	11	11	11	12	11	11	11	21	11	11	22	11	21	11	12	21	21	11	21	22	22	11	21	22	22	12	22	12	22	22	12	21	11	12	12	11	11	12	21	21	22	21	21	12	11	11	12	21	12	12	12	11
35	0	34.233	55.844	12	12	22	22	11	22	12	22	12	12	22	12	12	12	11	22	22	22	12	11	12	12	22	22	12	11	11	12	12	11	12	12	11	22	12	11	11	11	11	12	11	11	11	21	11	11	22	11	21	11	12	21	21	11	21	22	22	11	21	22	22	12	22	12	22	22	12	21	11	12	12	11	11	12	21	21	22	21	21	12	11	11	12	21	12	12	12	11
37	0	34.233	55.844	12	12	22	22	11	22	12	22	12	12	22	12	12	12	11	22	22	22	12	11	12	12	22	22	12	11	11	12	12	11	12	12	11	22	12	11	11	11	11	12	11	11	11	21	11	11	22	11	21	11	12	21	21	11	21	22	22	11	21	22	22	12	22	12	22	22	12	21	11	12	12	11	11	12	21	21	22	21	21	12	11	11	12	21	12	12	12	11
36	0	34.233	55.844	12	12	22	22	11	22	12	22	12	12	22	12	12	12	11	22	22	22	12	11	12	12	22	22	12	11	11	12	12	11	12	12	11	22	12	11	11	11	11	12	11	11	11	21	11	11	22	11	21	11	12	21	21	11	21	22	22	11	21	22	22	12	22	12	22	22	12	21	11	12	12	11	11	12	21	21	22	21	21	12	11	11	12	21	12	12	12	11
40	0	34.233	55.844	12	12	22	22	11	22	12	22	12	12	22	12	12	12	11	22	22	22	12	11	12	12	22	22	12	11	11	12	12	11	12	12	11	22	12	11	11	11	11	12	11	11	11	21	11	11	22	11	21	11	12	21	21	11	21	22	22	11	21	22	22	12	22	12	22	22	12	21	11	12	12	11	11	12	21	21	22	21	21	12	11	11	12	21	12	12	12	11
38	0	34.233	55.844	12	12	22	22	11	22	12	22	12	12	22	12	12	12	11	22	22	22	12	11	12	12	22	22	12	11	11	12	12	11	12	12	11	22	12	11	11	11	11	12	11	11	11	21	11	11	22	11	21	11	12	21	21	11	21	22	22	11	21	22	22	12	22	12	22	22	12	21	11	12	12	11	11	12	21	21	22	21	21	12	11	11	12	21	12	12	12	11
41	0	34.233	55.844	12	12	22	22	11	22	12	22	12	12	22	12	12	12	11	22	22	22	12	11	12	12	22	22	12	11	11	12	12	11	12	12	11	22	12	11	11	11	11	12	11	11	11	21	11	11	22	11	21	11	12	21	21	11	21	22	22	11	21	22	22	12	22	12	22	22	12	21	11	12	12	11	11	12	21	21	22	21	21	12	11	11	12	21	12	12	12	11
33	0	34.233	55.844	12	12	22	22	11	22	12	22	12	12	22	12	12	12	11	22	22	22	12	11	12	12	22	22	12	11	11	12	12	11	12	12	11	22	12	11	11	11	11	12	11	11	11	21	11	11	22	11	21	11	12	21	21	11	21	22	22	11	21	22	22	12	22	12	22	22	12	21	11	12	12	11	11	12	21	21	22	21	21	12	11	11	12	21	12	12	12	11
45	0	35.409	55.844	12	12	22	22	11	22	12	12	12	12	22	12	12	12	11	22	22	22	12	11	12	12	22	22	12	11	11	12	12	11	12	12	11	22	12	11	11	11	11	12	11	11	11	21	11	11	22	11	21	11	12	21	21	11	21	22	22	11	21	22	22	12	22	12	22	22	12	21	11	12	12	11	11	12	21	21	22	21	21	12	11	11	12	21	12	12	12	11
43	0	35.409	55.844	12	12	22	22	11	22	12	12	12	12	22	12	12	12	11	22	22	22	12	11	12	12	22	22	12	11	11	12	12	11	12	12	11	22	12	11	11	11	11	12	11	11	11	21	11	11	22	11	21	11	12	21	21	11	21	22	22	11	21	22	22	12	22	12	22	22	12	21	11	12	12	11	11	12	21	21	22	21	21	12	11	11	12	21	12	12	12	11
49	0	35.409	55.844	12	12	22	22	11	22	12	12	12	12	22	12	12	12	11	22	22	22	12	11	12	12	22	22	12	11	11	12	12	11	12	12	11	22	12	11	11	11	11	12	11	11	11	21	11	11	22	11	21	11	12	21	21	11	21	22	22	11	21	22	22	12	22	12	22	22	12	21	11	12	12	11	11	12	21	21	22	21	21	12	11	11	12	21	12	12	12	11
42	0	35.409	55.844	12	12	22	22	11	22	12	12	12	12	22	12	12	12	11	22	22	22	12	11	12	12	22	22	12	11	11	12	12	11	12	12	11	22	12	11	11	11	11	12	11	11	11	21	11	11	22	11	21	11	12	21	21	11	21	22	22	11	21	22	22	12	22	12	22	22	12	21	11	12	12	11	11	12	21	21	22	21	21	12	11	11	12	21	12	12	12	11
34	0	35.409	55.844	12	12	22	22	11	22	12	12	12	12	22	12	12	12	11	22	22	22	12	11	12	12	22	22	12	11	11	12	12	11	12	12	11	22	12	11	11	11	11	12	11	11	11	21	11	11	22	11	21	11	12	21	21	11	21	22	22	11	21	22	22	12	22	12	22	22	12	21	11	12	12	11	11	12	21	21	22	21	21	12	11	11	12	21	12	12	12	11
44	0	35.409	55.844	12	12	22	22	11	22	12	12	12	12	22	12	12	12	11	22	22	22	12	11	12	12	22	22	12	11	11	12	12	11	12	12	11	22	12	11	11	11	11	12	11	11	11	21	11	11	22	11	21	11	12	21	21	11	21	22	22	11	21	22	22	12	22	12	22	22	12	21	11	12	12	11	11	12	21	21	22	21	21	12	11	11	12	21	12	12	12	11
31	0	35.409	57.020	12	12	22	22	11	22	12	12	12	12	22	12	12	12	11	22	22	22	12	11	12	12	22	22	12	11	11	12	12	11	12	12	11	22	12	11	11	11	11	12	11	11	11	21	11	11	22	11	22	11	12	21	21	11	21	22	22	11	21	22	22	12	22	12	22	22	12	21	11	12	12	11	11	12	21	21	22	21	21	12	11	11	12	21	12	12	12	11
32	0	35.409	57.020	12	12	22	22	11	22	12	12	12	12	22	12	12	12	11	22	22	22	12	11	12	12	22	22	12	11	11	12	12	11	12	12	11	22	12	11	11	11	11	12	11	11	11	21	11	11	22	11	22	11	12	21	21	11	21	22	22	11	21	22	22	12	22	12	22	22	12	21	11	12	12	11	11	12	21	21	22	21	21	12	11	11	12	21	12	12	12	11
30	0	35.409	57.020	12	12	22	22	11	22	12	12	12	12	22	12	12	12	11	22	22	22	12	11	12	12	22	22	12	11	11	12	12	11	12	12	11	22	12	11	11	11	11	12	11	11	11	21	11	11	22	11	22	11	12	21	21	11	21	22	22	11	21	22	22	12	22	12	22	22	12	21	11	12	12	11	11	12	21	21	22	21	21	12	11	11	12	21	12	12	12	11
29	0	35.409	57.020	12	12	22	22	11	22	12	12	12	12	22	12	12	12	11	22	22	22	12	11	12	12	22	22	12	11	11	12	12	11	12	12	11	22	12	11	11	11	11	12	11	11	11	21	11	11	22	11	22	11	12	21	21	11	21	22	22	11	21	22	22	12	22	12	22	22	12	21	11	12	12	11	11	12	21	21	22	21	21	12	11	11	12	21	12	12	12	11
28	0	37.791	57.020	12	12	22	22	11	22	12	22	12	12	22	12	12	12	11	22	22	22	12	11	12	12	22	22	12	11	11	12	12	11	12	12	11	22	12	11	11	11	11	12	11	11	11	21	11	11	22	11	22	11	12	21	21	11	21	22	22	11	21	22	22	12	22	12	22	22	12	11	11	12	12	11	11	12	21	21	22	21	21	12	11	11	12	21	12	12	12	11
25	0	38.967	58.197	12	12	22	22	11	22	12	22	12	12	22	12	12	12	11	12	22	22	12	11	12	12	22	22	12	11	11	12	12	11	12	12	11	22	12	11	11	11	11	12	11	11	11	21	11	11	22	11	22	11	12	21	21	11	21	22	22	11	21	22	22	12	22	12	22	22	12	11	11	12	12	11	11	12	21	21	22	21	21	12	11	11	12	21	12	12	12	12
26	0	38.967	59.373	12	12	22	22	11	22	12	22	12	12	22	12	12	12	11	12	22	21	12	11	12	12	22	22	12	11	11	12	12	11	12	12	11	22	12	11	11	11	11	12	11	11	11	21	11	11	22	11	22	11	12	21	21	11	21	22	22	11	21	22	22	12	22	12	22	22	12	11	11	12	12	11	11	12	21	21	22	21	21	12	11	11	12	21	12	12	12	12
27	0	38.967	59.373	12	12	22	22	11	22	12	22	12	12	22	12	12	12	11	12	22	21	12	11	12	12	22	22	12	11	11	12	12	11	12	12	11	22	12	11	11	11	11	12	11	11	11	21	11	11	22	11	22	11	12	21	21	11	21	22	22	11	21	22	22	12	22	12	22	22	12	11	11	12	12	11	11	12	21	21	22	21	21	12	11	11	12	21	12	12	12	12
18	0	38.967	62.989	12	12	21	21	11	22	12	22	12	12	22	12	12	12	11	12	22	21	12	12	12	12	22	22	12	11	11	12	12	11	12	12	11	22	12	11	11	11	11	12	11	11	11	21	11	11	22	11	22	11	12	21	21	11	21	22	22	11	21	22	22	12	22	12	22	22	12	11	11	12	12	11	11	12	21	21	22	21	21	12	11	11	12	21	12	12	12	12
20	0	40.144	62.989	12	12	21	21	11	22	12	22	12	12	22	12	12	12	11	12	22	21	12	12	12	12	22	22	12	11	11	12	12	11	12	12	11	22	12	11	11	11	11	12	11	11	11	11	11	11	22	11	22	11	12	21	21	11	21	22	22	11	21	22	22	12	22	12	22	22	12	11	11	12	12	11	11	12	21	21	22	21	21	12	11	11	12	21	12	12	12	12
24	0	40.144	62.989	12	12	21	21	11	22	12	22	12	12	22	12	12	12	11	12	22	21	12	12	12	12	22	22	12	11	11	12	12	11	12	12	11	22	12	11	11	11	11	12	11	11	11	11	11	11	22	11	22	11	12	21	21	11	21	22	22	11	21	22	22	12	22	12	22	22	12	11	11	12	12	11	11	12	21	21	22	21	21	12	11	11	12	21	12	12	12	12
19	0	40.144	62.989	12	12	21	21	11	22	12	22	12	12	22	12	12	12	11	12	22	21	12	12	12	12	22	22	12	11	11	12	12	11	12	12	11	22	12	11	11	11	11	12	11	11	11	11	11	11	22	11	22	11	12	21	21	11	21	22	22	11	21	22	22	12	22	12	22	22	12	11	11	12	12	11	11	12	21	21	22	21	21	12	11	11	12	21	12	12	12	12
22	0	40.144	62.989	12	12	21	21	11	22	12	22	12	12	22	12	12	12	11	12	22	21	12	12	12	12	22	22	12	11	11	12	12	11	12	12	11	22	12	11	11	11	11	12	11	11	11	11	11	11	22	11	22	11	12	21	21	11	21	22	22	11	21	22	22	12	22	12	22	22	12	11	11	12	12	11	11	12	21	21	22	21	21	12	11	11	12	21	12	12	12	12
23	0	40.144	62.989	12	12	21	21	11	22	12	22	12	12	22	12	12	12	11	12	22	21	12	12	12	12	22	22	12	11	11	12	12	11	12	12	11	22	12	11	11	11	11	12	11	11	11	11	11	11	22	11	22	11	12	21	21	11	21	22	22	11	21	22	22	12	22	12	22	22	12	11	11	12	12	11	11	12	21	21	22	21	21	12	11	11	12	21	12	12	12	12
21	0	40.144	62.989	12	12	21	21	11	22	12	22	12	12	22	12	12	12	11	12	22	21	12	12	12	12	22	22	12	11	11	12	12	11	12	12	11	22	12	11	11	11	11	12	11	11	11	11	11	11	22	11	22	11	12	21	21	11	21	22	22	11	21	22	22	12	22	12	22	22	12	11	11	12	12	11	11	12	21	21	22	21	21	12	11	11	12	21	12	12	12	12
17	0	40.144	64.166	12	12	21	21	11	22	12	22	12	12	22	12	12	12	11	12	22	21	12	12	12	12	22	22	12	11	11	12	12	11	12	12	11	22	12	11	11	11	11	12	11	11	11	12	11	11	22	11	22	11	12	21	21	11	21	22	22	11	21	22	22	12	22	12	22	22	12	11	11	12	12	11	11	12	21	21	22	21	21	12	11	11	12	21	12	12	12	12
16	0	40.144	66.547	12	12	21	21	11	22	12	22	12	12	22	12	12	12	11	12	22	21	12	12	12	12	22	22	12	11	11	12	11	11	12	12	11	22	12	11	11	11	11	12	11	11	11	12	11	12	22	11	22	11	12	21	21	11	21	22	22	11	21	22	22	12	22	12	22	22	12	11	11	12	12	11	11	12	21	21	22	21	21	12	11	11	12	21	12	12	12	12
15	0	40.144	66.547	12	12	21	21	11	22	12	22	12	12	22	12	12	12	11	12	22	21	12	12	12	12	22	22	12	11	11	12	11	11	12	12	11	22	12	11	11	11	11	12	11	11	11	12	11	12	22	11	22	11	12	21	21	11	21	22	22	11	21	22	22	12	22	12	22	22	12	11	11	12	12	11	11	12	21	21	22	21	21	12	11	11	12	21	12	12	12	12
14	0	40.144	67.724	12	12	21	21	11	22	12	22	12	12	22	12	12	12	11	12	22	21	12	12	12	12	22	22	12	11	11	12	11	11	12	12	11	22	12	12	11	11	11	12	11	11	11	12	11	12	22	11	22	11	12	21	21	11	21	22	22	11	21	22	22	12	22	12	22	22	12	11	11	12	12	11	11	12	21	21	22	21	21	12	11	11	12	21	12	12	12	12
13	0	40.144	71.340	12	12	21	21	11	22	12	22	12	12	22	12	12	12	11	12	22	21	12	12	12	12	22	22	12	11	11	12	11	11	12	12	12	22	12	12	11	12	11	12	11	11	11	12	11	12	22	11	22	11	11	21	21	11	21	22	22	11	21	22	22	12	22	12	22	22	12	11	11	12	12	11	11	12	21	21	22	21	21	12	11	11	12	21	12	12	12	12
12	0	41.320	73.721	12	12	21	21	11	22	12	22	12	12	22	12	11	12	11	12	22	21	12	12	12	12	22	22	12	11	11	12	11	11	12	12	12	22	12	12	11	12	11	12	11	11	11	12	11	22	22	11	22	11	11	21	21	11	21	22	22	11	21	22	22	12	22	12	22	22	12	11	11	12	12	11	12	12	21	21	22	21	21	12	11	11	12	21	12	12	12	12
1	0	42.497	74.898	12	12	21	21	11	22	12	22	12	12	22	12	11	12	11	12	22	21	12	12	12	12	22	22	12	11	11	12	11	11	12	12	12	22	12	12	11	12	11	12	11	11	11	12	11	22	22	11	22	12	11	21	21	11	21	22	22	11	21	22	22	22	22	12	22	22	12	11	11	12	12	11	12	12	21	21	22	21	21	12	11	11	12	21	12	12	12	12
5	0	42.497	74.898	12	12	21	21	11	22	12	22	12	12	22	12	11	12	11	12	22	21	12	12	12	12	22	22	12	11	11	12	11	11	12	12	12	22	12	12	11	12	11	12	11	11	11	12	11	22	22	11	22	12	11	21	21	11	21	22	22	11	21	22	22	22	22	12	22	22	12	11	11	12	12	11	12	12	21	21	22	21	21	12	11	11	12	21	12	12	12	12
8	0	42.497	74.898	12	12	21	21	11	22	12	22	12	12	22	12	11	12	11	12	22	21	12	12	12	12	22	22	12	11	11	12	11	11	12	12	12	22	12	12	11	12	11	12	11	11	11	12	11	22	22	11	22	12	11	21	21	11	21	22	22	11	21	22	22	22	22	12	22	22	12	11	11	12	12	11	12	12	21	21	22	21	21	12	11	11	12	21	12	12	12	12
2	0	42.497	74.898	12	12	21	21	11	22	12	22	12	12	22	12	11	12	11	12	22	21	12	12	12	12	22	22	12	11	11	12	11	11	12	12	12	22	12	12	11	12	11	12	11	11	11	12	11	22	22	11	22	12	11	21	21	11	21	22	22	11	21	22	22	22	22	12	22	22	12	11	11	12	12	11	12	12	21	21	22	21	21	12	11	11	12	21	12	12	12	12
9	0	42.497	74.898	12	12	21	21	11	22	12	22	12	12	22	12	11	12	11	12	22	21	12	12	12	12	22	22	12	11	11	12	11	11	12	12	12	22	12	12	11	12	11	12	11	11	11	12	11	22	22	11	22	12	11	21	21	11	21	22	22	11	21	22	22	22	22	12	22	22	12	11	11	12	12	11	12	12	21	21	22	21	21	12	11	11	12	21	12	12	12	12
10	0	42.497	74.898	12	12	21	21	11	22	12	22	12	12	22	12	11	12	11	12	22	21	12	12	12	12	22	22	12	11	11	12	11	11	12	12	12	22	12	12	11	12	11	12	11	11	11	12	11	22	22	11	22	12	11	21	21	11	21	22	22	11	21	22	22	22	22	12	22	22	12	11	11	12	12	11	12	12	21	21	22	21	21	12	11	11	12	21	12	12	12	12
4	0	42.497	74.898	12	12	21	21	11	22	12	22	12	12	22	12	11	12	11	12	22	21	12	12	12	12	22	22	12	11	11	12	11	11	12	12	12	22	12	12	11	12	11	12	11	11	11	12	11	22	22	11	22	12	11	21	21	11	21	22	22	11	21	22	22	22	22	12	22	22	12	11	11	12	12	11	12	12	21	21	22	21	21	12	11	11	12	21	12	12	12	12
7	0	42.497	74.898	12	12	21	21	11	22	12	22	12	12	22	12	11	12	11	12	22	21	12	12	12	12	22	22	12	11	11	12	11	11	12	12	12	22	12	12	11	12	11	12	11	11	11	12	11	22	22	11	22	12	11	21	21	11	21	22	22	11	21	22	22	22	22	12	22	22	12	11	11	12	12	11	12	12	21	21	22	21	21	12	11	11	12	21	12	12	12	12
6	0	42.497	74.898	12	12	21	21	11	22	12	22	12	12	22	12	11	12	11	12	22	21	12	12	12	12	22	22	12	11	11	12	11	11	12	12	12	22	12	12	11	12	11	12	11	11	11	12	11	22	22	11	22	12	11	21	21	11	21	22	22	11	21	22	22	22	22	12	22	22	12	11	11	12	12	11	12	12	21	21	22	21	21	12	11	11	12	21	12	12	12	12
3	0	42.497	74.898	12	12	21	21	11	22	12	22	12	12	22	12	11	12	11	12	22	21	12	12	12	12	22	22	12	11	11	12	11	11	12	12	12	22	12	12	11	12	11	12	11	11	11	12	11	22	22	11	22	12	11	21	21	11	21	22	22	11	21	22	22	22	22	12	22	22	12	11	11	12	12	11	12	12	21	21	22	21	21	12	11	11	12	21	12	12	12	12
11	0	42.497	76.074	12	12	21	21	11	22	12	22	12	12	22	12	11	12	11	12	22	21	12	12	12	12	22	22	11	11	11	12	11	11	12	12	12	22	12	12	11	12	11	12	11	11	11	12	11	22	22	11	22	12	11	21	21	11	21	22	22	11	21	22	22	22	22	12	22	22	12	11	11	12	12	11	12	12	21	21	22	21	21	12	11	11	12	21	12	12	12	12
