#java OrderMarkers2 data=data_fil.call map=map.txt scale=2M/N randSeed=-4504733119327189063
#*** LG = 1 likelihood = -2226.4659
#marker_number	male_position	female_position	( 0.0 )[	phased data]
183	0.000	0.000	( 0 )	1101010111000111111011000100000001000100010110100110111011111111010000011111100001001111110011101010110001111100101100100001011010100011111011100010010101010011111001111000 0 0
185	0.000	0.000	( 0 )	1101010111000111111011000100000001000100010110100110111011111111010000011111100001001111110011101010110001111100101100100001011010100011111011100010010101010011111001111000 0 0
182	0.000	0.000	( 0 )	1101010111000111111011000100000001000100010110100110111011111111010000011111100001001111110011101010110001111100101100100001011010100011111011100010010101010011111001111000 0 0
181	0.000	0.000	( 0 )	1101010111000111111011000100000001000100010110100110111011111111010000011111100001001111110011101010110001111100101100100001011010100011111011100010010101010011111001111000 0 0
184	0.000	0.000	( 0 )	1101010111000111111011000100000001000100010110100110111011111111010000011111100001001111110011101010110001111100101100100001011010100011111011100010010101010011111001111000 0 0
189	2.381	4.882	( 0 )	1101010111000111111011000100000001000100010110100110111011111111010010001111100001001111110011101010110001111100101100100000010010100010111011100010010101010011111001111100 2 4
180	2.381	4.882	( 0 )	1101010111000111111011000100000001000100010110100110111011111111010010001111100001001111110011101010110001111100101100100000010010100010111011100010010101010011111001111100 0 0
190	2.381	4.882	( 0 )	1101010111000111111011000100000001000100010110100110111011111111010010001111100001001111110011101010110001111100101100100000010010100010111011100010010101010011111001111100 0 0
179	2.381	4.882	( 0 )	1101010111000111111011000100000001000100010110100110111011111111010010001111100001001111110011101010110001111100101100100000010010100010111011100010010101010011111001111100 0 0
186	2.381	6.058	( 0 )	1101010111000111111011000100000001000100010110100110111011111111010010001111100001001111110111101010110001111100101100100000010010100010111011100010010101010011111001111100 0 1
188	2.381	6.058	( 0 )	1101010111000111111011000100000001000100010110100110111011111111010010001111100001001111110111101010110001111100101100100000010010100010111011100010010101010011111001111100 0 0
191	2.381	6.058	( 0 )	1101010111000111111011000100000001000100010110100110111011111111010010001111100001001111110111101010110001111100101100100000010010100010111011100010010101010011111001111100 0 0
187	2.381	6.058	( 0 )	1101010111000111111011000100000001000100010110100110111011111111010010001111100001001111110111101010110001111100101100100000010010100010111011100010010101010011111001111100 0 0
175	3.558	6.058	( 0 )	1101010111000111111011000100000001000100010110100110111011111111010010001111100001000111110111101010110001111100101100100000010010100010111011100010010101010011111001111100 1 0
176	3.558	6.058	( 0 )	1101010111000111111011000100000001000100010110100110111011111111010010001111100001000111110111101010110001111100101100100000010010100010111011100010010101010011111001111100 0 0
177	3.558	6.058	( 0 )	1101010111000111111011000100000001000100010110100110111011111111010010001111100001000111110111101010110001111100101100100000010010100010111011100010010101010011111001111100 0 0
178	3.558	7.235	( 0 )	1101010111000111111011000100000001000100010110100110111011111111010010001111100001000111110111101010110001111100101100100000010010100010111011100010110101010011111001111100 0 1
172	3.558	9.616	( 0 )	1101010111000111111011000100000001000100010110100110111011111111010010001111100001000111110111101010110001111100101100100000010010100010111111100010110101010011111000111100 0 2
171	3.558	9.616	( 0 )	1101010111000111111011000100000001000100010110100110111011111111010010001111100001000111110111101010110001111100101100100000010010100010111111100010110101010011111000111100 0 0
173	3.558	9.616	( 0 )	1101010111000111111011000100000001000100010110100110111011111111010010001111100001000111110111101010110001111100101100100000010010100010111111100010110101010011111000111100 0 0
169	3.558	9.616	( 0 )	1101010111000111111011000100000001000100010110100110111011111111010010001111100001000111110111101010110001111100101100100000010010100010111111100010110101010011111000111100 0 0
174	3.558	9.616	( 0 )	1101010111000111111011000100000001000100010110100110111011111111010010001111100001000111110111101010110001111100101100100000010010100010111111100010110101010011111000111100 0 0
170	3.558	9.616	( 0 )	1101010111000111111011000100000001000100010110100110111011111111010010001111100001000111110111101010110001111100101100100000010010100010111111100010110101010011111000111100 0 0
168	3.558	10.793	( 0 )	1101010111000111111011000100000001000100010110100110111011111111010010001111100001000111110111101010110001111101101100100000010010100010111111100010110101010011111000111100 0 1
166	3.558	11.969	( 0 )	1101010111000111111011000100000001000100010110100110111011111111010010001111100001000111010111101010110001111101101100100000010010100010111111100010110101010011111000111100 0 1
167	3.558	13.146	( 0 )	1101010111000111111011000100000001000100010110100110111011111111010010001111100001000111010111101110110001111101101100100000010010100010111111100010110101010011111000111100 0 1
164	3.558	14.322	( 0 )	1101010111000111111011000100000001000100010110100110111011111111010010001111100001000111010111101100110001111101101100100000010010100010111111100010110101010011111000111100 0 1
165	3.558	14.322	( 0 )	1101010111000111111011000100000001000100010110100110111011111111010010001111100001000111010111101100110001111101101100100000010010100010111111100010110101010011111000111100 0 0
151	4.734	14.322	( 0 )	1101010111000111011011000100000001000100010110100110111011111111010010001111100001000111010111101100110001111101101100100000010010100010111111100010110101010011111000111100 1 0
152	4.734	14.322	( 0 )	1101010111000111011011000100000001000100010110100110111011111111010010001111100001000111010111101100110001111101101100100000010010100010111111100010110101010011111000111100 0 0
159	7.116	14.322	( 0 )	1101010011000111010011000100000001000100010110100110111011111111010010001111100001000111010111101100110001111101101100100000010010100010111111100010110101010011111000111100 2 0
161	7.116	14.322	( 0 )	1101010011000111010011000100000001000100010110100110111011111111010010001111100001000111010111101100110001111101101100100000010010100010111111100010110101010011111000111100 0 0
163	7.116	14.322	( 0 )	1101010011000111010011000100000001000100010110100110111011111111010010001111100001000111010111101100110001111101101100100000010010100010111111100010110101010011111000111100 0 0
158	7.116	14.322	( 0 )	1101010011000111010011000100000001000100010110100110111011111111010010001111100001000111010111101100110001111101101100100000010010100010111111100010110101010011111000111100 0 0
162	7.116	14.322	( 0 )	1101010011000111010011000100000001000100010110100110111011111111010010001111100001000111010111101100110001111101101100100000010010100010111111100010110101010011111000111100 0 0
156	7.116	15.499	( 0 )	1101010011000111010011000100000001000100010110100110111011111111010010001111100001000111010111101100110001111101101100100000010010100010111111100010111101010011111000111100 0 1
157	7.116	15.499	( 0 )	1101010011000111010011000100000001000100010110100110111011111111010010001111100001000111010111101100110001111101101100100000010010100010111111100010111101010011111000111100 0 0
155	7.116	15.499	( 0 )	1101010011000111010011000100000001000100010110100110111011111111010010001111100001000111010111101100110001111101101100100000010010100010111111100010111101010011111000111100 0 0
153	8.292	15.499	( 0 )	1101010111000111010011000100000001000100010110100110111011111111010010001111100001000111010111101100110001111101101100100000010010100010111111100010111101010011111000111100 1 0
154	8.292	15.499	( 0 )	1101010111000111010011000100000001000100010110100110111011111111010010001111100001000111010111101100110001111101101100100000010010100010111111100010111101010011111000111100 0 0
160	8.292	15.499	( 0 )	1101010111000111010011000100000001000100010110100110111011111111010010001111100001000111010111101100110001111101101100100000010010100010111111100010111101010011111000111100 0 0
150	8.292	15.499	( 0 )	1101010111000111010011000100000001000100010110100110111011111111010010001111100001000111010111101100110001111101101100100000010010100010111111100010111101010011111000111100 0 0
148	8.292	17.880	( 0 )	1101010111000111010011000100000001000100010110100110111011111111010010001111100001000111010111101100110001111001101100100000010010100010011111100010111101010011111000111100 0 2
149	8.292	17.880	( 0 )	1101010111000111010011000100000001000100010110100110111011111111010010001111100001000111010111101100110001111001101100100000010010100010011111100010111101010011111000111100 0 0
145	9.469	17.880	( 0 )	1101010111000111010011000100000001000100010110100110111011011111010010001111100001000111010111101100110001111001101100100000010010100010011111100010111101010011111000111100 1 0
147	9.469	17.880	( 0 )	1101010111000111010011000100000001000100010110100110111011011111010010001111100001000111010111101100110001111001101100100000010010100010011111100010111101010011111000111100 0 0
146	9.469	17.880	( 0 )	1101010111000111010011000100000001000100010110100110111011011111010010001111100001000111010111101100110001111001101100100000010010100010011111100010111101010011111000111100 0 0
135	9.469	19.057	( 0 )	1101010111000111010011000100000001000100010110100110111011011111010010001111100001000111010111101100110001111001101101100000010010100010011111100010111101010011111000111100 0 1
139	9.469	19.057	( 0 )	1101010111000111010011000100000001000100010110100110111011011111010010001111100001000111010111101100110001111001101101100000010010100010011111100010111101010011111000111100 0 0
138	9.469	19.057	( 0 )	1101010111000111010011000100000001000100010110100110111011011111010010001111100001000111010111101100110001111001101101100000010010100010011111100010111101010011111000111100 0 0
131	9.469	19.057	( 0 )	1101010111000111010011000100000001000100010110100110111011011111010010001111100001000111010111101100110001111001101101100000010010100010011111100010111101010011111000111100 0 0
144	9.469	19.057	( 0 )	1101010111000111010011000100000001000100010110100110111011011111010010001111100001000111010111101100110001111001101101100000010010100010011111100010111101010011111000111100 0 0
142	9.469	19.057	( 0 )	1101010111000111010011000100000001000100010110100110111011011111010010001111100001000111010111101100110001111001101101100000010010100010011111100010111101010011111000111100 0 0
143	10.645	19.057	( 0 )	1101010011000111010011000100000001000100010110100110111011011111010010001111100001000111010111101100110001111001101101100000010010100010011111100010111101010011111000111100 1 0
134	10.645	19.057	( 0 )	1101010011000111010011000100000001000100010110100110111011011111010010001111100001000111010111101100110001111001101101100000010010100010011111100010111101010011111000111100 0 0
132	10.645	19.057	( 0 )	1101010011000111010011000100000001000100010110100110111011011111010010001111100001000111010111101100110001111001101101100000010010100010011111100010111101010011111000111100 0 0
133	10.645	19.057	( 0 )	1101010011000111010011000100000001000100010110100110111011011111010010001111100001000111010111101100110001111001101101100000010010100010011111100010111101010011111000111100 0 0
130	10.645	19.057	( 0 )	1101010011000111010011000100000001000100010110100110111011011111010010001111100001000111010111101100110001111001101101100000010010100010011111100010111101010011111000111100 0 0
140	11.822	19.057	( 0 )	1101010011000111010011000100000001000100010110100110111011011111010010001111110001000111010111101100110001111001101101100000010010100010011111100010111101010011111000111100 1 0
136	11.822	19.057	( 0 )	1101010011000111010011000100000001000100010110100110111011011111010010001111110001000111010111101100110001111001101101100000010010100010011111100010111101010011111000111100 0 0
137	11.822	19.057	( 0 )	1101010011000111010011000100000001000100010110100110111011011111010010001111110001000111010111101100110001111001101101100000010010100010011111100010111101010011111000111100 0 0
141	12.998	19.057	( 0 )	1101010011000111010011000100000001000100010110100110111011001111010010001111110001000111010111101100110001111001101101100000010010100010011111100010111101010011111000111100 1 0
129	14.175	21.438	( 0 )	1101010011000111010011000100000001000100010010100110111011001111010010001111110001000111010111101100110001111001101101100000000000100010011111100010111101010011111000111100 1 2
115	14.175	21.438	( 0 )	1101010011000111010011000100000001000100010010100110111011001111010010001111110001000111010111101100110001111001101101100000000000100010011111100010111101010011111000111100 0 0
116	14.175	21.438	( 0 )	1101010011000111010011000100000001000100010010100110111011001111010010001111110001000111010111101100110001111001101101100000000000100010011111100010111101010011111000111100 0 0
122	16.556	22.615	( 0 )	1101010011000111010011000100000001000100010010100110111011001101010010001111100001000111010110101100110001111001101101100000000000100010011111100010111101010011111000111100 2 1
120	16.556	22.615	( 0 )	1101010011000111010011000100000001000100010010100110111011001101010010001111100001000111010110101100110001111001101101100000000000100010011111100010111101010011111000111100 0 0
119	16.556	22.615	( 0 )	1101010011000111010011000100000001000100010010100110111011001101010010001111100001000111010110101100110001111001101101100000000000100010011111100010111101010011111000111100 0 0
121	16.556	22.615	( 0 )	1101010011000111010011000100000001000100010010100110111011001101010010001111100001000111010110101100110001111001101101100000000000100010011111100010111101010011111000111100 0 0
118	16.556	22.615	( 0 )	1101010011000111010011000100000001000100010010100110111011001101010010001111100001000111010110101100110001111001101101100000000000100010011111100010111101010011111000111100 0 0
123	17.733	22.615	( 0 )	1101010111000111010011000100000001000100010010100110111011001101010010001111100001000111010110101100110001111001101101100000000000100010011111100010111101010011111000111100 1 0
117	18.909	22.615	( 0 )	1101010111000111010011000100000001000100010010100110111011001111010010001111100001000111010110101100110001111001101101100000000000100010011111100010111101010011111000111100 1 0
126	20.086	22.615	( 0 )	1101010111000111010011000100000001000100010010100110111011001111010000001111100001000111010110101100110001111001101101100000000000100010011111100010111101010011111000111100 1 0
128	20.086	22.615	( 0 )	1101010111000111010011000100000001000100010010100110111011001111010000001111100001000111010110101100110001111001101101100000000000100010011111100010111101010011111000111100 0 0
127	20.086	22.615	( 0 )	1101010111000111010011000100000001000100010010100110111011001111010000001111100001000111010110101100110001111001101101100000000000100010011111100010111101010011111000111100 0 0
124	20.086	22.615	( 0 )	1101010111000111010011000100000001000100010010100110111011001111010000001111100001000111010110101100110001111001101101100000000000100010011111100010111101010011111000111100 0 0
125	20.086	22.615	( 0 )	1101010111000111010011000100000001000100010010100110111011001111010000001111100001000111010110101100110001111001101101100000000000100010011111100010111101010011111000111100 0 0
110	20.086	24.996	( 0 )	1101010111000111010011000100000001000100010010100110111011001111010000001111100001000111010110101100110001111001101101100000000000100010011111100010111101000011111000111110 0 2
108	20.086	24.996	( 0 )	1101010111000111010011000100000001000100010010100110111011001111010000001111100001000111010110101100110001111001101101100000000000100010011111100010111101000011111000111110 0 0
111	20.086	24.996	( 0 )	1101010111000111010011000100000001000100010010100110111011001111010000001111100001000111010110101100110001111001101101100000000000100010011111100010111101000011111000111110 0 0
113	20.086	26.173	( 0 )	1101010111000111010011000100000001000100010010100110111011001111010000001111100001000111010110101100110001111001101101100000000000100010011111100010111101100011111000111110 0 1
114	20.086	26.173	( 0 )	1101010111000111010011000100000001000100010010100110111011001111010000001111100001000111010110101100110001111001101101100000000000100010011111100010111101100011111000111110 0 0
112	20.086	26.173	( 0 )	1101010111000111010011000100000001000100010010100110111011001111010000001111100001000111010110101100110001111001101101100000000000100010011111100010111101100011111000111110 0 0
109	21.263	26.173	( 0 )	1101000111000111010011000100000001000100010010100110111011001111010000001111100001000111010110101100110001111001101101100000000000100010011111100010111101100011111000111110 1 0
107	21.263	27.349	( 0 )	1101000111000111010011000100000001000100010010100110111011001111010000001111100001000111010110101100110001111001101101100000000000100010011110100010111101100011111000111110 0 1
105	22.439	30.965	( 0 )	1101000111000111010011000000000001000100010010100110111011001111010000001111100001000111010110101100111011111001101101100000000000100010011110100010111001100011111000111110 1 3
104	22.439	30.965	( 0 )	1101000111000111010011000000000001000100010010100110111011001111010000001111100001000111010110101100111011111001101101100000000000100010011110100010111001100011111000111110 0 0
106	22.439	30.965	( 0 )	1101000111000111010011000000000001000100010010100110111011001111010000001111100001000111010110101100111011111001101101100000000000100010011110100010111001100011111000111110 0 0
103	22.439	32.142	( 0 )	1101000111000111010011000000000001000100010010100110111011001111010000001111100001000111010110101100111011111001101101100000000000100010011110000010111001100011111000111110 0 1
99	23.616	32.142	( 0 )	1101000111000111000011000000000001000100010010100110111011001111010000001111100001000111010110101100111011111001101101100000000000100010011110000010111001100011111000111110 1 0
100	23.616	32.142	( 0 )	1101000111000111000011000000000001000100010010100110111011001111010000001111100001000111010110101100111011111001101101100000000000100010011110000010111001100011111000111110 0 0
98	23.616	32.142	( 0 )	1101000111000111000011000000000001000100010010100110111011001111010000001111100001000111010110101100111011111001101101100000000000100010011110000010111001100011111000111110 0 0
101	23.616	32.142	( 0 )	1101000111000111000011000000000001000100010010100110111011001111010000001111100001000111010110101100111011111001101101100000000000100010011110000010111001100011111000111110 0 0
102	23.616	32.142	( 0 )	1101000111000111000011000000000001000100010010100110111011001111010000001111100001000111010110101100111011111001101101100000000000100010011110000010111001100011111000111110 0 0
95	23.616	33.318	( 0 )	1101000111000111000011000000000001000100010010100110111011001111010000001111100001000111010110101100111011111001101101100000000000100010011110000010111001100011110000111110 0 1
96	23.616	33.318	( 0 )	1101000111000111000011000000000001000100010010100110111011001111010000001111100001000111010110101100111011111001101101100000000000100010011110000010111001100011110000111110 0 0
97	23.616	33.318	( 0 )	1101000111000111000011000000000001000100010010100110111011001111010000001111100001000111010110101100111011111001101101100000000000100010011110000010111001100011110000111110 0 0
94	23.616	34.495	( 0 )	1101000111000111000011000000000001000100010010100110111011001111010000001111100001000111010110101100111011111001101101100000000000100010011110001010111001100011110000111110 0 1
92	23.616	35.671	( 0 )	1101000111000111000011000000000001000100010010100110111011001111010000001111100001000111010110101100111011111001101101100000000000100010001110001010111001100011110000111110 0 1
93	23.616	35.671	( 0 )	1101000111000111000011000000000001000100010010100110111011001111010000001111100001000111010110101100111011111001101101100000000000100010001110001010111001100011110000111110 0 0
91	23.616	36.848	( 0 )	1101000111000111000011000000000001000100010010100110111011001111010000001111100001000111010110101100111011111001101101100000000000100010001110001110111001100011110000111110 0 1
87	23.616	38.024	( 0 )	1101000111000111000011000000000001000100010010100110111011001111010000001111100001000111010110101100111011111001101101100000000000100010001110001110111001100001110000111110 0 1
85	23.616	38.024	( 0 )	1101000111000111000011000000000001000100010010100110111011001111010000001111100001000111010110101100111011111001101101100000000000100010001110001110111001100001110000111110 0 0
88	23.616	38.024	( 0 )	1101000111000111000011000000000001000100010010100110111011001111010000001111100001000111010110101100111011111001101101100000000000100010001110001110111001100001110000111110 0 0
84	23.616	38.024	( 0 )	1101000111000111000011000000000001000100010010100110111011001111010000001111100001000111010110101100111011111001101101100000000000100010001110001110111001100001110000111110 0 0
83	23.616	38.024	( 0 )	1101000111000111000011000000000001000100010010100110111011001111010000001111100001000111010110101100111011111001101101100000000000100010001110001110111001100001110000111110 0 0
86	24.792	38.024	( 0 )	1101010111000111000011000000000001000100010010100110111011001111010000001111100001000111010110101100111011111001101101100000000000100010001110001110111001100001110000111110 1 0
82	24.792	38.024	( 0 )	1101010111000111000011000000000001000100010010100110111011001111010000001111100001000111010110101100111011111001101101100000000000100010001110001110111001100001110000111110 0 0
89	25.969	39.201	( 0 )	1101010111000111000011000000000000000100010010100110111011001111010000001111100001000111010110101100111011111001101101100000000000100010001110001110111001100001110100111110 1 1
90	25.969	39.201	( 0 )	1101010111000111000011000000000000000100010010100110111011001111010000001111100001000111010110101100111011111001101101100000000000100010001110001110111001100001110100111110 0 0
81	25.969	41.582	( 0 )	1101010111000111000011000000000000000100010010100110111011001111010000001111100001000111010110101100111011111001101101100000000000100010001110011110111001100101110100111110 0 2
79	27.145	41.582	( 0 )	1101010111000111000011000000000000000100010010100110111011001111010000001111100001000011010110101100111011111001101101100000000000100010001110011110111001100101110100111110 1 0
80	27.145	42.759	( 0 )	1101010111000111000011000000000000000100010010100110111011001111010000001111100001000011010110101100111011111001101101100001000000100010001110011110111001100101110100111110 0 1
76	27.145	45.140	( 0 )	1101010111000111000011000000000000000100010010100110111011001111010000001111100001000011010111101100111011111001101101100001000000100010001110011110111001100101110100101110 0 2
74	27.145	45.140	( 0 )	1101010111000111000011000000000000000100010010100110111011001111010000001111100001000011010111101100111011111001101101100001000000100010001110011110111001100101110100101110 0 0
73	27.145	45.140	( 0 )	1101010111000111000011000000000000000100010010100110111011001111010000001111100001000011010111101100111011111001101101100001000000100010001110011110111001100101110100101110 0 0
78	27.145	45.140	( 0 )	1101010111000111000011000000000000000100010010100110111011001111010000001111100001000011010111101100111011111001101101100001000000100010001110011110111001100101110100101110 0 0
75	27.145	45.140	( 0 )	1101010111000111000011000000000000000100010010100110111011001111010000001111100001000011010111101100111011111001101101100001000000100010001110011110111001100101110100101110 0 0
77	27.145	45.140	( 0 )	1101010111000111000011000000000000000100010010100110111011001111010000001111100001000011010111101100111011111001101101100001000000100010001110011110111001100101110100101110 0 0
71	28.322	45.140	( 0 )	1101010011000111000011000000000000000100010010100110111011001111010000001111100001000011010111101100111011111001101101100001000000100010001110011110111001100101110100101110 1 0
72	28.322	45.140	( 0 )	1101010011000111000011000000000000000100010010100110111011001111010000001111100001000011010111101100111011111001101101100001000000100010001110011110111001100101110100101110 0 0
70	29.498	45.140	( 0 )	1101010011000111000011000000000000000100010010100110111011001011010000001111100001000011010111101100111011111001101101100001000000100010001110011110111001100101110100101110 1 0
68	29.498	46.317	( 0 )	1101010011000111000011000000000000000100010010100110111011001011010000001111100001000011010111101100111011111001101101100001000000100010000110011110111001100101110100101110 0 1
67	29.498	46.317	( 0 )	1101010011000111000011000000000000000100010010100110111011001011010000001111100001000011010111101100111011111001101101100001000000100010000110011110111001100101110100101110 0 0
64	29.498	47.493	( 0 )	1101010011000111000011000000000000000100010010100110111011001011010000001111100001000011010111101100111011111001101101100001000000100010000110011111111001100101110100101110 0 1
65	29.498	47.493	( 0 )	1101010011000111000011000000000000000100010010100110111011001011010000001111100001000011010111101100111011111001101101100001000000100010000110011111111001100101110100101110 0 0
66	29.498	47.493	( 0 )	1101010011000111000011000000000000000100010010100110111011001011010000001111100001000011010111101100111011111001101101100001000000100010000110011111111001100101110100101110 0 0
69	29.498	47.493	( 0 )	1101010011000111000011000000000000000100010010100110111011001011010000001111100001000011010111101100111011111001101101100001000000100010000110011111111001100101110100101110 0 0
63	29.498	49.875	( 0 )	1101010011000111000011000000000000000100010010100110111011001011010000001111100001000011011111101101111011111001101101100001000000100010000110011111111001100101110100101110 0 2
62	30.675	53.491	( 0 )	1101010011000111000011000000000100000100010010100110111011001011010000001111100001000011011011101101111011111001101101100001000000100010000110011111111001100100100100101110 1 3
55	30.675	53.491	( 0 )	1101010011000111000011000000000100000100010010100110111011001011010000001111100001000011011011101101111011111001101101100001000000100010000110011111111001100100100100101110 0 0
57	30.675	53.491	( 0 )	1101010011000111000011000000000100000100010010100110111011001011010000001111100001000011011011101101111011111001101101100001000000100010000110011111111001100100100100101110 0 0
59	30.675	53.491	( 0 )	1101010011000111000011000000000100000100010010100110111011001011010000001111100001000011011011101101111011111001101101100001000000100010000110011111111001100100100100101110 0 0
56	30.675	53.491	( 0 )	1101010011000111000011000000000100000100010010100110111011001011010000001111100001000011011011101101111011111001101101100001000000100010000110011111111001100100100100101110 0 0
58	30.675	53.491	( 0 )	1101010011000111000011000000000100000100010010100110111011001011010000001111100001000011011011101101111011111001101101100001000000100010000110011111111001100100100100101110 0 0
54	30.675	53.491	( 0 )	1101010011000111000011000000000100000100010010100110111011001011010000001111100001000011011011101101111011111001101101100001000000100010000110011111111001100100100100101110 0 0
52	30.675	54.667	( 0 )	1101010011000111000011000000000100000100010010100110111011001011010000001111100001000011011111101101111011111001101101100001000000100010000110011111111001100100100100101110 0 1
53	30.675	54.667	( 0 )	1101010011000111000011000000000100000100010010100110111011001011010000001111100001000011011111101101111011111001101101100001000000100010000110011111111001100100100100101110 0 0
50	30.675	54.667	( 0 )	1101010011000111000011000000000100000100010010100110111011001011010000001111100001000011011111101101111011111001101101100001000000100010000110011111111001100100100100101110 0 0
51	30.675	54.667	( 0 )	1101010011000111000011000000000100000100010010100110111011001011010000001111100001000011011111101101111011111001101101100001000000100010000110011111111001100100100100101110 0 0
61	30.675	55.844	( 0 )	1101010011000111000011000000000100000100010010100110111011001011010000001111100001000011011111111101111011111001101101100001000000100010000110011111111001100100100100101110 0 1
60	30.675	55.844	( 0 )	1101010011000111000011000000000100000100010010100110111011001011010000001111100001000011011111111101111011111001101101100001000000100010000110011111111001100100100100101110 0 0
47	31.851	55.844	( 0 )	1101010011000111000011000000000100000100010010100110111011101011010000001111100001000011011111111101111011111001101101100001000000100010000110011111111001100100100100101110 1 0
48	31.851	55.844	( 0 )	1101010011000111000011000000000100000100010010100110111011101011010000001111100001000011011111111101111011111001101101100001000000100010000110011111111001100100100100101110 0 0
46	31.851	55.844	( 0 )	1101010011000111000011000000000100000100010010100110111011101011010000001111100001000011011111111101111011111001101101100001000000100010000110011111111001100100100100101110 0 0
39	34.233	55.844	( 0 )	1101010010000111000011000000000100000000010010100110111011101011010000001111100001000011011111111101111011111001101101100001000000100010000110011111111001100100100100101110 2 0
35	34.233	55.844	( 0 )	1101010010000111000011000000000100000000010010100110111011101011010000001111100001000011011111111101111011111001101101100001000000100010000110011111111001100100100100101110 0 0
37	34.233	55.844	( 0 )	1101010010000111000011000000000100000000010010100110111011101011010000001111100001000011011111111101111011111001101101100001000000100010000110011111111001100100100100101110 0 0
36	34.233	55.844	( 0 )	1101010010000111000011000000000100000000010010100110111011101011010000001111100001000011011111111101111011111001101101100001000000100010000110011111111001100100100100101110 0 0
40	34.233	55.844	( 0 )	1101010010000111000011000000000100000000010010100110111011101011010000001111100001000011011111111101111011111001101101100001000000100010000110011111111001100100100100101110 0 0
38	34.233	55.844	( 0 )	1101010010000111000011000000000100000000010010100110111011101011010000001111100001000011011111111101111011111001101101100001000000100010000110011111111001100100100100101110 0 0
41	34.233	55.844	( 0 )	1101010010000111000011000000000100000000010010100110111011101011010000001111100001000011011111111101111011111001101101100001000000100010000110011111111001100100100100101110 0 0
33	34.233	55.844	( 0 )	1101010010000111000011000000000100000000010010100110111011101011010000001111100001000011011111111101111011111001101101100001000000100010000110011111111001100100100100101110 0 0
45	35.409	55.844	( 0 )	1101000010000111000011000000000100000000010010100110111011101011010000001111100001000011011111111101111011111001101101100001000000100010000110011111111001100100100100101110 1 0
43	35.409	55.844	( 0 )	1101000010000111000011000000000100000000010010100110111011101011010000001111100001000011011111111101111011111001101101100001000000100010000110011111111001100100100100101110 0 0
49	35.409	55.844	( 0 )	1101000010000111000011000000000100000000010010100110111011101011010000001111100001000011011111111101111011111001101101100001000000100010000110011111111001100100100100101110 0 0
42	35.409	55.844	( 0 )	1101000010000111000011000000000100000000010010100110111011101011010000001111100001000011011111111101111011111001101101100001000000100010000110011111111001100100100100101110 0 0
34	35.409	55.844	( 0 )	1101000010000111000011000000000100000000010010100110111011101011010000001111100001000011011111111101111011111001101101100001000000100010000110011111111001100100100100101110 0 0
44	35.409	55.844	( 0 )	1101000010000111000011000000000100000000010010100110111011101011010000001111100001000011011111111101111011111001101101100001000000100010000110011111111001100100100100101110 0 0
31	35.409	57.020	( 0 )	1101000010000111000011000000000100000000010010100110111011101011010000001111100001000011011111111101111011111001101101100001000000101010000110011111111001100100100100101110 0 1
32	35.409	57.020	( 0 )	1101000010000111000011000000000100000000010010100110111011101011010000001111100001000011011111111101111011111001101101100001000000101010000110011111111001100100100100101110 0 0
30	35.409	57.020	( 0 )	1101000010000111000011000000000100000000010010100110111011101011010000001111100001000011011111111101111011111001101101100001000000101010000110011111111001100100100100101110 0 0
29	35.409	57.020	( 0 )	1101000010000111000011000000000100000000010010100110111011101011010000001111100001000011011111111101111011111001101101100001000000101010000110011111111001100100100100101110 0 0
28	37.791	57.020	( 0 )	1101010010000111000011000000000100000000010010100110111011101011000000001111100001000011011111111101111011111001101101100001000000101010000110011111111001100100100100101110 2 0
25	38.967	58.197	( 0 )	1101010010000011000011000000000100000000010010100110111011101011000000001111100001000011011111111101111011111001101101100001000000101010000110011111111001100100100100101111 1 1
26	38.967	59.373	( 0 )	1101010010000011000011000000000100000000010010100110111011101011000000001111100001000011011111111101101011111001101101100001000000101010000110011111111001100100100100101111 0 1
27	38.967	59.373	( 0 )	1101010010000011000011000000000100000000010010100110111011101011000000001111100001000011011111111101101011111001101101100001000000101010000110011111111001100100100100101111 0 0
18	38.967	62.989	( 0 )	1101010010000011000011000000000100000000010010100110111011101011000000001111100001000000011111111101101111111001101101100001000000101010000110011111111001100100100100101111 0 3
20	40.144	62.989	( 0 )	1101010010000011000011000000000100000000000010100110111011101011000000001111100001000000011111111101101111111001101101100001000000101010000110011111111001100100100100101111 1 0
24	40.144	62.989	( 0 )	1101010010000011000011000000000100000000000010100110111011101011000000001111100001000000011111111101101111111001101101100001000000101010000110011111111001100100100100101111 0 0
19	40.144	62.989	( 0 )	1101010010000011000011000000000100000000000010100110111011101011000000001111100001000000011111111101101111111001101101100001000000101010000110011111111001100100100100101111 0 0
22	40.144	62.989	( 0 )	1101010010000011000011000000000100000000000010100110111011101011000000001111100001000000011111111101101111111001101101100001000000101010000110011111111001100100100100101111 0 0
23	40.144	62.989	( 0 )	1101010010000011000011000000000100000000000010100110111011101011000000001111100001000000011111111101101111111001101101100001000000101010000110011111111001100100100100101111 0 0
21	40.144	62.989	( 0 )	1101010010000011000011000000000100000000000010100110111011101011000000001111100001000000011111111101101111111001101101100001000000101010000110011111111001100100100100101111 0 0
17	40.144	64.166	( 0 )	1101010010000011000011000000000100000000000010100110111011101011000000001111100001000000011111111101101111111001101101100001000100101010000110011111111001100100100100101111 0 1
16	40.144	66.547	( 0 )	1101010010000011000011000000000100000000000010100110111011101011000000001111100001000000011111111101101111111001001101100001000101101010000110011111111001100100100100101111 0 2
15	40.144	66.547	( 0 )	1101010010000011000011000000000100000000000010100110111011101011000000001111100001000000011111111101101111111001001101100001000101101010000110011111111001100100100100101111 0 0
14	40.144	67.724	( 0 )	1101010010000011000011000000000100000000000010100110111011101011000000001111100001000000011111111101101111111001001101110001000101101010000110011111111001100100100100101111 0 1
13	40.144	71.340	( 0 )	1101010010000011000011000000000100000000000010100110111011101011000000001111100001000000011111111101101111111001001111110101000101101000000110011111111001100100100100101111 0 3
12	41.320	73.721	( 0 )	1101010010000011000011000000000100000000000110100110111011101011000000001111100001000000011111110101101111111001001111110101000101101000000110011111111001101100100100101111 1 2
1	42.497	74.898	( 0 )	1101010010000011000011000000000100000000000110100110111011111011000000001111100001000000011111110101101111111001001111110101000101101100000110011111111001101100100100101111 1 1
5	42.497	74.898	( 0 )	1101010010000011000011000000000100000000000110100110111011111011000000001111100001000000011111110101101111111001001111110101000101101100000110011111111001101100100100101111 0 0
8	42.497	74.898	( 0 )	1101010010000011000011000000000100000000000110100110111011111011000000001111100001000000011111110101101111111001001111110101000101101100000110011111111001101100100100101111 0 0
2	42.497	74.898	( 0 )	1101010010000011000011000000000100000000000110100110111011111011000000001111100001000000011111110101101111111001001111110101000101101100000110011111111001101100100100101111 0 0
9	42.497	74.898	( 0 )	1101010010000011000011000000000100000000000110100110111011111011000000001111100001000000011111110101101111111001001111110101000101101100000110011111111001101100100100101111 0 0
10	42.497	74.898	( 0 )	1101010010000011000011000000000100000000000110100110111011111011000000001111100001000000011111110101101111111001001111110101000101101100000110011111111001101100100100101111 0 0
4	42.497	74.898	( 0 )	1101010010000011000011000000000100000000000110100110111011111011000000001111100001000000011111110101101111111001001111110101000101101100000110011111111001101100100100101111 0 0
7	42.497	74.898	( 0 )	1101010010000011000011000000000100000000000110100110111011111011000000001111100001000000011111110101101111111001001111110101000101101100000110011111111001101100100100101111 0 0
6	42.497	74.898	( 0 )	1101010010000011000011000000000100000000000110100110111011111011000000001111100001000000011111110101101111111001001111110101000101101100000110011111111001101100100100101111 0 0
3	42.497	74.898	( 0 )	1101010010000011000011000000000100000000000110100110111011111011000000001111100001000000011111110101101111111001001111110101000101101100000110011111111001101100100100101111 0 0
11	42.497	76.074	( 0 )	1101010010000011000011000000000100000000000110100110111011111011000000001111100001000000011111110101101111110001001111110101000101101100000110011111111001101100100100101111 0 1
