MARKER	CHR	MALE_POS	FEMALE_POS	P1xP2	P1xP2	P1xP2	P1xP2	P1xP2	P1xP2	P1xP2	P1xP2	P1xP2	P1xP2	P1xP2	P1xP2	P1xP2	P1xP2	P1xP2	P1xP2	P1xP2	P1xP2	P1xP2	P1xP2	P1xP2	P1xP2	P1xP2	P1xP2	P1xP2	P1xP2	P1xP2	P1xP2	P1xP2	P1xP2	P1xP2	P1xP2	P1xP2	P1xP2	P1xP2	P1xP2	P1xP2	P1xP2	P1xP2	P1xP2	P1xP2	P1xP2	P1xP2	P1xP2	P1xP2	P1xP2	P1xP2	P1xP2	P1xP2	P1xP2	P1xP2	P1xP2	P1xP2	P1xP2	P1xP2	P1xP2	P1xP2	P1xP2	P1xP2	P1xP2	P1xP2	P1xP2	P1xP2	P1xP2	P1xP2	P1xP2	P1xP2	P1xP2	P1xP2	P1xP2	P1xP2	P1xP2	P1xP2	P1xP2	P1xP2	P1xP2	P1xP2	P1xP2	P1xP2	P1xP2	P1xP2	P1xP2	P1xP2	P1xP2	P1xP2	P1xP2	P1xP2	P1xP2
MARKER	CHR	MALE_POS	FEMALE_POS	P1	P2	C1	C2	C3	C4	C5	C6	C7	C8	C9	C10	C11	C12	C13	C14	C15	C16	C17	C18	C19	C20	C21	C22	C23	C24	C25	C26	C27	C28	C29	C30	C31	C32	C33	C34	C35	C36	C37	C38	C39	C40	C41	C42	C43	C44	C45	C46	C47	C48	C49	C50	C51	C52	C53	C54	C55	C56	C57	C58	C59	C60	C61	C62	C63	C64	C65	C66	C67	C68	C69	C70	C71	C72	C73	C74	C75	C76	C77	C78	C79	C80	C81	C82	C83	C84	C85	C86
MARKER	CHR	MALE_POS	FEMALE_POS	0	0	P1	P1	P1	P1	P1	P1	P1	P1	P1	P1	P1	P1	P1	P1	P1	P1	P1	P1	P1	P1	P1	P1	P1	P1	P1	P1	P1	P1	P1	P1	P1	P1	P1	P1	P1	P1	P1	P1	P1	P1	P1	P1	P1	P1	P1	P1	P1	P1	P1	P1	P1	P1	P1	P1	P1	P1	P1	P1	P1	P1	P1	P1	P1	P1	P1	P1	P1	P1	P1	P1	P1	P1	P1	P1	P1	P1	P1	P1	P1	P1	P1	P1	P1	P1	P1	P1
MARKER	CHR	MALE_POS	FEMALE_POS	0	0	P2	P2	P2	P2	P2	P2	P2	P2	P2	P2	P2	P2	P2	P2	P2	P2	P2	P2	P2	P2	P2	P2	P2	P2	P2	P2	P2	P2	P2	P2	P2	P2	P2	P2	P2	P2	P2	P2	P2	P2	P2	P2	P2	P2	P2	P2	P2	P2	P2	P2	P2	P2	P2	P2	P2	P2	P2	P2	P2	P2	P2	P2	P2	P2	P2	P2	P2	P2	P2	P2	P2	P2	P2	P2	P2	P2	P2	P2	P2	P2	P2	P2	P2	P2	P2	P2
MARKER	CHR	MALE_POS	FEMALE_POS	1	2	0	0	0	0	0	0	0	0	0	0	0	0	0	0	0	0	0	0	0	0	0	0	0	0	0	0	0	0	0	0	0	0	0	0	0	0	0	0	0	0	0	0	0	0	0	0	0	0	0	0	0	0	0	0	0	0	0	0	0	0	0	0	0	0	0	0	0	0	0	0	0	0	0	0	0	0	0	0	0	0	0	0	0	0	0	0
MARKER	CHR	MALE_POS	FEMALE_POS	0	0	0	0	0	0	0	0	0	0	0	0	0	0	0	0	0	0	0	0	0	0	0	0	0	0	0	0	0	0	0	0	0	0	0	0	0	0	0	0	0	0	0	0	0	0	0	0	0	0	0	0	0	0	0	0	0	0	0	0	0	0	0	0	0	0	0	0	0	0	0	0	0	0	0	0	0	0	0	0	0	0	0	0	0	0	0	0
4	0	0.000	0.000	12	12	22	22	11	11	12	12	22	21	12	21	12	21	12	11	11	22	11	21	11	21	22	22	21	11	22	22	22	12	12	11	21	12	11	21	22	12	22	12	22	11	11	11	22	21	22	21	22	21	21	11	12	22	12	12	21	21	21	21	11	11	21	22	21	12	12	21	22	22	22	12	12	22	21	12	22	21	12	12	12	21	22	11	22	22	12	11
2	0	1.177	1.177	12	12	22	22	11	11	12	12	22	21	12	21	12	21	12	11	11	22	11	21	11	21	22	22	21	11	22	22	22	12	12	11	21	12	11	21	22	12	22	12	22	11	11	11	22	21	22	21	22	11	21	11	12	22	12	12	21	21	21	21	11	11	21	21	21	12	12	21	22	22	22	12	12	22	21	12	22	21	12	12	12	21	22	11	22	22	12	11
1	0	1.177	1.177	12	12	22	22	11	11	12	12	22	21	12	21	12	21	12	11	11	22	11	21	11	21	22	22	21	11	22	22	22	12	12	11	21	12	11	21	22	12	22	12	22	11	11	11	22	21	22	21	22	11	21	11	12	22	12	12	21	21	21	21	11	11	21	21	21	12	12	21	22	22	22	12	12	22	21	12	22	21	12	12	12	21	22	11	22	22	12	11
12	0	1.177	2.353	12	12	22	22	11	11	12	12	22	21	12	21	12	21	12	11	11	22	11	21	11	21	22	22	21	11	22	22	22	12	12	11	21	12	11	21	22	12	22	12	22	11	11	11	21	21	22	21	22	11	21	11	12	22	12	12	21	21	21	21	11	11	21	21	21	12	12	21	22	22	22	12	12	22	21	12	22	21	12	12	12	21	22	11	22	22	12	11
11	0	1.177	2.353	12	12	22	22	11	11	12	12	22	21	12	21	12	21	12	11	11	22	11	21	11	21	22	22	21	11	22	22	22	12	12	11	21	12	11	21	22	12	22	12	22	11	11	11	21	21	22	21	22	11	21	11	12	22	12	12	21	21	21	21	11	11	21	21	21	12	12	21	22	22	22	12	12	22	21	12	22	21	12	12	12	21	22	11	22	22	12	11
8	0	1.177	2.353	12	12	22	22	11	11	12	12	22	21	12	21	12	21	12	11	11	22	11	21	11	21	22	22	21	11	22	22	22	12	12	11	21	12	11	21	22	12	22	12	22	11	11	11	21	21	22	21	22	11	21	11	12	22	12	12	21	21	21	21	11	11	21	21	21	12	12	21	22	22	22	12	12	22	21	12	22	21	12	12	12	21	22	11	22	22	12	11
9	0	1.177	2.353	12	12	22	22	11	11	12	12	22	21	12	21	12	21	12	11	11	22	11	21	11	21	22	22	21	11	22	22	22	12	12	11	21	12	11	21	22	12	22	12	22	11	11	11	21	21	22	21	22	11	21	11	12	22	12	12	21	21	21	21	11	11	21	21	21	12	12	21	22	22	22	12	12	22	21	12	22	21	12	12	12	21	22	11	22	22	12	11
5	0	2.353	2.353	12	12	22	22	11	11	12	12	22	11	12	21	12	21	12	11	11	22	11	21	11	21	22	22	21	11	22	22	22	12	12	11	21	12	11	21	22	12	22	12	22	11	11	11	21	21	22	21	22	11	21	11	12	22	12	12	21	21	21	21	11	11	21	21	21	12	12	21	22	22	22	12	12	22	21	12	22	21	12	12	12	21	22	11	22	22	12	11
10	0	2.353	2.353	12	12	22	22	11	11	12	12	22	11	12	21	12	21	12	11	11	22	11	21	11	21	22	22	21	11	22	22	22	12	12	11	21	12	11	21	22	12	22	12	22	11	11	11	21	21	22	21	22	11	21	11	12	22	12	12	21	21	21	21	11	11	21	21	21	12	12	21	22	22	22	12	12	22	21	12	22	21	12	12	12	21	22	11	22	22	12	11
7	0	2.353	2.353	12	12	22	22	11	11	12	12	22	11	12	21	12	21	12	11	11	22	11	21	11	21	22	22	21	11	22	22	22	12	12	11	21	12	11	21	22	12	22	12	22	11	11	11	21	21	22	21	22	11	21	11	12	22	12	12	21	21	21	21	11	11	21	21	21	12	12	21	22	22	22	12	12	22	21	12	22	21	12	12	12	21	22	11	22	22	12	11
13	0	2.353	2.353	12	12	22	22	11	11	12	12	22	11	12	21	12	21	12	11	11	22	11	21	11	21	22	22	21	11	22	22	22	12	12	11	21	12	11	21	22	12	22	12	22	11	11	11	21	21	22	21	22	11	21	11	12	22	12	12	21	21	21	21	11	11	21	21	21	12	12	21	22	22	22	12	12	22	21	12	22	21	12	12	12	21	22	11	22	22	12	11
6	0	2.353	2.353	12	12	22	22	11	11	12	12	22	11	12	21	12	21	12	11	11	22	11	21	11	21	22	22	21	11	22	22	22	12	12	11	21	12	11	21	22	12	22	12	22	11	11	11	21	21	22	21	22	11	21	11	12	22	12	12	21	21	21	21	11	11	21	21	21	12	12	21	22	22	22	12	12	22	21	12	22	21	12	12	12	21	22	11	22	22	12	11
3	0	2.353	2.353	12	12	22	22	11	11	12	12	22	11	12	21	12	21	12	11	11	22	11	21	11	21	22	22	21	11	22	22	22	12	12	11	21	12	11	21	22	12	22	12	22	11	11	11	21	21	22	21	22	11	21	11	12	22	12	12	21	21	21	21	11	11	21	21	21	12	12	21	22	22	22	12	12	22	21	12	22	21	12	12	12	21	22	11	22	22	12	11
15	0	2.353	4.734	12	12	22	22	11	12	12	12	22	11	12	21	12	21	12	11	11	22	11	21	11	21	22	22	21	11	22	22	22	12	12	11	21	12	11	21	22	12	22	12	22	11	11	11	21	21	22	21	22	11	21	11	12	22	12	12	21	21	21	21	11	11	21	21	21	12	12	21	22	22	22	12	12	22	21	11	22	21	12	12	12	21	22	11	22	22	12	11
14	0	2.353	4.734	12	12	22	22	11	12	12	12	22	11	12	21	12	21	12	11	11	22	11	21	11	21	22	22	21	11	22	22	22	12	12	11	21	12	11	21	22	12	22	12	22	11	11	11	21	21	22	21	22	11	21	11	12	22	12	12	21	21	21	21	11	11	21	21	21	12	12	21	22	22	22	12	12	22	21	11	22	21	12	12	12	21	22	11	22	22	12	11
17	0	3.530	8.350	12	12	22	22	11	12	12	12	22	11	12	21	12	21	12	11	11	22	11	21	11	21	22	22	21	11	22	22	22	11	11	11	21	12	11	21	22	12	22	12	22	11	11	11	21	21	22	21	22	11	21	11	12	22	12	12	11	21	22	21	11	11	21	21	21	12	12	21	22	22	22	12	12	22	21	11	22	21	12	12	12	21	22	11	22	22	12	11
16	0	3.530	8.350	12	12	22	22	11	12	12	12	22	11	12	21	12	21	12	11	11	22	11	21	11	21	22	22	21	11	22	22	22	11	11	11	21	12	11	21	22	12	22	12	22	11	11	11	21	21	22	21	22	11	21	11	12	22	12	12	11	21	22	21	11	11	21	21	21	12	12	21	22	22	22	12	12	22	21	11	22	21	12	12	12	21	22	11	22	22	12	11
18	0	3.530	8.350	12	12	22	22	11	12	12	12	22	11	12	21	12	21	12	11	11	22	11	21	11	21	22	22	21	11	22	22	22	11	11	11	21	12	11	21	22	12	22	12	22	11	11	11	21	21	22	21	22	11	21	11	12	22	12	12	11	21	22	21	11	11	21	21	21	12	12	21	22	22	22	12	12	22	21	11	22	21	12	12	12	21	22	11	22	22	12	11
19	0	3.530	8.350	12	12	22	22	11	12	12	12	22	11	12	21	12	21	12	11	11	22	11	21	11	21	22	22	21	11	22	22	22	11	11	11	21	12	11	21	22	12	22	12	22	11	11	11	21	21	22	21	22	11	21	11	12	22	12	12	11	21	22	21	11	11	21	21	21	12	12	21	22	22	22	12	12	22	21	11	22	21	12	12	12	21	22	11	22	22	12	11
21	0	3.530	9.527	12	12	22	22	11	12	12	12	22	11	12	21	12	21	12	11	11	22	11	21	11	21	22	22	21	11	22	22	22	11	11	11	21	12	11	21	22	12	22	12	22	11	11	11	21	21	22	21	22	11	21	12	12	22	12	12	11	21	22	21	11	11	21	21	21	12	12	21	22	22	22	12	12	22	21	11	22	21	12	12	12	21	22	11	22	22	12	11
20	0	3.530	9.527	12	12	22	22	11	12	12	12	22	11	12	21	12	21	12	11	11	22	11	21	11	21	22	22	21	11	22	22	22	11	11	11	21	12	11	21	22	12	22	12	22	11	11	11	21	21	22	21	22	11	21	12	12	22	12	12	11	21	22	21	11	11	21	21	21	12	12	21	22	22	22	12	12	22	21	11	22	21	12	12	12	21	22	11	22	22	12	11
22	0	3.530	9.527	12	12	22	22	11	12	12	12	22	11	12	21	12	21	12	11	11	22	11	21	11	21	22	22	21	11	22	22	22	11	11	11	21	12	11	21	22	12	22	12	22	11	11	11	21	21	22	21	22	11	21	12	12	22	12	12	11	21	22	21	11	11	21	21	21	12	12	21	22	22	22	12	12	22	21	11	22	21	12	12	12	21	22	11	22	22	12	11
24	0	3.530	10.704	12	12	22	22	11	12	12	12	22	11	12	21	12	21	12	11	11	22	11	22	11	21	22	22	21	11	22	22	22	11	11	11	21	12	11	21	22	12	22	12	22	11	11	11	21	21	22	21	22	11	21	12	12	22	12	12	11	21	22	21	11	11	21	21	21	12	12	21	22	22	22	12	12	22	21	11	22	21	12	12	12	21	22	11	22	22	12	11
30	0	3.530	10.704	12	12	22	22	11	12	12	12	22	11	12	21	12	21	12	11	11	22	11	22	11	21	22	22	21	11	22	22	22	11	11	11	21	12	11	21	22	12	22	12	22	11	11	11	21	21	22	21	22	11	21	12	12	22	12	12	11	21	22	21	11	11	21	21	21	12	12	21	22	22	22	12	12	22	21	11	22	21	12	12	12	21	22	11	22	22	12	11
35	0	3.530	10.704	12	12	22	22	11	12	12	12	22	11	12	21	12	21	12	11	11	22	11	22	11	21	22	22	21	11	22	22	22	11	11	11	21	12	11	21	22	12	22	12	22	11	11	11	21	21	22	21	22	11	21	12	12	22	12	12	11	21	22	21	11	11	21	21	21	12	12	21	22	22	22	12	12	22	21	11	22	21	12	12	12	21	22	11	22	22	12	11
31	0	3.530	10.704	12	12	22	22	11	12	12	12	22	11	12	21	12	21	12	11	11	22	11	22	11	21	22	22	21	11	22	22	22	11	11	11	21	12	11	21	22	12	22	12	22	11	11	11	21	21	22	21	22	11	21	12	12	22	12	12	11	21	22	21	11	11	21	21	21	12	12	21	22	22	22	12	12	22	21	11	22	21	12	12	12	21	22	11	22	22	12	11
23	0	3.530	10.704	12	12	22	22	11	12	12	12	22	11	12	21	12	21	12	11	11	22	11	22	11	21	22	22	21	11	22	22	22	11	11	11	21	12	11	21	22	12	22	12	22	11	11	11	21	21	22	21	22	11	21	12	12	22	12	12	11	21	22	21	11	11	21	21	21	12	12	21	22	22	22	12	12	22	21	11	22	21	12	12	12	21	22	11	22	22	12	11
27	0	3.530	11.880	12	12	22	22	11	12	12	12	22	12	12	21	12	21	12	11	11	22	11	22	11	21	22	22	21	11	22	22	22	11	11	11	21	12	11	21	22	12	22	12	22	11	11	11	21	21	22	21	22	11	21	12	12	22	12	12	11	21	22	21	11	11	21	21	21	12	12	21	22	22	22	12	12	22	21	11	22	21	12	12	12	21	22	11	22	22	12	11
29	0	3.530	11.880	12	12	22	22	11	12	12	12	22	12	12	21	12	21	12	11	11	22	11	22	11	21	22	22	21	11	22	22	22	11	11	11	21	12	11	21	22	12	22	12	22	11	11	11	21	21	22	21	22	11	21	12	12	22	12	12	11	21	22	21	11	11	21	21	21	12	12	21	22	22	22	12	12	22	21	11	22	21	12	12	12	21	22	11	22	22	12	11
33	0	3.530	11.880	12	12	22	22	11	12	12	12	22	12	12	21	12	21	12	11	11	22	11	22	11	21	22	22	21	11	22	22	22	11	11	11	21	12	11	21	22	12	22	12	22	11	11	11	21	21	22	21	22	11	21	12	12	22	12	12	11	21	22	21	11	11	21	21	21	12	12	21	22	22	22	12	12	22	21	11	22	21	12	12	12	21	22	11	22	22	12	11
36	0	3.530	11.880	12	12	22	22	11	12	12	12	22	12	12	21	12	21	12	11	11	22	11	22	11	21	22	22	21	11	22	22	22	11	11	11	21	12	11	21	22	12	22	12	22	11	11	11	21	21	22	21	22	11	21	12	12	22	12	12	11	21	22	21	11	11	21	21	21	12	12	21	22	22	22	12	12	22	21	11	22	21	12	12	12	21	22	11	22	22	12	11
32	0	3.530	11.880	12	12	22	22	11	12	12	12	22	12	12	21	12	21	12	11	11	22	11	22	11	21	22	22	21	11	22	22	22	11	11	11	21	12	11	21	22	12	22	12	22	11	11	11	21	21	22	21	22	11	21	12	12	22	12	12	11	21	22	21	11	11	21	21	21	12	12	21	22	22	22	12	12	22	21	11	22	21	12	12	12	21	22	11	22	22	12	11
34	0	3.530	11.880	12	12	22	22	11	12	12	12	22	12	12	21	12	21	12	11	11	22	11	22	11	21	22	22	21	11	22	22	22	11	11	11	21	12	11	21	22	12	22	12	22	11	11	11	21	21	22	21	22	11	21	12	12	22	12	12	11	21	22	21	11	11	21	21	21	12	12	21	22	22	22	12	12	22	21	11	22	21	12	12	12	21	22	11	22	22	12	11
26	0	3.530	11.880	12	12	22	22	11	12	12	12	22	12	12	21	12	21	12	11	11	22	11	22	11	21	22	22	21	11	22	22	22	11	11	11	21	12	11	21	22	12	22	12	22	11	11	11	21	21	22	21	22	11	21	12	12	22	12	12	11	21	22	21	11	11	21	21	21	12	12	21	22	22	22	12	12	22	21	11	22	21	12	12	12	21	22	11	22	22	12	11
25	0	3.530	11.880	12	12	22	22	11	12	12	12	22	12	12	21	12	21	12	11	11	22	11	22	11	21	22	22	21	11	22	22	22	11	11	11	21	12	11	21	22	12	22	12	22	11	11	11	21	21	22	21	22	11	21	12	12	22	12	12	11	21	22	21	11	11	21	21	21	12	12	21	22	22	22	12	12	22	21	11	22	21	12	12	12	21	22	11	22	22	12	11
28	0	3.530	13.057	12	12	22	22	11	12	12	12	22	12	12	21	12	21	12	11	11	22	11	22	11	21	22	22	21	11	22	22	22	11	11	11	22	12	11	21	22	12	22	12	22	11	11	11	21	21	22	21	22	11	21	12	12	22	12	12	11	21	22	21	11	11	21	21	21	12	12	21	22	22	22	12	12	22	21	11	22	21	12	12	12	21	22	11	22	22	12	11
37	0	3.530	14.233	12	12	22	22	11	12	12	12	22	12	12	21	12	21	12	11	11	22	11	22	11	21	22	22	21	11	22	22	22	11	11	11	22	12	11	21	22	12	22	12	22	11	11	11	21	21	22	21	22	11	21	12	12	22	12	12	11	22	22	21	11	11	21	21	21	12	12	21	22	22	22	12	12	22	21	11	22	21	12	12	12	21	22	11	22	22	12	11
38	0	3.530	14.233	12	12	22	22	11	12	12	12	22	12	12	21	12	21	12	11	11	22	11	22	11	21	22	22	21	11	22	22	22	11	11	11	22	12	11	21	22	12	22	12	22	11	11	11	21	21	22	21	22	11	21	12	12	22	12	12	11	22	22	21	11	11	21	21	21	12	12	21	22	22	22	12	12	22	21	11	22	21	12	12	12	21	22	11	22	22	12	11
39	0	3.530	19.115	12	12	22	22	11	12	12	12	22	12	12	21	12	21	12	11	11	22	11	22	11	21	22	22	21	12	22	22	22	11	11	11	22	12	11	21	22	12	22	12	22	11	11	11	21	21	21	21	22	11	21	12	12	22	12	12	11	22	22	21	11	11	21	21	21	11	12	21	22	22	22	12	12	22	21	11	22	21	12	12	12	21	22	11	22	21	12	11
43	0	3.530	19.115	12	12	22	22	11	12	12	12	22	12	12	21	12	21	12	11	11	22	11	22	11	21	22	22	21	12	22	22	22	11	11	11	22	12	11	21	22	12	22	12	22	11	11	11	21	21	21	21	22	11	21	12	12	22	12	12	11	22	22	21	11	11	21	21	21	11	12	21	22	22	22	12	12	22	21	11	22	21	12	12	12	21	22	11	22	21	12	11
44	0	3.530	19.115	12	12	22	22	11	12	12	12	22	12	12	21	12	21	12	11	11	22	11	22	11	21	22	22	21	12	22	22	22	11	11	11	22	12	11	21	22	12	22	12	22	11	11	11	21	21	21	21	22	11	21	12	12	22	12	12	11	22	22	21	11	11	21	21	21	11	12	21	22	22	22	12	12	22	21	11	22	21	12	12	12	21	22	11	22	21	12	11
40	0	3.530	19.115	12	12	22	22	11	12	12	12	22	12	12	21	12	21	12	11	11	22	11	22	11	21	22	22	21	12	22	22	22	11	11	11	22	12	11	21	22	12	22	12	22	11	11	11	21	21	21	21	22	11	21	12	12	22	12	12	11	22	22	21	11	11	21	21	21	11	12	21	22	22	22	12	12	22	21	11	22	21	12	12	12	21	22	11	22	21	12	11
41	0	4.706	19.115	12	12	22	22	11	12	12	12	22	12	12	21	12	21	12	11	11	22	11	22	11	21	22	22	21	12	22	22	22	11	11	11	22	12	11	21	22	12	22	22	22	11	11	11	21	21	21	21	22	11	21	12	12	22	12	12	11	22	22	21	11	11	21	21	21	11	12	21	22	22	22	12	12	22	21	11	22	21	12	12	12	21	22	11	22	21	12	11
42	0	4.706	19.115	12	12	22	22	11	12	12	12	22	12	12	21	12	21	12	11	11	22	11	22	11	21	22	22	21	12	22	22	22	11	11	11	22	12	11	21	22	12	22	22	22	11	11	11	21	21	21	21	22	11	21	12	12	22	12	12	11	22	22	21	11	11	21	21	21	11	12	21	22	22	22	12	12	22	21	11	22	21	12	12	12	21	22	11	22	21	12	11
51	0	7.088	19.115	12	12	22	22	11	12	12	12	22	12	12	21	12	21	12	11	11	22	11	22	11	21	22	22	21	12	22	22	22	11	11	11	22	12	11	21	22	12	22	22	22	11	11	11	21	21	21	11	22	11	21	12	12	22	12	12	11	22	22	21	11	11	21	21	21	11	12	21	22	22	22	12	12	22	21	11	22	21	12	12	12	11	22	11	22	21	12	11
49	0	7.088	19.115	12	12	22	22	11	12	12	12	22	12	12	21	12	21	12	11	11	22	11	22	11	21	22	22	21	12	22	22	22	11	11	11	22	12	11	21	22	12	22	22	22	11	11	11	21	21	21	11	22	11	21	12	12	22	12	12	11	22	22	21	11	11	21	21	21	11	12	21	22	22	22	12	12	22	21	11	22	21	12	12	12	11	22	11	22	21	12	11
50	0	7.088	19.115	12	12	22	22	11	12	12	12	22	12	12	21	12	21	12	11	11	22	11	22	11	21	22	22	21	12	22	22	22	11	11	11	22	12	11	21	22	12	22	22	22	11	11	11	21	21	21	11	22	11	21	12	12	22	12	12	11	22	22	21	11	11	21	21	21	11	12	21	22	22	22	12	12	22	21	11	22	21	12	12	12	11	22	11	22	21	12	11
48	0	7.088	19.115	12	12	22	22	11	12	12	12	22	12	12	21	12	21	12	11	11	22	11	22	11	21	22	22	21	12	22	22	22	11	11	11	22	12	11	21	22	12	22	22	22	11	11	11	21	21	21	11	22	11	21	12	12	22	12	12	11	22	22	21	11	11	21	21	21	11	12	21	22	22	22	12	12	22	21	11	22	21	12	12	12	11	22	11	22	21	12	11
46	0	7.088	19.115	12	12	22	22	11	12	12	12	22	12	12	21	12	21	12	11	11	22	11	22	11	21	22	22	21	12	22	22	22	11	11	11	22	12	11	21	22	12	22	22	22	11	11	11	21	21	21	11	22	11	21	12	12	22	12	12	11	22	22	21	11	11	21	21	21	11	12	21	22	22	22	12	12	22	21	11	22	21	12	12	12	11	22	11	22	21	12	11
47	0	7.088	19.115	12	12	22	22	11	12	12	12	22	12	12	21	12	21	12	11	11	22	11	22	11	21	22	22	21	12	22	22	22	11	11	11	22	12	11	21	22	12	22	22	22	11	11	11	21	21	21	11	22	11	21	12	12	22	12	12	11	22	22	21	11	11	21	21	21	11	12	21	22	22	22	12	12	22	21	11	22	21	12	12	12	11	22	11	22	21	12	11
45	0	7.088	20.292	12	12	22	22	11	12	12	12	22	12	12	21	12	21	12	11	11	22	11	22	11	21	22	22	21	12	22	22	22	11	11	11	22	12	11	21	22	12	22	21	22	11	11	11	21	21	21	11	22	11	21	12	12	22	12	12	11	22	22	21	11	11	21	21	21	11	12	21	22	22	22	12	12	22	21	11	22	21	12	12	12	11	22	11	22	21	12	11
52	0	7.088	21.468	12	12	22	22	11	12	12	12	22	12	12	21	12	21	12	11	11	22	11	22	11	21	22	22	21	12	22	22	22	11	11	11	22	12	11	21	22	12	22	21	22	11	11	11	21	21	21	11	22	11	21	12	12	22	12	12	11	22	22	21	11	11	22	21	21	11	12	21	22	22	22	12	12	22	21	11	22	21	12	12	12	11	22	11	22	21	12	11
54	0	7.088	21.468	12	12	22	22	11	12	12	12	22	12	12	21	12	21	12	11	11	22	11	22	11	21	22	22	21	12	22	22	22	11	11	11	22	12	11	21	22	12	22	21	22	11	11	11	21	21	21	11	22	11	21	12	12	22	12	12	11	22	22	21	11	11	22	21	21	11	12	21	22	22	22	12	12	22	21	11	22	21	12	12	12	11	22	11	22	21	12	11
53	0	7.088	21.468	12	12	22	22	11	12	12	12	22	12	12	21	12	21	12	11	11	22	11	22	11	21	22	22	21	12	22	22	22	11	11	11	22	12	11	21	22	12	22	21	22	11	11	11	21	21	21	11	22	11	21	12	12	22	12	12	11	22	22	21	11	11	22	21	21	11	12	21	22	22	22	12	12	22	21	11	22	21	12	12	12	11	22	11	22	21	12	11
64	0	9.469	23.849	12	12	22	22	11	12	12	12	22	12	12	21	12	21	12	11	11	22	11	22	11	11	22	22	21	12	22	22	22	11	11	11	22	12	11	21	22	12	22	21	22	11	11	11	21	21	21	11	22	11	21	12	12	22	12	12	11	22	22	21	11	11	12	21	21	11	12	21	22	22	22	12	12	21	22	11	22	21	12	12	12	11	22	11	22	21	12	11
65	0	9.469	23.849	12	12	22	22	11	12	12	12	22	12	12	21	12	21	12	11	11	22	11	22	11	11	22	22	21	12	22	22	22	11	11	11	22	12	11	21	22	12	22	21	22	11	11	11	21	21	21	11	22	11	21	12	12	22	12	12	11	22	22	21	11	11	12	21	21	11	12	21	22	22	22	12	12	21	22	11	22	21	12	12	12	11	22	11	22	21	12	11
63	0	9.469	23.849	12	12	22	22	11	12	12	12	22	12	12	21	12	21	12	11	11	22	11	22	11	11	22	22	21	12	22	22	22	11	11	11	22	12	11	21	22	12	22	21	22	11	11	11	21	21	21	11	22	11	21	12	12	22	12	12	11	22	22	21	11	11	12	21	21	11	12	21	22	22	22	12	12	21	22	11	22	21	12	12	12	11	22	11	22	21	12	11
55	0	10.645	23.849	12	12	22	12	11	12	12	12	22	12	12	21	12	21	12	11	11	22	11	22	11	11	22	22	21	12	22	22	22	11	11	11	22	12	11	21	22	12	22	21	22	11	11	11	21	21	21	11	22	11	21	12	12	22	12	12	11	22	22	21	11	11	12	21	21	11	12	21	22	22	22	12	12	21	22	11	22	21	12	12	12	11	22	11	22	21	12	11
59	0	14.261	23.849	12	12	22	12	11	12	12	12	22	12	12	21	12	21	12	11	11	22	11	22	11	11	22	22	21	12	22	22	22	11	11	11	22	12	11	21	22	12	22	11	22	11	11	11	21	21	21	11	22	11	21	12	22	22	12	12	11	22	22	21	11	11	12	21	21	11	22	21	22	22	22	12	12	21	22	11	22	21	12	12	12	11	22	11	22	21	12	11
62	0	14.261	23.849	12	12	22	12	11	12	12	12	22	12	12	21	12	21	12	11	11	22	11	22	11	11	22	22	21	12	22	22	22	11	11	11	22	12	11	21	22	12	22	11	22	11	11	11	21	21	21	11	22	11	21	12	22	22	12	12	11	22	22	21	11	11	12	21	21	11	22	21	22	22	22	12	12	21	22	11	22	21	12	12	12	11	22	11	22	21	12	11
61	0	14.261	23.849	12	12	22	12	11	12	12	12	22	12	12	21	12	21	12	11	11	22	11	22	11	11	22	22	21	12	22	22	22	11	11	11	22	12	11	21	22	12	22	11	22	11	11	11	21	21	21	11	22	11	21	12	22	22	12	12	11	22	22	21	11	11	12	21	21	11	22	21	22	22	22	12	12	21	22	11	22	21	12	12	12	11	22	11	22	21	12	11
56	0	14.261	23.849	12	12	22	12	11	12	12	12	22	12	12	21	12	21	12	11	11	22	11	22	11	11	22	22	21	12	22	22	22	11	11	11	22	12	11	21	22	12	22	11	22	11	11	11	21	21	21	11	22	11	21	12	22	22	12	12	11	22	22	21	11	11	12	21	21	11	22	21	22	22	22	12	12	21	22	11	22	21	12	12	12	11	22	11	22	21	12	11
58	0	14.261	23.849	12	12	22	12	11	12	12	12	22	12	12	21	12	21	12	11	11	22	11	22	11	11	22	22	21	12	22	22	22	11	11	11	22	12	11	21	22	12	22	11	22	11	11	11	21	21	21	11	22	11	21	12	22	22	12	12	11	22	22	21	11	11	12	21	21	11	22	21	22	22	22	12	12	21	22	11	22	21	12	12	12	11	22	11	22	21	12	11
57	0	14.261	23.849	12	12	22	12	11	12	12	12	22	12	12	21	12	21	12	11	11	22	11	22	11	11	22	22	21	12	22	22	22	11	11	11	22	12	11	21	22	12	22	11	22	11	11	11	21	21	21	11	22	11	21	12	22	22	12	12	11	22	22	21	11	11	12	21	21	11	22	21	22	22	22	12	12	21	22	11	22	21	12	12	12	11	22	11	22	21	12	11
60	0	14.261	23.849	12	12	22	12	11	12	12	12	22	12	12	21	12	21	12	11	11	22	11	22	11	11	22	22	21	12	22	22	22	11	11	11	22	12	11	21	22	12	22	11	22	11	11	11	21	21	21	11	22	11	21	12	22	22	12	12	11	22	22	21	11	11	12	21	21	11	22	21	22	22	22	12	12	21	22	11	22	21	12	12	12	11	22	11	22	21	12	11
67	0	16.643	28.731	12	12	22	22	11	12	12	12	21	12	12	21	12	21	12	11	11	22	11	22	11	11	22	22	21	12	22	22	21	11	11	11	22	12	11	21	22	12	22	11	22	11	11	11	21	11	21	11	22	11	21	12	21	22	12	12	11	22	22	21	11	11	12	21	21	11	21	21	22	22	22	12	12	21	22	11	22	21	12	12	12	11	22	11	22	21	12	11
70	0	16.643	29.908	12	12	22	22	11	12	12	12	21	12	12	21	12	21	12	11	11	22	11	22	11	11	22	22	21	12	22	22	21	11	11	11	22	12	11	22	22	12	22	11	22	11	11	11	21	11	21	11	22	11	21	12	21	22	12	12	11	22	22	21	11	11	12	21	21	11	21	21	22	22	22	12	12	21	22	11	22	21	12	12	12	11	22	11	22	21	12	11
68	0	16.643	29.908	12	12	22	22	11	12	12	12	21	12	12	21	12	21	12	11	11	22	11	22	11	11	22	22	21	12	22	22	21	11	11	11	22	12	11	22	22	12	22	11	22	11	11	11	21	11	21	11	22	11	21	12	21	22	12	12	11	22	22	21	11	11	12	21	21	11	21	21	22	22	22	12	12	21	22	11	22	21	12	12	12	11	22	11	22	21	12	11
69	0	16.643	29.908	12	12	22	22	11	12	12	12	21	12	12	21	12	21	12	11	11	22	11	22	11	11	22	22	21	12	22	22	21	11	11	11	22	12	11	22	22	12	22	11	22	11	11	11	21	11	21	11	22	11	21	12	21	22	12	12	11	22	22	21	11	11	12	21	21	11	21	21	22	22	22	12	12	21	22	11	22	21	12	12	12	11	22	11	22	21	12	11
66	0	16.643	33.524	12	12	22	22	11	12	12	12	21	12	12	21	12	21	12	11	12	22	11	22	11	11	22	22	21	12	22	22	21	11	11	11	22	12	11	22	22	11	22	11	22	11	11	11	21	11	21	11	22	11	21	12	21	22	12	12	11	22	22	21	11	11	12	21	21	11	21	21	22	22	22	12	12	21	22	11	22	21	12	12	12	12	22	11	22	21	12	11
78	0	17.819	35.905	12	12	22	22	11	12	12	12	21	12	12	21	12	21	12	11	12	22	11	22	11	11	22	22	21	12	22	22	21	11	11	11	22	12	11	12	22	11	22	11	22	11	11	11	21	11	21	11	22	11	21	12	21	22	12	12	11	22	22	21	11	11	12	21	22	11	21	21	22	22	22	12	12	21	22	11	21	21	12	12	12	12	22	11	22	21	12	11
73	0	17.819	35.905	12	12	22	22	11	12	12	12	21	12	12	21	12	21	12	11	12	22	11	22	11	11	22	22	21	12	22	22	21	11	11	11	22	12	11	12	22	11	22	11	22	11	11	11	21	11	21	11	22	11	21	12	21	22	12	12	11	22	22	21	11	11	12	21	22	11	21	21	22	22	22	12	12	21	22	11	21	21	12	12	12	12	22	11	22	21	12	11
72	0	17.819	35.905	12	12	22	22	11	12	12	12	21	12	12	21	12	21	12	11	12	22	11	22	11	11	22	22	21	12	22	22	21	11	11	11	22	12	11	12	22	11	22	11	22	11	11	11	21	11	21	11	22	11	21	12	21	22	12	12	11	22	22	21	11	11	12	21	22	11	21	21	22	22	22	12	12	21	22	11	21	21	12	12	12	12	22	11	22	21	12	11
75	0	17.819	38.287	12	12	22	21	11	12	12	12	21	11	12	21	12	21	12	11	12	22	11	22	11	11	22	22	21	12	22	22	21	11	11	11	22	12	11	12	22	11	22	11	22	11	11	11	21	11	21	11	22	11	21	12	21	22	12	12	11	22	22	21	11	11	12	21	22	11	21	21	22	22	22	12	12	21	22	11	21	21	12	12	12	12	22	11	22	21	12	11
77	0	17.819	38.287	12	12	22	21	11	12	12	12	21	11	12	21	12	21	12	11	12	22	11	22	11	11	22	22	21	12	22	22	21	11	11	11	22	12	11	12	22	11	22	11	22	11	11	11	21	11	21	11	22	11	21	12	21	22	12	12	11	22	22	21	11	11	12	21	22	11	21	21	22	22	22	12	12	21	22	11	21	21	12	12	12	12	22	11	22	21	12	11
71	0	17.819	38.287	12	12	22	21	11	12	12	12	21	11	12	21	12	21	12	11	12	22	11	22	11	11	22	22	21	12	22	22	21	11	11	11	22	12	11	12	22	11	22	11	22	11	11	11	21	11	21	11	22	11	21	12	21	22	12	12	11	22	22	21	11	11	12	21	22	11	21	21	22	22	22	12	12	21	22	11	21	21	12	12	12	12	22	11	22	21	12	11
74	0	17.819	38.287	12	12	22	21	11	12	12	12	21	11	12	21	12	21	12	11	12	22	11	22	11	11	22	22	21	12	22	22	21	11	11	11	22	12	11	12	22	11	22	11	22	11	11	11	21	11	21	11	22	11	21	12	21	22	12	12	11	22	22	21	11	11	12	21	22	11	21	21	22	22	22	12	12	21	22	11	21	21	12	12	12	12	22	11	22	21	12	11
76	0	17.819	38.287	12	12	22	21	11	12	12	12	21	11	12	21	12	21	12	11	12	22	11	22	11	11	22	22	21	12	22	22	21	11	11	11	22	12	11	12	22	11	22	11	22	11	11	11	21	11	21	11	22	11	21	12	21	22	12	12	11	22	22	21	11	11	12	21	22	11	21	21	22	22	22	12	12	21	22	11	21	21	12	12	12	12	22	11	22	21	12	11
79	0	18.996	39.463	12	12	22	21	11	12	12	12	21	21	12	21	12	21	12	11	12	22	11	22	11	11	22	22	21	12	22	22	21	11	11	11	22	12	11	12	22	11	22	11	22	11	11	11	21	11	21	11	22	11	21	12	21	22	12	12	11	22	22	21	11	11	12	21	22	11	21	21	22	21	22	12	12	21	22	11	21	21	12	12	12	12	22	11	22	21	12	11
80	0	18.996	41.845	12	12	22	22	11	12	12	12	21	21	12	21	12	21	12	11	12	22	11	22	11	11	22	22	21	12	22	22	21	11	11	11	22	12	11	12	22	11	22	11	22	11	11	11	21	11	21	11	22	11	22	12	21	22	12	12	11	22	22	21	11	11	12	21	22	11	21	21	22	21	22	12	12	21	22	11	21	21	12	12	12	12	22	11	22	21	12	11
81	0	22.612	41.845	12	12	22	22	11	12	12	12	21	21	12	11	12	21	12	11	12	22	11	12	11	11	22	22	21	12	22	22	21	11	11	11	22	12	11	22	22	11	22	11	22	11	11	11	21	11	21	11	22	11	22	12	21	22	12	12	11	22	22	21	11	11	12	21	22	11	21	21	22	21	22	12	12	21	22	11	21	21	12	12	12	12	22	11	22	21	12	11
83	0	22.612	41.845	12	12	22	22	11	12	12	12	21	21	12	11	12	21	12	11	12	22	11	12	11	11	22	22	21	12	22	22	21	11	11	11	22	12	11	22	22	11	22	11	22	11	11	11	21	11	21	11	22	11	22	12	21	22	12	12	11	22	22	21	11	11	12	21	22	11	21	21	22	21	22	12	12	21	22	11	21	21	12	12	12	12	22	11	22	21	12	11
82	0	22.612	41.845	12	12	22	22	11	12	12	12	21	21	12	11	12	21	12	11	12	22	11	12	11	11	22	22	21	12	22	22	21	11	11	11	22	12	11	22	22	11	22	11	22	11	11	11	21	11	21	11	22	11	22	12	21	22	12	12	11	22	22	21	11	11	12	21	22	11	21	21	22	21	22	12	12	21	22	11	21	21	12	12	12	12	22	11	22	21	12	11
84	0	22.612	45.461	12	12	22	22	11	12	12	12	21	21	12	11	12	21	12	11	12	22	11	12	11	11	21	21	21	12	22	22	21	11	11	11	22	12	11	22	22	11	22	11	22	11	11	11	21	11	21	11	22	12	22	12	21	22	12	12	11	22	22	21	11	11	12	21	22	11	21	21	22	21	22	12	12	21	22	11	21	21	12	12	12	12	22	11	22	21	12	11
85	0	22.612	45.461	12	12	22	22	11	12	12	12	21	21	12	11	12	21	12	11	12	22	11	12	11	11	21	21	21	12	22	22	21	11	11	11	22	12	11	22	22	11	22	11	22	11	11	11	21	11	21	11	22	12	22	12	21	22	12	12	11	22	22	21	11	11	12	21	22	11	21	21	22	21	22	12	12	21	22	11	21	21	12	12	12	12	22	11	22	21	12	11
91	0	22.612	49.077	12	12	22	22	11	12	12	12	21	21	12	11	12	21	12	11	12	22	11	12	11	11	21	21	21	12	22	22	21	11	11	11	22	12	11	22	22	11	21	11	21	11	11	11	21	11	21	11	22	12	22	12	21	22	12	12	11	22	22	21	11	11	12	21	22	11	21	21	22	21	22	12	12	21	22	11	21	21	12	12	12	12	22	11	21	21	12	11
89	0	22.612	49.077	12	12	22	22	11	12	12	12	21	21	12	11	12	21	12	11	12	22	11	12	11	11	21	21	21	12	22	22	21	11	11	11	22	12	11	22	22	11	21	11	21	11	11	11	21	11	21	11	22	12	22	12	21	22	12	12	11	22	22	21	11	11	12	21	22	11	21	21	22	21	22	12	12	21	22	11	21	21	12	12	12	12	22	11	21	21	12	11
90	0	22.612	49.077	12	12	22	22	11	12	12	12	21	21	12	11	12	21	12	11	12	22	11	12	11	11	21	21	21	12	22	22	21	11	11	11	22	12	11	22	22	11	21	11	21	11	11	11	21	11	21	11	22	12	22	12	21	22	12	12	11	22	22	21	11	11	12	21	22	11	21	21	22	21	22	12	12	21	22	11	21	21	12	12	12	12	22	11	21	21	12	11
92	0	22.612	51.458	12	12	22	22	11	12	12	11	21	21	12	11	12	21	12	11	12	22	11	12	11	11	21	21	21	12	21	22	21	11	11	11	22	12	11	22	22	11	21	11	21	11	11	11	21	11	21	11	22	12	22	12	21	22	12	12	11	22	22	21	11	11	12	21	22	11	21	21	22	21	22	12	12	21	22	11	21	21	12	12	12	12	22	11	21	21	12	11
88	0	23.788	51.458	12	12	22	22	11	12	12	11	21	11	12	11	12	21	12	11	12	22	11	12	11	11	21	21	21	12	21	22	21	11	11	11	22	12	11	22	22	11	21	11	21	11	11	11	21	11	21	11	22	12	22	12	21	22	12	12	11	22	22	21	11	11	12	21	22	11	21	21	22	21	22	12	12	21	22	11	21	21	12	12	12	12	22	11	21	21	12	11
86	0	23.788	51.458	12	12	22	22	11	12	12	11	21	11	12	11	12	21	12	11	12	22	11	12	11	11	21	21	21	12	21	22	21	11	11	11	22	12	11	22	22	11	21	11	21	11	11	11	21	11	21	11	22	12	22	12	21	22	12	12	11	22	22	21	11	11	12	21	22	11	21	21	22	21	22	12	12	21	22	11	21	21	12	12	12	12	22	11	21	21	12	11
87	0	23.788	51.458	12	12	22	22	11	12	12	11	21	11	12	11	12	21	12	11	12	22	11	12	11	11	21	21	21	12	21	22	21	11	11	11	22	12	11	22	22	11	21	11	21	11	11	11	21	11	21	11	22	12	22	12	21	22	12	12	11	22	22	21	11	11	12	21	22	11	21	21	22	21	22	12	12	21	22	11	21	21	12	12	12	12	22	11	21	21	12	11
93	0	24.965	51.458	12	12	22	22	11	12	12	11	21	11	12	11	12	21	12	11	12	22	11	12	11	11	21	21	21	12	21	22	21	11	11	11	22	12	11	22	22	11	21	11	21	11	11	11	21	11	21	11	22	12	22	12	21	22	12	12	11	22	22	21	11	11	12	21	22	11	21	21	22	11	22	12	12	21	22	11	21	21	12	12	12	12	22	11	21	21	12	11
94	0	24.965	52.635	12	12	22	22	11	12	12	11	21	11	12	11	12	21	12	11	12	22	11	12	11	11	21	21	22	12	21	22	21	11	11	11	22	12	11	22	22	11	21	11	21	11	11	11	21	11	21	11	22	12	22	12	21	22	12	12	11	22	22	21	11	11	12	21	22	11	21	21	22	11	22	12	12	21	22	11	21	21	12	12	12	12	22	11	21	21	12	11
102	0	24.965	55.016	12	12	22	22	11	12	12	11	21	11	12	11	12	22	12	11	12	22	11	12	11	11	21	21	22	12	21	22	21	11	11	11	22	12	11	22	22	11	21	11	21	11	11	11	21	12	21	11	22	12	22	12	21	22	12	12	11	22	22	21	11	11	12	21	22	11	21	21	22	11	22	12	12	21	22	11	21	21	12	12	12	12	22	11	21	21	12	11
96	0	26.142	56.193	12	12	22	22	11	12	12	11	21	21	12	11	12	22	12	11	12	22	11	12	11	11	21	21	22	12	21	22	21	11	11	11	22	12	11	22	22	11	21	11	21	11	11	11	21	12	21	11	22	12	22	12	21	22	12	12	11	22	22	21	11	11	12	21	22	11	21	21	22	11	21	12	12	21	22	11	21	21	12	12	12	12	22	11	21	21	12	11
99	0	26.142	56.193	12	12	22	22	11	12	12	11	21	21	12	11	12	22	12	11	12	22	11	12	11	11	21	21	22	12	21	22	21	11	11	11	22	12	11	22	22	11	21	11	21	11	11	11	21	12	21	11	22	12	22	12	21	22	12	12	11	22	22	21	11	11	12	21	22	11	21	21	22	11	21	12	12	21	22	11	21	21	12	12	12	12	22	11	21	21	12	11
98	0	26.142	56.193	12	12	22	22	11	12	12	11	21	21	12	11	12	22	12	11	12	22	11	12	11	11	21	21	22	12	21	22	21	11	11	11	22	12	11	22	22	11	21	11	21	11	11	11	21	12	21	11	22	12	22	12	21	22	12	12	11	22	22	21	11	11	12	21	22	11	21	21	22	11	21	12	12	21	22	11	21	21	12	12	12	12	22	11	21	21	12	11
101	0	26.142	56.193	12	12	22	22	11	12	12	11	21	21	12	11	12	22	12	11	12	22	11	12	11	11	21	21	22	12	21	22	21	11	11	11	22	12	11	22	22	11	21	11	21	11	11	11	21	12	21	11	22	12	22	12	21	22	12	12	11	22	22	21	11	11	12	21	22	11	21	21	22	11	21	12	12	21	22	11	21	21	12	12	12	12	22	11	21	21	12	11
95	0	26.142	56.193	12	12	22	22	11	12	12	11	21	21	12	11	12	22	12	11	12	22	11	12	11	11	21	21	22	12	21	22	21	11	11	11	22	12	11	22	22	11	21	11	21	11	11	11	21	12	21	11	22	12	22	12	21	22	12	12	11	22	22	21	11	11	12	21	22	11	21	21	22	11	21	12	12	21	22	11	21	21	12	12	12	12	22	11	21	21	12	11
97	0	26.142	56.193	12	12	22	22	11	12	12	11	21	21	12	11	12	22	12	11	12	22	11	12	11	11	21	21	22	12	21	22	21	11	11	11	22	12	11	22	22	11	21	11	21	11	11	11	21	12	21	11	22	12	22	12	21	22	12	12	11	22	22	21	11	11	12	21	22	11	21	21	22	11	21	12	12	21	22	11	21	21	12	12	12	12	22	11	21	21	12	11
100	0	26.142	56.193	12	12	22	22	11	12	12	11	21	21	12	11	12	22	12	11	12	22	11	12	11	11	21	21	22	12	21	22	21	11	11	11	22	12	11	22	22	11	21	11	21	11	11	11	21	12	21	11	22	12	22	12	21	22	12	12	11	22	22	21	11	11	12	21	22	11	21	21	22	11	21	12	12	21	22	11	21	21	12	12	12	12	22	11	21	21	12	11
103	0	27.318	56.193	12	12	22	22	11	22	12	11	21	21	12	11	12	22	12	11	12	22	11	12	11	11	21	21	22	12	21	22	21	11	11	11	22	12	11	22	22	11	21	11	21	11	11	11	21	12	21	11	22	12	22	12	21	22	12	12	11	22	22	21	11	11	12	21	22	11	21	21	22	11	21	12	12	21	22	11	21	21	12	12	12	12	22	11	21	21	12	11
104	0	27.318	56.193	12	12	22	22	11	22	12	11	21	21	12	11	12	22	12	11	12	22	11	12	11	11	21	21	22	12	21	22	21	11	11	11	22	12	11	22	22	11	21	11	21	11	11	11	21	12	21	11	22	12	22	12	21	22	12	12	11	22	22	21	11	11	12	21	22	11	21	21	22	11	21	12	12	21	22	11	21	21	12	12	12	12	22	11	21	21	12	11
106	0	27.318	58.574	12	12	22	22	11	22	12	11	21	21	12	11	11	22	12	11	12	22	11	12	11	11	21	21	22	12	21	22	21	11	11	11	22	12	11	22	22	11	21	11	21	11	11	11	21	12	21	11	22	12	22	12	21	22	12	12	11	22	22	21	11	11	12	21	22	11	22	21	22	11	21	12	12	21	22	11	21	21	12	12	12	12	22	11	21	21	12	11
110	0	28.495	63.456	12	12	22	22	11	22	12	11	21	21	12	11	11	22	12	11	12	22	11	12	11	11	22	21	22	12	21	22	21	11	11	11	22	11	11	22	22	11	21	11	21	11	11	11	21	12	21	11	22	12	22	12	22	22	12	12	11	22	22	21	11	11	12	21	22	11	22	21	22	11	21	12	12	21	22	11	21	22	12	12	22	12	22	11	21	21	12	11
111	0	28.495	63.456	12	12	22	22	11	22	12	11	21	21	12	11	11	22	12	11	12	22	11	12	11	11	22	21	22	12	21	22	21	11	11	11	22	11	11	22	22	11	21	11	21	11	11	11	21	12	21	11	22	12	22	12	22	22	12	12	11	22	22	21	11	11	12	21	22	11	22	21	22	11	21	12	12	21	22	11	21	22	12	12	22	12	22	11	21	21	12	11
107	0	28.495	63.456	12	12	22	22	11	22	12	11	21	21	12	11	11	22	12	11	12	22	11	12	11	11	22	21	22	12	21	22	21	11	11	11	22	11	11	22	22	11	21	11	21	11	11	11	21	12	21	11	22	12	22	12	22	22	12	12	11	22	22	21	11	11	12	21	22	11	22	21	22	11	21	12	12	21	22	11	21	22	12	12	22	12	22	11	21	21	12	11
114	0	28.495	63.456	12	12	22	22	11	22	12	11	21	21	12	11	11	22	12	11	12	22	11	12	11	11	22	21	22	12	21	22	21	11	11	11	22	11	11	22	22	11	21	11	21	11	11	11	21	12	21	11	22	12	22	12	22	22	12	12	11	22	22	21	11	11	12	21	22	11	22	21	22	11	21	12	12	21	22	11	21	22	12	12	22	12	22	11	21	21	12	11
112	0	28.495	63.456	12	12	22	22	11	22	12	11	21	21	12	11	11	22	12	11	12	22	11	12	11	11	22	21	22	12	21	22	21	11	11	11	22	11	11	22	22	11	21	11	21	11	11	11	21	12	21	11	22	12	22	12	22	22	12	12	11	22	22	21	11	11	12	21	22	11	22	21	22	11	21	12	12	21	22	11	21	22	12	12	22	12	22	11	21	21	12	11
113	0	28.495	63.456	12	12	22	22	11	22	12	11	21	21	12	11	11	22	12	11	12	22	11	12	11	11	22	21	22	12	21	22	21	11	11	11	22	11	11	22	22	11	21	11	21	11	11	11	21	12	21	11	22	12	22	12	22	22	12	12	11	22	22	21	11	11	12	21	22	11	22	21	22	11	21	12	12	21	22	11	21	22	12	12	22	12	22	11	21	21	12	11
115	0	28.495	63.456	12	12	22	22	11	22	12	11	21	21	12	11	11	22	12	11	12	22	11	12	11	11	22	21	22	12	21	22	21	11	11	11	22	11	11	22	22	11	21	11	21	11	11	11	21	12	21	11	22	12	22	12	22	22	12	12	11	22	22	21	11	11	12	21	22	11	22	21	22	11	21	12	12	21	22	11	21	22	12	12	22	12	22	11	21	21	12	11
109	0	28.495	63.456	12	12	22	22	11	22	12	11	21	21	12	11	11	22	12	11	12	22	11	12	11	11	22	21	22	12	21	22	21	11	11	11	22	11	11	22	22	11	21	11	21	11	11	11	21	12	21	11	22	12	22	12	22	22	12	12	11	22	22	21	11	11	12	21	22	11	22	21	22	11	21	12	12	21	22	11	21	22	12	12	22	12	22	11	21	21	12	11
108	0	29.671	64.632	12	12	22	22	11	22	12	11	21	21	12	11	11	22	12	11	12	22	11	12	11	11	22	21	22	12	21	22	21	11	11	11	22	11	11	22	22	11	21	11	21	11	11	11	21	12	21	11	22	12	22	12	12	22	12	12	11	22	22	21	11	11	12	21	22	11	22	21	22	11	21	12	12	21	22	11	21	22	12	12	21	12	22	11	21	21	12	11
122	0	34.553	64.632	12	12	22	22	11	22	12	21	21	21	12	11	11	22	12	11	12	22	11	12	11	11	12	21	22	12	21	22	21	11	11	11	22	11	11	22	22	11	21	11	21	11	11	11	21	12	21	21	22	12	22	12	12	22	12	12	11	22	22	21	11	11	12	21	22	11	22	21	22	11	21	12	12	21	22	11	21	12	12	12	21	12	22	11	21	21	12	11
120	0	34.553	64.632	12	12	22	22	11	22	12	21	21	21	12	11	11	22	12	11	12	22	11	12	11	11	12	21	22	12	21	22	21	11	11	11	22	11	11	22	22	11	21	11	21	11	11	11	21	12	21	21	22	12	22	12	12	22	12	12	11	22	22	21	11	11	12	21	22	11	22	21	22	11	21	12	12	21	22	11	21	12	12	12	21	12	22	11	21	21	12	11
119	0	34.553	64.632	12	12	22	22	11	22	12	21	21	21	12	11	11	22	12	11	12	22	11	12	11	11	12	21	22	12	21	22	21	11	11	11	22	11	11	22	22	11	21	11	21	11	11	11	21	12	21	21	22	12	22	12	12	22	12	12	11	22	22	21	11	11	12	21	22	11	22	21	22	11	21	12	12	21	22	11	21	12	12	12	21	12	22	11	21	21	12	11
123	0	34.553	64.632	12	12	22	22	11	22	12	21	21	21	12	11	11	22	12	11	12	22	11	12	11	11	12	21	22	12	21	22	21	11	11	11	22	11	11	22	22	11	21	11	21	11	11	11	21	12	21	21	22	12	22	12	12	22	12	12	11	22	22	21	11	11	12	21	22	11	22	21	22	11	21	12	12	21	22	11	21	12	12	12	21	12	22	11	21	21	12	11
121	0	34.553	64.632	12	12	22	22	11	22	12	21	21	21	12	11	11	22	12	11	12	22	11	12	11	11	12	21	22	12	21	22	21	11	11	11	22	11	11	22	22	11	21	11	21	11	11	11	21	12	21	21	22	12	22	12	12	22	12	12	11	22	22	21	11	11	12	21	22	11	22	21	22	11	21	12	12	21	22	11	21	12	12	12	21	12	22	11	21	21	12	11
117	0	34.553	64.632	12	12	22	22	11	22	12	21	21	21	12	11	11	22	12	11	12	22	11	12	11	11	12	21	22	12	21	22	21	11	11	11	22	11	11	22	22	11	21	11	21	11	11	11	21	12	21	21	22	12	22	12	12	22	12	12	11	22	22	21	11	11	12	21	22	11	22	21	22	11	21	12	12	21	22	11	21	12	12	12	21	12	22	11	21	21	12	11
116	0	34.553	64.632	12	12	22	22	11	22	12	21	21	21	12	11	11	22	12	11	12	22	11	12	11	11	12	21	22	12	21	22	21	11	11	11	22	11	11	22	22	11	21	11	21	11	11	11	21	12	21	21	22	12	22	12	12	22	12	12	11	22	22	21	11	11	12	21	22	11	22	21	22	11	21	12	12	21	22	11	21	12	12	12	21	12	22	11	21	21	12	11
118	0	34.553	64.632	12	12	22	22	11	22	12	21	21	21	12	11	11	22	12	11	12	22	11	12	11	11	12	21	22	12	21	22	21	11	11	11	22	11	11	22	22	11	21	11	21	11	11	11	21	12	21	21	22	12	22	12	12	22	12	12	11	22	22	21	11	11	12	21	22	11	22	21	22	11	21	12	12	21	22	11	21	12	12	12	21	12	22	11	21	21	12	11
125	0	35.730	64.632	12	12	22	22	11	22	12	21	21	21	12	11	11	22	12	11	12	22	11	12	11	11	12	21	22	12	21	22	21	11	11	11	22	11	11	22	22	11	21	11	21	11	11	11	21	12	21	11	22	12	22	12	12	22	12	12	11	22	22	21	11	11	12	21	22	11	22	21	22	11	21	12	12	21	22	11	21	12	12	12	21	12	22	11	21	21	12	11
124	0	35.730	64.632	12	12	22	22	11	22	12	21	21	21	12	11	11	22	12	11	12	22	11	12	11	11	12	21	22	12	21	22	21	11	11	11	22	11	11	22	22	11	21	11	21	11	11	11	21	12	21	11	22	12	22	12	12	22	12	12	11	22	22	21	11	11	12	21	22	11	22	21	22	11	21	12	12	21	22	11	21	12	12	12	21	12	22	11	21	21	12	11
105	0	38.111	64.632	12	12	22	12	11	22	12	21	21	11	12	11	11	22	12	11	12	22	11	12	11	11	12	21	22	12	21	22	21	11	11	11	22	11	11	22	22	11	21	11	21	11	11	11	21	12	21	11	22	12	22	12	12	22	12	12	11	22	22	21	11	11	12	21	22	11	22	21	22	11	21	12	12	21	22	11	21	12	12	12	21	12	22	11	21	21	12	11
126	0	38.111	65.809	12	12	22	12	11	22	12	21	21	11	12	11	11	22	12	11	12	22	11	12	11	11	12	21	22	12	21	22	21	11	11	11	22	11	11	22	22	11	21	11	21	11	11	11	21	12	21	11	22	12	22	12	12	22	12	12	11	22	22	22	11	11	12	21	22	11	22	21	22	11	21	12	12	21	22	11	21	12	12	12	21	12	22	11	21	21	12	11
129	0	38.111	65.809	12	12	22	12	11	22	12	21	21	11	12	11	11	22	12	11	12	22	11	12	11	11	12	21	22	12	21	22	21	11	11	11	22	11	11	22	22	11	21	11	21	11	11	11	21	12	21	11	22	12	22	12	12	22	12	12	11	22	22	22	11	11	12	21	22	11	22	21	22	11	21	12	12	21	22	11	21	12	12	12	21	12	22	11	21	21	12	11
131	0	38.111	65.809	12	12	22	12	11	22	12	21	21	11	12	11	11	22	12	11	12	22	11	12	11	11	12	21	22	12	21	22	21	11	11	11	22	11	11	22	22	11	21	11	21	11	11	11	21	12	21	11	22	12	22	12	12	22	12	12	11	22	22	22	11	11	12	21	22	11	22	21	22	11	21	12	12	21	22	11	21	12	12	12	21	12	22	11	21	21	12	11
128	0	38.111	65.809	12	12	22	12	11	22	12	21	21	11	12	11	11	22	12	11	12	22	11	12	11	11	12	21	22	12	21	22	21	11	11	11	22	11	11	22	22	11	21	11	21	11	11	11	21	12	21	11	22	12	22	12	12	22	12	12	11	22	22	22	11	11	12	21	22	11	22	21	22	11	21	12	12	21	22	11	21	12	12	12	21	12	22	11	21	21	12	11
130	0	38.111	65.809	12	12	22	12	11	22	12	21	21	11	12	11	11	22	12	11	12	22	11	12	11	11	12	21	22	12	21	22	21	11	11	11	22	11	11	22	22	11	21	11	21	11	11	11	21	12	21	11	22	12	22	12	12	22	12	12	11	22	22	22	11	11	12	21	22	11	22	21	22	11	21	12	12	21	22	11	21	12	12	12	21	12	22	11	21	21	12	11
127	0	39.287	65.809	12	12	22	22	11	22	12	21	21	11	12	11	11	22	12	11	12	22	11	12	11	11	12	21	22	12	21	22	21	11	11	11	22	11	11	22	22	11	21	11	21	11	11	11	21	12	21	11	22	12	22	12	12	22	12	12	11	22	22	22	11	11	12	21	22	11	22	21	22	11	21	12	12	21	22	11	21	12	12	12	21	12	22	11	21	21	12	11
133	0	40.464	66.986	12	12	22	22	11	22	12	21	21	11	12	11	11	22	12	11	12	22	11	12	11	11	12	21	12	12	21	22	21	11	11	11	22	11	11	22	22	11	21	11	21	11	11	12	21	12	21	11	22	12	22	12	12	22	12	12	11	22	22	22	11	11	12	21	22	11	22	21	22	11	21	12	12	21	22	11	21	12	12	12	21	12	22	11	21	21	12	11
132	0	40.464	66.986	12	12	22	22	11	22	12	21	21	11	12	11	11	22	12	11	12	22	11	12	11	11	12	21	12	12	21	22	21	11	11	11	22	11	11	22	22	11	21	11	21	11	11	12	21	12	21	11	22	12	22	12	12	22	12	12	11	22	22	22	11	11	12	21	22	11	22	21	22	11	21	12	12	21	22	11	21	12	12	12	21	12	22	11	21	21	12	11
136	0	40.464	68.162	12	12	22	22	11	22	12	21	21	12	12	11	11	22	12	11	12	22	11	12	11	11	12	21	12	12	21	22	21	11	11	11	22	11	11	22	22	11	21	11	21	11	11	12	21	12	21	11	22	12	22	12	12	22	12	12	11	22	22	22	11	11	12	21	22	11	22	21	22	11	21	12	12	21	22	11	21	12	12	12	21	12	22	11	21	21	12	11
134	0	40.464	68.162	12	12	22	22	11	22	12	21	21	12	12	11	11	22	12	11	12	22	11	12	11	11	12	21	12	12	21	22	21	11	11	11	22	11	11	22	22	11	21	11	21	11	11	12	21	12	21	11	22	12	22	12	12	22	12	12	11	22	22	22	11	11	12	21	22	11	22	21	22	11	21	12	12	21	22	11	21	12	12	12	21	12	22	11	21	21	12	11
135	0	40.464	68.162	12	12	22	22	11	22	12	21	21	12	12	11	11	22	12	11	12	22	11	12	11	11	12	21	12	12	21	22	21	11	11	11	22	11	11	22	22	11	21	11	21	11	11	12	21	12	21	11	22	12	22	12	12	22	12	12	11	22	22	22	11	11	12	21	22	11	22	21	22	11	21	12	12	21	22	11	21	12	12	12	21	12	22	11	21	21	12	11
139	0	40.464	70.543	12	12	22	22	11	22	11	21	21	12	12	11	11	22	12	11	12	22	11	12	11	11	12	21	12	12	21	22	21	11	11	11	22	11	11	22	22	11	21	11	21	11	11	12	21	12	21	11	22	12	22	12	12	22	12	12	11	22	22	22	11	11	12	21	22	11	22	22	22	11	21	12	12	21	22	11	21	12	12	12	21	12	22	11	21	21	12	11
141	0	40.464	71.720	12	12	22	22	11	22	11	21	21	12	12	11	11	22	12	11	12	22	11	12	11	11	12	21	12	12	21	22	21	11	11	11	22	11	11	22	22	11	21	11	21	11	11	12	21	12	21	11	22	12	22	12	12	22	12	12	11	22	22	22	11	11	12	21	22	11	22	22	22	11	21	12	12	21	22	11	21	12	12	12	22	12	22	11	21	21	12	11
140	0	40.464	71.720	12	12	22	22	11	22	11	21	21	12	12	11	11	22	12	11	12	22	11	12	11	11	12	21	12	12	21	22	21	11	11	11	22	11	11	22	22	11	21	11	21	11	11	12	21	12	21	11	22	12	22	12	12	22	12	12	11	22	22	22	11	11	12	21	22	11	22	22	22	11	21	12	12	21	22	11	21	12	12	12	22	12	22	11	21	21	12	11
137	0	40.464	71.720	12	12	22	22	11	22	11	21	21	12	12	11	11	22	12	11	12	22	11	12	11	11	12	21	12	12	21	22	21	11	11	11	22	11	11	22	22	11	21	11	21	11	11	12	21	12	21	11	22	12	22	12	12	22	12	12	11	22	22	22	11	11	12	21	22	11	22	22	22	11	21	12	12	21	22	11	21	12	12	12	22	12	22	11	21	21	12	11
138	0	40.464	71.720	12	12	22	22	11	22	11	21	21	12	12	11	11	22	12	11	12	22	11	12	11	11	12	21	12	12	21	22	21	11	11	11	22	11	11	22	22	11	21	11	21	11	11	12	21	12	21	11	22	12	22	12	12	22	12	12	11	22	22	22	11	11	12	21	22	11	22	22	22	11	21	12	12	21	22	11	21	12	12	12	22	12	22	11	21	21	12	11
142	0	41.641	71.720	12	12	22	22	11	22	11	21	21	12	12	11	11	22	12	11	12	22	11	12	11	11	12	21	12	12	21	22	21	11	11	11	22	11	11	22	22	11	21	11	21	11	11	22	21	12	21	11	22	12	22	12	12	22	12	12	11	22	22	22	11	11	12	21	22	11	22	22	22	11	21	12	12	21	22	11	21	12	12	12	22	12	22	11	21	21	12	11
144	0	42.817	71.720	12	12	22	22	11	22	11	21	21	12	12	11	11	22	12	11	12	22	11	12	11	11	12	21	12	22	21	22	21	11	11	11	22	11	11	22	22	11	21	11	21	11	11	22	21	12	21	11	22	12	22	12	12	22	12	12	11	22	22	22	11	11	12	21	22	11	22	22	22	11	21	12	12	21	22	11	21	12	12	12	22	12	22	11	21	21	12	11
145	0	42.817	71.720	12	12	22	22	11	22	11	21	21	12	12	11	11	22	12	11	12	22	11	12	11	11	12	21	12	22	21	22	21	11	11	11	22	11	11	22	22	11	21	11	21	11	11	22	21	12	21	11	22	12	22	12	12	22	12	12	11	22	22	22	11	11	12	21	22	11	22	22	22	11	21	12	12	21	22	11	21	12	12	12	22	12	22	11	21	21	12	11
143	0	42.817	71.720	12	12	22	22	11	22	11	21	21	12	12	11	11	22	12	11	12	22	11	12	11	11	12	21	12	22	21	22	21	11	11	11	22	11	11	22	22	11	21	11	21	11	11	22	21	12	21	11	22	12	22	12	12	22	12	12	11	22	22	22	11	11	12	21	22	11	22	22	22	11	21	12	12	21	22	11	21	12	12	12	22	12	22	11	21	21	12	11
146	0	47.699	71.720	12	12	22	22	11	22	11	21	21	12	12	11	11	22	12	11	12	22	11	12	11	11	12	21	12	22	21	22	21	11	11	11	22	11	11	22	22	11	21	11	21	11	11	22	21	12	21	11	22	12	22	12	12	22	12	12	11	12	22	22	11	11	12	21	12	11	12	22	22	11	21	12	12	21	22	11	21	12	12	12	12	12	22	11	21	21	12	11
150	0	47.699	72.896	12	12	22	22	11	22	11	21	21	12	12	11	11	22	12	11	12	22	11	12	11	11	12	21	12	22	21	22	21	11	11	11	22	11	11	22	22	11	21	11	21	11	11	22	21	12	21	11	21	12	22	12	12	22	12	12	11	12	22	22	11	11	12	21	12	11	12	22	22	11	21	12	12	21	22	11	21	12	12	12	12	12	22	11	21	21	12	11
149	0	47.699	72.896	12	12	22	22	11	22	11	21	21	12	12	11	11	22	12	11	12	22	11	12	11	11	12	21	12	22	21	22	21	11	11	11	22	11	11	22	22	11	21	11	21	11	11	22	21	12	21	11	21	12	22	12	12	22	12	12	11	12	22	22	11	11	12	21	12	11	12	22	22	11	21	12	12	21	22	11	21	12	12	12	12	12	22	11	21	21	12	11
148	0	47.699	72.896	12	12	22	22	11	22	11	21	21	12	12	11	11	22	12	11	12	22	11	12	11	11	12	21	12	22	21	22	21	11	11	11	22	11	11	22	22	11	21	11	21	11	11	22	21	12	21	11	21	12	22	12	12	22	12	12	11	12	22	22	11	11	12	21	12	11	12	22	22	11	21	12	12	21	22	11	21	12	12	12	12	12	22	11	21	21	12	11
151	0	47.699	72.896	12	12	22	22	11	22	11	21	21	12	12	11	11	22	12	11	12	22	11	12	11	11	12	21	12	22	21	22	21	11	11	11	22	11	11	22	22	11	21	11	21	11	11	22	21	12	21	11	21	12	22	12	12	22	12	12	11	12	22	22	11	11	12	21	12	11	12	22	22	11	21	12	12	21	22	11	21	12	12	12	12	12	22	11	21	21	12	11
153	0	47.699	72.896	12	12	22	22	11	22	11	21	21	12	12	11	11	22	12	11	12	22	11	12	11	11	12	21	12	22	21	22	21	11	11	11	22	11	11	22	22	11	21	11	21	11	11	22	21	12	21	11	21	12	22	12	12	22	12	12	11	12	22	22	11	11	12	21	12	11	12	22	22	11	21	12	12	21	22	11	21	12	12	12	12	12	22	11	21	21	12	11
154	0	47.699	74.073	12	12	22	22	11	22	11	21	21	12	12	11	11	22	12	11	12	21	11	12	11	11	12	21	12	22	21	22	21	11	11	11	22	11	11	22	22	11	21	11	21	11	11	22	21	12	21	11	21	12	22	12	12	22	12	12	11	12	22	22	11	11	12	21	12	11	12	22	22	11	21	12	12	21	22	11	21	12	12	12	12	12	22	11	21	21	12	11
157	0	47.699	75.250	12	12	22	22	11	22	11	21	21	12	12	11	11	22	12	11	12	21	11	12	11	11	12	21	12	22	21	22	21	11	11	11	22	11	11	22	22	11	21	11	21	11	11	22	21	12	21	11	21	12	22	12	12	22	12	12	11	12	22	22	11	11	12	21	12	11	12	22	22	11	21	12	12	21	22	11	21	12	12	12	12	12	22	11	21	22	12	11
161	0	47.699	75.250	12	12	22	22	11	22	11	21	21	12	12	11	11	22	12	11	12	21	11	12	11	11	12	21	12	22	21	22	21	11	11	11	22	11	11	22	22	11	21	11	21	11	11	22	21	12	21	11	21	12	22	12	12	22	12	12	11	12	22	22	11	11	12	21	12	11	12	22	22	11	21	12	12	21	22	11	21	12	12	12	12	12	22	11	21	22	12	11
160	0	47.699	75.250	12	12	22	22	11	22	11	21	21	12	12	11	11	22	12	11	12	21	11	12	11	11	12	21	12	22	21	22	21	11	11	11	22	11	11	22	22	11	21	11	21	11	11	22	21	12	21	11	21	12	22	12	12	22	12	12	11	12	22	22	11	11	12	21	12	11	12	22	22	11	21	12	12	21	22	11	21	12	12	12	12	12	22	11	21	22	12	11
156	0	48.875	75.250	12	12	22	22	11	22	11	11	21	12	12	11	11	22	12	11	12	21	11	12	11	11	12	21	12	22	21	22	21	11	11	11	22	11	11	22	22	11	21	11	21	11	11	22	21	12	21	11	21	12	22	12	12	22	12	12	11	12	22	22	11	11	12	21	12	11	12	22	22	11	21	12	12	21	22	11	21	12	12	12	12	12	22	11	21	22	12	11
158	0	50.052	75.250	12	12	22	22	11	22	11	11	21	12	12	11	11	22	12	11	12	21	11	12	11	11	12	21	12	22	21	22	21	11	11	11	22	11	11	22	22	11	21	11	21	11	11	22	21	12	21	11	21	12	22	12	12	22	12	12	11	12	22	22	11	11	12	21	12	11	12	22	22	11	21	12	12	21	22	11	21	12	12	12	12	12	22	11	21	12	12	11
147	0	50.052	75.250	12	12	22	22	11	22	11	11	21	12	12	11	11	22	12	11	12	21	11	12	11	11	12	21	12	22	21	22	21	11	11	11	22	11	11	22	22	11	21	11	21	11	11	22	21	12	21	11	21	12	22	12	12	22	12	12	11	12	22	22	11	11	12	21	12	11	12	22	22	11	21	12	12	21	22	11	21	12	12	12	12	12	22	11	21	12	12	11
159	0	50.052	75.250	12	12	22	22	11	22	11	11	21	12	12	11	11	22	12	11	12	21	11	12	11	11	12	21	12	22	21	22	21	11	11	11	22	11	11	22	22	11	21	11	21	11	11	22	21	12	21	11	21	12	22	12	12	22	12	12	11	12	22	22	11	11	12	21	12	11	12	22	22	11	21	12	12	21	22	11	21	12	12	12	12	12	22	11	21	12	12	11
155	0	50.052	75.250	12	12	22	22	11	22	11	11	21	12	12	11	11	22	12	11	12	21	11	12	11	11	12	21	12	22	21	22	21	11	11	11	22	11	11	22	22	11	21	11	21	11	11	22	21	12	21	11	21	12	22	12	12	22	12	12	11	12	22	22	11	11	12	21	12	11	12	22	22	11	21	12	12	21	22	11	21	12	12	12	12	12	22	11	21	12	12	11
162	0	50.052	76.426	12	12	22	22	11	22	11	11	21	12	12	11	11	22	12	11	12	21	11	12	11	11	12	21	12	22	21	22	21	11	11	11	22	11	11	22	22	11	21	11	21	11	11	22	21	12	21	12	21	12	22	12	12	22	12	12	11	12	22	22	11	11	12	21	12	11	12	22	22	11	21	12	12	21	22	11	21	12	12	12	12	12	22	11	21	12	12	11
152	0	50.052	76.426	12	12	22	22	11	22	11	11	21	12	12	11	11	22	12	11	12	21	11	12	11	11	12	21	12	22	21	22	21	11	11	11	22	11	11	22	22	11	21	11	21	11	11	22	21	12	21	12	21	12	22	12	12	22	12	12	11	12	22	22	11	11	12	21	12	11	12	22	22	11	21	12	12	21	22	11	21	12	12	12	12	12	22	11	21	12	12	11
163	0	50.052	77.603	12	12	22	22	11	22	11	11	21	12	12	12	11	22	12	11	12	21	11	12	11	11	12	21	12	22	21	22	21	11	11	11	22	11	11	22	22	11	21	11	21	11	11	22	21	12	21	12	21	12	22	12	12	22	12	12	11	12	22	22	11	11	12	21	12	11	12	22	22	11	21	12	12	21	22	11	21	12	12	12	12	12	22	11	21	12	12	11
164	0	51.229	81.219	12	12	22	22	11	22	11	11	21	12	12	12	11	22	12	11	12	21	11	12	11	12	12	21	12	22	21	22	21	11	11	11	22	11	11	22	22	11	21	11	21	11	11	22	21	12	21	12	21	12	22	12	12	22	12	12	11	12	22	22	11	11	12	21	12	11	12	12	22	11	21	11	12	21	22	11	21	12	12	11	12	12	22	11	21	12	12	11
166	0	52.405	81.219	12	12	22	22	11	22	11	11	21	12	12	12	11	22	12	11	12	21	11	12	11	12	12	21	12	22	21	22	21	11	11	11	22	11	11	22	22	11	21	11	21	11	11	22	21	12	21	12	21	12	22	12	12	22	12	12	11	12	22	22	11	11	12	21	12	11	12	12	22	11	21	11	12	21	22	11	21	22	12	11	12	12	22	11	21	12	12	11
165	0	52.405	81.219	12	12	22	22	11	22	11	11	21	12	12	12	11	22	12	11	12	21	11	12	11	12	12	21	12	22	21	22	21	11	11	11	22	11	11	22	22	11	21	11	21	11	11	22	21	12	21	12	21	12	22	12	12	22	12	12	11	12	22	22	11	11	12	21	12	11	12	12	22	11	21	11	12	21	22	11	21	22	12	11	12	12	22	11	21	12	12	11
170	0	52.405	81.219	12	12	22	22	11	22	11	11	21	12	12	12	11	22	12	11	12	21	11	12	11	12	12	21	12	22	21	22	21	11	11	11	22	11	11	22	22	11	21	11	21	11	11	22	21	12	21	12	21	12	22	12	12	22	12	12	11	12	22	22	11	11	12	21	12	11	12	12	22	11	21	11	12	21	22	11	21	22	12	11	12	12	22	11	21	12	12	11
168	0	52.405	81.219	12	12	22	22	11	22	11	11	21	12	12	12	11	22	12	11	12	21	11	12	11	12	12	21	12	22	21	22	21	11	11	11	22	11	11	22	22	11	21	11	21	11	11	22	21	12	21	12	21	12	22	12	12	22	12	12	11	12	22	22	11	11	12	21	12	11	12	12	22	11	21	11	12	21	22	11	21	22	12	11	12	12	22	11	21	12	12	11
169	0	52.405	81.219	12	12	22	22	11	22	11	11	21	12	12	12	11	22	12	11	12	21	11	12	11	12	12	21	12	22	21	22	21	11	11	11	22	11	11	22	22	11	21	11	21	11	11	22	21	12	21	12	21	12	22	12	12	22	12	12	11	12	22	22	11	11	12	21	12	11	12	12	22	11	21	11	12	21	22	11	21	22	12	11	12	12	22	11	21	12	12	11
167	0	52.405	82.395	12	12	22	22	11	22	11	11	21	12	12	12	11	22	12	11	12	21	11	12	11	12	12	21	12	22	21	22	21	11	11	11	22	11	11	22	22	11	21	11	21	11	11	22	21	12	21	12	21	12	22	12	12	22	12	12	11	12	22	22	11	12	12	21	12	11	12	12	22	11	21	11	12	21	22	11	21	22	12	11	12	12	22	11	21	12	12	11
171	0	52.405	83.572	12	12	22	22	11	22	11	11	21	12	12	12	11	22	12	11	12	21	11	12	11	12	12	21	12	22	21	22	21	11	11	11	22	11	11	22	22	11	21	11	21	11	11	22	21	12	21	12	21	12	22	12	12	22	12	12	11	12	22	22	12	12	12	21	12	11	12	12	22	11	21	11	12	21	22	11	21	22	12	11	12	12	22	11	21	12	12	11
172	0	53.582	84.748	12	12	22	22	11	22	11	11	21	12	12	12	11	22	12	11	12	21	11	12	11	12	12	21	12	22	21	21	21	11	11	11	22	11	11	22	22	11	21	11	21	11	11	22	21	12	21	12	21	12	22	12	12	22	12	12	11	12	22	22	12	12	12	21	12	11	12	12	22	11	11	11	12	21	22	11	21	22	12	11	12	12	22	11	21	12	12	11
174	0	54.758	84.748	12	12	22	22	11	22	11	11	21	12	12	12	11	22	12	11	12	11	11	12	11	12	12	21	12	22	21	21	21	11	11	11	22	11	11	22	22	11	21	11	21	11	11	22	21	12	21	12	21	12	22	12	12	22	12	12	11	12	22	22	12	12	12	21	12	11	12	12	22	11	11	11	12	21	22	11	21	22	12	11	12	12	22	11	21	12	12	11
173	0	54.758	84.748	12	12	22	22	11	22	11	11	21	12	12	12	11	22	12	11	12	11	11	12	11	12	12	21	12	22	21	21	21	11	11	11	22	11	11	22	22	11	21	11	21	11	11	22	21	12	21	12	21	12	22	12	12	22	12	12	11	12	22	22	12	12	12	21	12	11	12	12	22	11	11	11	12	21	22	11	21	22	12	11	12	12	22	11	21	12	12	11
176	0	54.758	85.925	12	12	22	22	11	22	11	11	21	12	12	12	11	22	12	11	12	11	11	12	11	12	12	21	12	22	21	21	21	11	11	11	22	11	11	22	22	11	21	11	21	11	11	22	21	12	21	12	21	12	22	12	12	22	12	12	12	12	22	22	12	12	12	21	12	11	12	12	22	11	11	11	12	21	22	11	21	22	12	11	12	12	22	11	21	12	12	11
175	0	54.758	85.925	12	12	22	22	11	22	11	11	21	12	12	12	11	22	12	11	12	11	11	12	11	12	12	21	12	22	21	21	21	11	11	11	22	11	11	22	22	11	21	11	21	11	11	22	21	12	21	12	21	12	22	12	12	22	12	12	12	12	22	22	12	12	12	21	12	11	12	12	22	11	11	11	12	21	22	11	21	22	12	11	12	12	22	11	21	12	12	11
