MARKER	CHR	MALE_POS	FEMALE_POS	P1xP2	P1xP2	P1xP2	P1xP2	P1xP2	P1xP2	P1xP2	P1xP2	P1xP2	P1xP2	P1xP2	P1xP2	P1xP2	P1xP2	P1xP2	P1xP2	P1xP2	P1xP2	P1xP2	P1xP2	P1xP2	P1xP2	P1xP2	P1xP2	P1xP2	P1xP2	P1xP2	P1xP2	P1xP2	P1xP2	P1xP2	P1xP2	P1xP2	P1xP2	P1xP2	P1xP2	P1xP2	P1xP2	P1xP2	P1xP2	P1xP2	P1xP2	P1xP2	P1xP2	P1xP2	P1xP2	P1xP2	P1xP2	P1xP2	P1xP2	P1xP2	P1xP2	P1xP2	P1xP2	P1xP2	P1xP2	P1xP2	P1xP2	P1xP2	P1xP2	P1xP2	P1xP2	P1xP2	P1xP2	P1xP2	P1xP2	P1xP2	P1xP2	P1xP2	P1xP2	P1xP2	P1xP2	P1xP2	P1xP2	P1xP2	P1xP2	P1xP2	P1xP2	P1xP2	P1xP2	P1xP2	P1xP2	P1xP2	P1xP2	P1xP2	P1xP2	P1xP2	P1xP2
MARKER	CHR	MALE_POS	FEMALE_POS	P1	P2	C1	C2	C3	C4	C5	C6	C7	C8	C9	C10	C11	C12	C13	C14	C15	C16	C17	C18	C19	C20	C21	C22	C23	C24	C25	C26	C27	C28	C29	C30	C31	C32	C33	C34	C35	C36	C37	C38	C39	C40	C41	C42	C43	C44	C45	C46	C47	C48	C49	C50	C51	C52	C53	C54	C55	C56	C57	C58	C59	C60	C61	C62	C63	C64	C65	C66	C67	C68	C69	C70	C71	C72	C73	C74	C75	C76	C77	C78	C79	C80	C81	C82	C83	C84	C85	C86
MARKER	CHR	MALE_POS	FEMALE_POS	0	0	P1	P1	P1	P1	P1	P1	P1	P1	P1	P1	P1	P1	P1	P1	P1	P1	P1	P1	P1	P1	P1	P1	P1	P1	P1	P1	P1	P1	P1	P1	P1	P1	P1	P1	P1	P1	P1	P1	P1	P1	P1	P1	P1	P1	P1	P1	P1	P1	P1	P1	P1	P1	P1	P1	P1	P1	P1	P1	P1	P1	P1	P1	P1	P1	P1	P1	P1	P1	P1	P1	P1	P1	P1	P1	P1	P1	P1	P1	P1	P1	P1	P1	P1	P1	P1	P1
MARKER	CHR	MALE_POS	FEMALE_POS	0	0	P2	P2	P2	P2	P2	P2	P2	P2	P2	P2	P2	P2	P2	P2	P2	P2	P2	P2	P2	P2	P2	P2	P2	P2	P2	P2	P2	P2	P2	P2	P2	P2	P2	P2	P2	P2	P2	P2	P2	P2	P2	P2	P2	P2	P2	P2	P2	P2	P2	P2	P2	P2	P2	P2	P2	P2	P2	P2	P2	P2	P2	P2	P2	P2	P2	P2	P2	P2	P2	P2	P2	P2	P2	P2	P2	P2	P2	P2	P2	P2	P2	P2	P2	P2	P2	P2
MARKER	CHR	MALE_POS	FEMALE_POS	1	2	0	0	0	0	0	0	0	0	0	0	0	0	0	0	0	0	0	0	0	0	0	0	0	0	0	0	0	0	0	0	0	0	0	0	0	0	0	0	0	0	0	0	0	0	0	0	0	0	0	0	0	0	0	0	0	0	0	0	0	0	0	0	0	0	0	0	0	0	0	0	0	0	0	0	0	0	0	0	0	0	0	0	0	0	0	0
MARKER	CHR	MALE_POS	FEMALE_POS	0	0	0	0	0	0	0	0	0	0	0	0	0	0	0	0	0	0	0	0	0	0	0	0	0	0	0	0	0	0	0	0	0	0	0	0	0	0	0	0	0	0	0	0	0	0	0	0	0	0	0	0	0	0	0	0	0	0	0	0	0	0	0	0	0	0	0	0	0	0	0	0	0	0	0	0	0	0	0	0	0	0	0	0	0	0	0	0
3	0	0.000	0.000	12	12	11	11	12	21	21	22	12	21	22	21	22	12	22	21	22	21	11	11	11	11	22	22	21	12	21	22	11	22	22	12	22	11	11	21	12	21	12	12	12	12	11	21	12	21	12	11	22	21	22	21	12	22	22	22	12	11	11	21	12	21	22	22	22	11	22	12	12	21	11	12	21	22	12	21	21	11	21	12	21	11	21	11	12	21	12	11
4	0	0.000	0.000	12	12	11	11	12	21	21	22	12	21	22	21	22	12	22	21	22	21	11	11	11	11	22	22	21	12	21	22	11	22	22	12	22	11	11	21	12	21	12	12	12	12	11	21	12	21	12	11	22	21	22	21	12	22	22	22	12	11	11	21	12	21	22	22	22	11	22	12	12	21	11	12	21	22	12	21	21	11	21	12	21	11	21	11	12	21	12	11
2	0	0.000	0.000	12	12	11	11	12	21	21	22	12	21	22	21	22	12	22	21	22	21	11	11	11	11	22	22	21	12	21	22	11	22	22	12	22	11	11	21	12	21	12	12	12	12	11	21	12	21	12	11	22	21	22	21	12	22	22	22	12	11	11	21	12	21	22	22	22	11	22	12	12	21	11	12	21	22	12	21	21	11	21	12	21	11	21	11	12	21	12	11
1	0	0.000	0.000	12	12	11	11	12	21	21	22	12	21	22	21	22	12	22	21	22	21	11	11	11	11	22	22	21	12	21	22	11	22	22	12	22	11	11	21	12	21	12	12	12	12	11	21	12	21	12	11	22	21	22	21	12	22	22	22	12	11	11	21	12	21	22	22	22	11	22	12	12	21	11	12	21	22	12	21	21	11	21	12	21	11	21	11	12	21	12	11
5	0	0.000	2.381	12	12	11	11	12	21	21	22	12	21	22	21	22	12	22	21	22	21	11	11	11	11	22	22	21	12	21	22	11	22	21	12	22	11	11	21	12	21	12	12	12	11	11	21	12	21	12	11	22	21	22	21	12	22	22	22	12	11	11	21	12	21	22	22	22	11	22	12	12	21	11	12	21	22	12	21	21	11	21	12	21	11	21	11	12	21	12	11
7	0	0.000	2.381	12	12	11	11	12	21	21	22	12	21	22	21	22	12	22	21	22	21	11	11	11	11	22	22	21	12	21	22	11	22	21	12	22	11	11	21	12	21	12	12	12	11	11	21	12	21	12	11	22	21	22	21	12	22	22	22	12	11	11	21	12	21	22	22	22	11	22	12	12	21	11	12	21	22	12	21	21	11	21	12	21	11	21	11	12	21	12	11
6	0	0.000	2.381	12	12	11	11	12	21	21	22	12	21	22	21	22	12	22	21	22	21	11	11	11	11	22	22	21	12	21	22	11	22	21	12	22	11	11	21	12	21	12	12	12	11	11	21	12	21	12	11	22	21	22	21	12	22	22	22	12	11	11	21	12	21	22	22	22	11	22	12	12	21	11	12	21	22	12	21	21	11	21	12	21	11	21	11	12	21	12	11
12	0	1.177	2.381	12	12	11	11	12	21	21	22	12	21	22	21	22	12	22	21	22	21	11	11	11	11	22	22	21	12	21	22	11	22	21	12	22	11	11	21	12	11	12	12	12	11	11	21	12	21	12	11	22	21	22	21	12	22	22	22	12	11	11	21	12	21	22	22	22	11	22	12	12	21	11	12	21	22	12	21	21	11	21	12	21	11	21	11	12	21	12	11
11	0	1.177	2.381	12	12	11	11	12	21	21	22	12	21	22	21	22	12	22	21	22	21	11	11	11	11	22	22	21	12	21	22	11	22	21	12	22	11	11	21	12	11	12	12	12	11	11	21	12	21	12	11	22	21	22	21	12	22	22	22	12	11	11	21	12	21	22	22	22	11	22	12	12	21	11	12	21	22	12	21	21	11	21	12	21	11	21	11	12	21	12	11
10	0	1.177	2.381	12	12	11	11	12	21	21	22	12	21	22	21	22	12	22	21	22	21	11	11	11	11	22	22	21	12	21	22	11	22	21	12	22	11	11	21	12	11	12	12	12	11	11	21	12	21	12	11	22	21	22	21	12	22	22	22	12	11	11	21	12	21	22	22	22	11	22	12	12	21	11	12	21	22	12	21	21	11	21	12	21	11	21	11	12	21	12	11
14	0	1.177	2.381	12	12	11	11	12	21	21	22	12	21	22	21	22	12	22	21	22	21	11	11	11	11	22	22	21	12	21	22	11	22	21	12	22	11	11	21	12	11	12	12	12	11	11	21	12	21	12	11	22	21	22	21	12	22	22	22	12	11	11	21	12	21	22	22	22	11	22	12	12	21	11	12	21	22	12	21	21	11	21	12	21	11	21	11	12	21	12	11
8	0	1.177	3.558	12	12	11	11	12	22	21	22	12	21	22	21	22	12	22	21	22	21	11	11	11	11	22	22	21	12	21	22	11	22	21	12	22	11	11	21	12	11	12	12	12	11	11	21	12	21	12	11	22	21	22	21	12	22	22	22	12	11	11	21	12	21	22	22	22	11	22	12	12	21	11	12	21	22	12	21	21	11	21	12	21	11	21	11	12	21	12	11
9	0	1.177	3.558	12	12	11	11	12	22	21	22	12	21	22	21	22	12	22	21	22	21	11	11	11	11	22	22	21	12	21	22	11	22	21	12	22	11	11	21	12	11	12	12	12	11	11	21	12	21	12	11	22	21	22	21	12	22	22	22	12	11	11	21	12	21	22	22	22	11	22	12	12	21	11	12	21	22	12	21	21	11	21	12	21	11	21	11	12	21	12	11
13	0	2.353	3.558	12	12	11	11	12	22	21	22	12	21	22	21	22	12	22	21	22	21	11	11	11	11	22	22	21	12	21	22	11	22	21	12	22	11	11	21	12	11	12	12	12	11	11	21	12	21	12	11	22	21	22	21	12	22	22	22	12	11	11	21	12	21	22	22	22	11	22	12	12	21	11	12	21	22	12	21	21	11	21	12	21	11	11	11	12	21	12	11
29	0	4.734	4.734	12	12	11	11	12	22	21	22	12	21	22	21	22	12	22	21	22	21	11	11	11	11	22	22	21	12	21	22	11	22	21	12	22	11	11	21	12	11	12	12	12	11	11	21	12	21	12	11	22	21	22	21	12	22	22	22	12	12	11	21	12	21	22	22	22	11	22	12	12	21	11	12	11	22	22	21	21	11	21	12	21	11	11	11	12	21	12	11
31	0	4.734	4.734	12	12	11	11	12	22	21	22	12	21	22	21	22	12	22	21	22	21	11	11	11	11	22	22	21	12	21	22	11	22	21	12	22	11	11	21	12	11	12	12	12	11	11	21	12	21	12	11	22	21	22	21	12	22	22	22	12	12	11	21	12	21	22	22	22	11	22	12	12	21	11	12	11	22	22	21	21	11	21	12	21	11	11	11	12	21	12	11
21	0	5.911	4.734	12	12	11	11	12	22	21	22	12	11	22	21	22	12	22	21	22	21	11	11	11	11	22	22	21	12	21	22	11	22	21	12	22	11	11	21	12	11	12	12	12	11	11	21	12	21	12	11	22	21	22	21	12	22	22	22	12	12	11	21	12	21	22	22	22	11	22	12	12	21	11	12	11	22	22	21	21	11	21	12	21	11	11	11	12	21	12	11
19	0	5.911	5.911	12	12	11	11	12	22	21	21	12	11	22	21	22	12	22	21	22	21	11	11	11	11	22	22	21	12	21	22	11	22	21	12	22	11	11	21	12	11	12	12	12	11	11	21	12	21	12	11	22	21	22	21	12	22	22	22	12	12	11	21	12	21	22	22	22	11	22	12	12	21	11	12	11	22	22	21	21	11	21	12	21	11	11	11	12	21	12	11
20	0	5.911	5.911	12	12	11	11	12	22	21	21	12	11	22	21	22	12	22	21	22	21	11	11	11	11	22	22	21	12	21	22	11	22	21	12	22	11	11	21	12	11	12	12	12	11	11	21	12	21	12	11	22	21	22	21	12	22	22	22	12	12	11	21	12	21	22	22	22	11	22	12	12	21	11	12	11	22	22	21	21	11	21	12	21	11	11	11	12	21	12	11
18	0	5.911	5.911	12	12	11	11	12	22	21	21	12	11	22	21	22	12	22	21	22	21	11	11	11	11	22	22	21	12	21	22	11	22	21	12	22	11	11	21	12	11	12	12	12	11	11	21	12	21	12	11	22	21	22	21	12	22	22	22	12	12	11	21	12	21	22	22	22	11	22	12	12	21	11	12	11	22	22	21	21	11	21	12	21	11	11	11	12	21	12	11
16	0	5.911	5.911	12	12	11	11	12	22	21	21	12	11	22	21	22	12	22	21	22	21	11	11	11	11	22	22	21	12	21	22	11	22	21	12	22	11	11	21	12	11	12	12	12	11	11	21	12	21	12	11	22	21	22	21	12	22	22	22	12	12	11	21	12	21	22	22	22	11	22	12	12	21	11	12	11	22	22	21	21	11	21	12	21	11	11	11	12	21	12	11
22	0	5.911	5.911	12	12	11	11	12	22	21	21	12	11	22	21	22	12	22	21	22	21	11	11	11	11	22	22	21	12	21	22	11	22	21	12	22	11	11	21	12	11	12	12	12	11	11	21	12	21	12	11	22	21	22	21	12	22	22	22	12	12	11	21	12	21	22	22	22	11	22	12	12	21	11	12	11	22	22	21	21	11	21	12	21	11	11	11	12	21	12	11
15	0	5.911	5.911	12	12	11	11	12	22	21	21	12	11	22	21	22	12	22	21	22	21	11	11	11	11	22	22	21	12	21	22	11	22	21	12	22	11	11	21	12	11	12	12	12	11	11	21	12	21	12	11	22	21	22	21	12	22	22	22	12	12	11	21	12	21	22	22	22	11	22	12	12	21	11	12	11	22	22	21	21	11	21	12	21	11	11	11	12	21	12	11
23	0	5.911	5.911	12	12	11	11	12	22	21	21	12	11	22	21	22	12	22	21	22	21	11	11	11	11	22	22	21	12	21	22	11	22	21	12	22	11	11	21	12	11	12	12	12	11	11	21	12	21	12	11	22	21	22	21	12	22	22	22	12	12	11	21	12	21	22	22	22	11	22	12	12	21	11	12	11	22	22	21	21	11	21	12	21	11	11	11	12	21	12	11
17	0	5.911	5.911	12	12	11	11	12	22	21	21	12	11	22	21	22	12	22	21	22	21	11	11	11	11	22	22	21	12	21	22	11	22	21	12	22	11	11	21	12	11	12	12	12	11	11	21	12	21	12	11	22	21	22	21	12	22	22	22	12	12	11	21	12	21	22	22	22	11	22	12	12	21	11	12	11	22	22	21	21	11	21	12	21	11	11	11	12	21	12	11
30	0	7.088	7.088	12	12	11	11	12	22	21	21	12	11	22	21	22	12	22	21	22	11	11	11	11	11	22	22	21	12	21	22	11	22	21	12	22	11	11	21	12	11	12	12	12	11	11	21	12	21	12	11	22	21	22	21	12	22	22	22	12	12	11	21	12	21	22	22	22	11	22	12	12	21	11	12	11	22	22	21	21	11	21	12	21	11	11	11	11	21	12	11
34	0	8.264	7.088	12	12	11	11	12	22	21	21	12	11	22	21	22	12	22	21	22	11	11	11	11	11	22	22	21	12	21	22	11	22	21	12	22	11	11	21	12	11	12	12	12	11	11	21	12	21	12	11	22	21	22	21	12	22	22	22	12	12	21	21	12	21	22	22	22	11	22	12	12	21	11	12	11	22	22	21	21	11	21	12	21	11	11	11	11	21	12	11
32	0	8.264	7.088	12	12	11	11	12	22	21	21	12	11	22	21	22	12	22	21	22	11	11	11	11	11	22	22	21	12	21	22	11	22	21	12	22	11	11	21	12	11	12	12	12	11	11	21	12	21	12	11	22	21	22	21	12	22	22	22	12	12	21	21	12	21	22	22	22	11	22	12	12	21	11	12	11	22	22	21	21	11	21	12	21	11	11	11	11	21	12	11
35	0	8.264	7.088	12	12	11	11	12	22	21	21	12	11	22	21	22	12	22	21	22	11	11	11	11	11	22	22	21	12	21	22	11	22	21	12	22	11	11	21	12	11	12	12	12	11	11	21	12	21	12	11	22	21	22	21	12	22	22	22	12	12	21	21	12	21	22	22	22	11	22	12	12	21	11	12	11	22	22	21	21	11	21	12	21	11	11	11	11	21	12	11
33	0	8.264	7.088	12	12	11	11	12	22	21	21	12	11	22	21	22	12	22	21	22	11	11	11	11	11	22	22	21	12	21	22	11	22	21	12	22	11	11	21	12	11	12	12	12	11	11	21	12	21	12	11	22	21	22	21	12	22	22	22	12	12	21	21	12	21	22	22	22	11	22	12	12	21	11	12	11	22	22	21	21	11	21	12	21	11	11	11	11	21	12	11
24	0	8.264	9.469	12	12	11	11	12	22	21	21	12	12	22	21	22	12	22	21	22	11	11	11	11	11	22	22	22	12	21	22	11	22	21	12	22	11	11	21	12	11	12	12	12	11	11	21	12	21	12	11	22	21	22	21	12	22	22	22	12	12	21	21	12	21	22	22	22	11	22	12	12	21	11	12	11	22	22	21	21	11	21	12	21	11	11	11	11	21	12	11
26	0	8.264	9.469	12	12	11	11	12	22	21	21	12	12	22	21	22	12	22	21	22	11	11	11	11	11	22	22	22	12	21	22	11	22	21	12	22	11	11	21	12	11	12	12	12	11	11	21	12	21	12	11	22	21	22	21	12	22	22	22	12	12	21	21	12	21	22	22	22	11	22	12	12	21	11	12	11	22	22	21	21	11	21	12	21	11	11	11	11	21	12	11
25	0	8.264	9.469	12	12	11	11	12	22	21	21	12	12	22	21	22	12	22	21	22	11	11	11	11	11	22	22	22	12	21	22	11	22	21	12	22	11	11	21	12	11	12	12	12	11	11	21	12	21	12	11	22	21	22	21	12	22	22	22	12	12	21	21	12	21	22	22	22	11	22	12	12	21	11	12	11	22	22	21	21	11	21	12	21	11	11	11	11	21	12	11
27	0	8.264	9.469	12	12	11	11	12	22	21	21	12	12	22	21	22	12	22	21	22	11	11	11	11	11	22	22	22	12	21	22	11	22	21	12	22	11	11	21	12	11	12	12	12	11	11	21	12	21	12	11	22	21	22	21	12	22	22	22	12	12	21	21	12	21	22	22	22	11	22	12	12	21	11	12	11	22	22	21	21	11	21	12	21	11	11	11	11	21	12	11
28	0	8.264	9.469	12	12	11	11	12	22	21	21	12	12	22	21	22	12	22	21	22	11	11	11	11	11	22	22	22	12	21	22	11	22	21	12	22	11	11	21	12	11	12	12	12	11	11	21	12	21	12	11	22	21	22	21	12	22	22	22	12	12	21	21	12	21	22	22	22	11	22	12	12	21	11	12	11	22	22	21	21	11	21	12	21	11	11	11	11	21	12	11
38	0	10.645	11.850	12	12	11	11	12	22	21	21	12	12	22	21	22	12	22	21	22	11	11	11	11	11	22	22	22	12	21	22	11	22	21	12	12	12	11	21	12	11	12	11	12	11	11	21	12	21	12	11	22	21	22	21	12	22	22	22	12	12	21	11	12	21	22	22	22	11	22	12	12	21	11	12	11	22	22	21	21	11	21	12	21	11	11	11	11	21	12	11
39	0	10.645	11.850	12	12	11	11	12	22	21	21	12	12	22	21	22	12	22	21	22	11	11	11	11	11	22	22	22	12	21	22	11	22	21	12	12	12	11	21	12	11	12	11	12	11	11	21	12	21	12	11	22	21	22	21	12	22	22	22	12	12	21	11	12	21	22	22	22	11	22	12	12	21	11	12	11	22	22	21	21	11	21	12	21	11	11	11	11	21	12	11
36	0	10.645	11.850	12	12	11	11	12	22	21	21	12	12	22	21	22	12	22	21	22	11	11	11	11	11	22	22	22	12	21	22	11	22	21	12	12	12	11	21	12	11	12	11	12	11	11	21	12	21	12	11	22	21	22	21	12	22	22	22	12	12	21	11	12	21	22	22	22	11	22	12	12	21	11	12	11	22	22	21	21	11	21	12	21	11	11	11	11	21	12	11
37	0	10.645	11.850	12	12	11	11	12	22	21	21	12	12	22	21	22	12	22	21	22	11	11	11	11	11	22	22	22	12	21	22	11	22	21	12	12	12	11	21	12	11	12	11	12	11	11	21	12	21	12	11	22	21	22	21	12	22	22	22	12	12	21	11	12	21	22	22	22	11	22	12	12	21	11	12	11	22	22	21	21	11	21	12	21	11	11	11	11	21	12	11
47	0	10.645	13.027	12	12	12	11	12	22	21	21	12	12	22	21	22	12	22	21	22	11	11	11	11	11	22	22	22	12	21	22	11	22	21	12	12	12	11	21	12	11	12	11	12	11	11	21	12	21	12	11	22	21	22	21	12	22	22	22	12	12	21	11	12	21	22	22	22	11	22	12	12	21	11	12	11	22	22	21	21	11	21	12	21	11	11	11	11	21	12	11
48	0	10.645	13.027	12	12	12	11	12	22	21	21	12	12	22	21	22	12	22	21	22	11	11	11	11	11	22	22	22	12	21	22	11	22	21	12	12	12	11	21	12	11	12	11	12	11	11	21	12	21	12	11	22	21	22	21	12	22	22	22	12	12	21	11	12	21	22	22	22	11	22	12	12	21	11	12	11	22	22	21	21	11	21	12	21	11	11	11	11	21	12	11
45	0	10.645	14.203	12	12	12	12	12	22	21	21	12	12	22	21	22	12	22	21	22	11	11	11	11	11	22	22	22	12	21	22	11	22	21	12	12	12	11	21	12	11	12	11	12	11	11	21	12	21	12	11	22	21	22	21	12	22	22	22	12	12	21	11	12	21	22	22	22	11	22	12	12	21	11	12	11	22	22	21	21	11	21	12	21	11	11	11	11	21	12	11
46	0	10.645	14.203	12	12	12	12	12	22	21	21	12	12	22	21	22	12	22	21	22	11	11	11	11	11	22	22	22	12	21	22	11	22	21	12	12	12	11	21	12	11	12	11	12	11	11	21	12	21	12	11	22	21	22	21	12	22	22	22	12	12	21	11	12	21	22	22	22	11	22	12	12	21	11	12	11	22	22	21	21	11	21	12	21	11	11	11	11	21	12	11
42	0	10.645	14.203	12	12	12	12	12	22	21	21	12	12	22	21	22	12	22	21	22	11	11	11	11	11	22	22	22	12	21	22	11	22	21	12	12	12	11	21	12	11	12	11	12	11	11	21	12	21	12	11	22	21	22	21	12	22	22	22	12	12	21	11	12	21	22	22	22	11	22	12	12	21	11	12	11	22	22	21	21	11	21	12	21	11	11	11	11	21	12	11
40	0	10.645	14.203	12	12	12	12	12	22	21	21	12	12	22	21	22	12	22	21	22	11	11	11	11	11	22	22	22	12	21	22	11	22	21	12	12	12	11	21	12	11	12	11	12	11	11	21	12	21	12	11	22	21	22	21	12	22	22	22	12	12	21	11	12	21	22	22	22	11	22	12	12	21	11	12	11	22	22	21	21	11	21	12	21	11	11	11	11	21	12	11
41	0	10.645	14.203	12	12	12	12	12	22	21	21	12	12	22	21	22	12	22	21	22	11	11	11	11	11	22	22	22	12	21	22	11	22	21	12	12	12	11	21	12	11	12	11	12	11	11	21	12	21	12	11	22	21	22	21	12	22	22	22	12	12	21	11	12	21	22	22	22	11	22	12	12	21	11	12	11	22	22	21	21	11	21	12	21	11	11	11	11	21	12	11
43	0	10.645	14.203	12	12	12	12	12	22	21	21	12	12	22	21	22	12	22	21	22	11	11	11	11	11	22	22	22	12	21	22	11	22	21	12	12	12	11	21	12	11	12	11	12	11	11	21	12	21	12	11	22	21	22	21	12	22	22	22	12	12	21	11	12	21	22	22	22	11	22	12	12	21	11	12	11	22	22	21	21	11	21	12	21	11	11	11	11	21	12	11
50	0	10.645	15.380	12	12	12	12	12	22	21	21	12	12	22	21	22	12	22	21	22	11	11	11	11	11	22	22	22	12	21	22	11	22	21	12	12	12	11	21	12	11	12	11	12	11	11	21	12	21	12	11	22	21	22	21	12	22	22	22	12	12	21	11	12	21	22	22	22	11	21	12	12	21	11	12	11	22	22	21	21	11	21	12	21	11	11	11	11	21	12	11
44	0	10.645	15.380	12	12	12	12	12	22	21	21	12	12	22	21	22	12	22	21	22	11	11	11	11	11	22	22	22	12	21	22	11	22	21	12	12	12	11	21	12	11	12	11	12	11	11	21	12	21	12	11	22	21	22	21	12	22	22	22	12	12	21	11	12	21	22	22	22	11	21	12	12	21	11	12	11	22	22	21	21	11	21	12	21	11	11	11	11	21	12	11
49	0	10.645	15.380	12	12	12	12	12	22	21	21	12	12	22	21	22	12	22	21	22	11	11	11	11	11	22	22	22	12	21	22	11	22	21	12	12	12	11	21	12	11	12	11	12	11	11	21	12	21	12	11	22	21	22	21	12	22	22	22	12	12	21	11	12	21	22	22	22	11	21	12	12	21	11	12	11	22	22	21	21	11	21	12	21	11	11	11	11	21	12	11
52	0	10.645	17.761	12	12	12	12	12	22	21	21	12	12	22	22	22	12	22	21	22	11	11	11	11	11	22	22	22	12	21	22	11	22	21	12	12	12	11	21	12	11	12	11	12	11	11	21	12	22	12	11	22	21	22	21	12	22	22	22	12	12	21	11	12	21	22	22	22	11	21	12	12	21	11	12	11	22	22	21	21	11	21	12	21	11	11	11	11	21	12	11
53	0	10.645	17.761	12	12	12	12	12	22	21	21	12	12	22	22	22	12	22	21	22	11	11	11	11	11	22	22	22	12	21	22	11	22	21	12	12	12	11	21	12	11	12	11	12	11	11	21	12	22	12	11	22	21	22	21	12	22	22	22	12	12	21	11	12	21	22	22	22	11	21	12	12	21	11	12	11	22	22	21	21	11	21	12	21	11	11	11	11	21	12	11
51	0	10.645	18.938	12	12	12	12	12	22	21	21	12	12	22	22	22	12	22	21	22	11	11	11	11	11	22	22	22	12	21	22	11	22	21	12	12	12	11	21	12	11	12	11	12	11	11	21	12	22	12	11	22	21	22	21	12	22	22	22	12	12	21	11	12	21	22	22	22	11	21	12	12	21	11	12	11	21	22	21	21	11	21	12	21	11	11	11	11	21	12	11
55	0	10.645	18.938	12	12	12	12	12	22	21	21	12	12	22	22	22	12	22	21	22	11	11	11	11	11	22	22	22	12	21	22	11	22	21	12	12	12	11	21	12	11	12	11	12	11	11	21	12	22	12	11	22	21	22	21	12	22	22	22	12	12	21	11	12	21	22	22	22	11	21	12	12	21	11	12	11	21	22	21	21	11	21	12	21	11	11	11	11	21	12	11
54	0	10.645	18.938	12	12	12	12	12	22	21	21	12	12	22	22	22	12	22	21	22	11	11	11	11	11	22	22	22	12	21	22	11	22	21	12	12	12	11	21	12	11	12	11	12	11	11	21	12	22	12	11	22	21	22	21	12	22	22	22	12	12	21	11	12	21	22	22	22	11	21	12	12	21	11	12	11	21	22	21	21	11	21	12	21	11	11	11	11	21	12	11
57	0	11.822	18.938	12	12	12	12	12	22	21	21	12	12	22	22	22	12	22	21	22	11	11	11	11	11	22	22	22	12	21	22	11	22	21	12	12	12	11	21	12	11	12	11	12	11	11	21	12	22	12	11	22	21	22	21	12	22	22	22	12	12	21	11	12	21	22	22	22	11	21	12	12	21	11	12	11	21	22	21	21	21	21	12	21	11	11	11	11	21	12	11
56	0	11.822	18.938	12	12	12	12	12	22	21	21	12	12	22	22	22	12	22	21	22	11	11	11	11	11	22	22	22	12	21	22	11	22	21	12	12	12	11	21	12	11	12	11	12	11	11	21	12	22	12	11	22	21	22	21	12	22	22	22	12	12	21	11	12	21	22	22	22	11	21	12	12	21	11	12	11	21	22	21	21	21	21	12	21	11	11	11	11	21	12	11
61	0	11.822	20.114	12	12	12	12	12	22	21	21	12	12	22	22	22	12	22	21	22	11	11	11	11	11	22	22	22	12	21	22	11	22	21	12	12	12	11	21	12	11	12	11	12	11	11	21	12	22	12	11	22	21	22	21	12	22	22	22	12	12	21	11	12	21	22	22	22	11	21	12	12	21	11	12	11	21	22	21	21	21	22	12	21	11	11	11	11	21	12	11
60	0	11.822	20.114	12	12	12	12	12	22	21	21	12	12	22	22	22	12	22	21	22	11	11	11	11	11	22	22	22	12	21	22	11	22	21	12	12	12	11	21	12	11	12	11	12	11	11	21	12	22	12	11	22	21	22	21	12	22	22	22	12	12	21	11	12	21	22	22	22	11	21	12	12	21	11	12	11	21	22	21	21	21	22	12	21	11	11	11	11	21	12	11
58	0	11.822	20.114	12	12	12	12	12	22	21	21	12	12	22	22	22	12	22	21	22	11	11	11	11	11	22	22	22	12	21	22	11	22	21	12	12	12	11	21	12	11	12	11	12	11	11	21	12	22	12	11	22	21	22	21	12	22	22	22	12	12	21	11	12	21	22	22	22	11	21	12	12	21	11	12	11	21	22	21	21	21	22	12	21	11	11	11	11	21	12	11
59	0	11.822	20.114	12	12	12	12	12	22	21	21	12	12	22	22	22	12	22	21	22	11	11	11	11	11	22	22	22	12	21	22	11	22	21	12	12	12	11	21	12	11	12	11	12	11	11	21	12	22	12	11	22	21	22	21	12	22	22	22	12	12	21	11	12	21	22	22	22	11	21	12	12	21	11	12	11	21	22	21	21	21	22	12	21	11	11	11	11	21	12	11
64	0	11.822	21.291	12	12	12	12	12	22	21	21	12	12	22	22	22	12	22	21	22	11	11	11	11	11	22	22	22	12	21	22	11	22	21	12	12	12	11	21	12	11	12	11	12	11	11	21	12	22	12	11	22	21	22	21	12	22	22	22	12	12	21	11	12	21	22	22	22	11	21	12	12	21	11	12	11	21	22	21	21	21	22	12	21	12	11	11	11	21	12	11
62	0	11.822	21.291	12	12	12	12	12	22	21	21	12	12	22	22	22	12	22	21	22	11	11	11	11	11	22	22	22	12	21	22	11	22	21	12	12	12	11	21	12	11	12	11	12	11	11	21	12	22	12	11	22	21	22	21	12	22	22	22	12	12	21	11	12	21	22	22	22	11	21	12	12	21	11	12	11	21	22	21	21	21	22	12	21	12	11	11	11	21	12	11
63	0	11.822	21.291	12	12	12	12	12	22	21	21	12	12	22	22	22	12	22	21	22	11	11	11	11	11	22	22	22	12	21	22	11	22	21	12	12	12	11	21	12	11	12	11	12	11	11	21	12	22	12	11	22	21	22	21	12	22	22	22	12	12	21	11	12	21	22	22	22	11	21	12	12	21	11	12	11	21	22	21	21	21	22	12	21	12	11	11	11	21	12	11
71	0	11.822	22.467	12	12	12	12	12	22	21	21	12	12	22	22	22	12	22	21	22	11	11	11	11	11	22	22	22	12	21	22	11	22	21	12	12	12	11	21	12	11	12	11	12	11	11	21	12	22	12	11	22	21	22	21	12	21	22	22	12	12	21	11	12	21	22	22	22	11	21	12	12	21	11	12	11	21	22	21	21	21	22	12	21	12	11	11	11	21	12	11
67	0	11.822	22.467	12	12	12	12	12	22	21	21	12	12	22	22	22	12	22	21	22	11	11	11	11	11	22	22	22	12	21	22	11	22	21	12	12	12	11	21	12	11	12	11	12	11	11	21	12	22	12	11	22	21	22	21	12	21	22	22	12	12	21	11	12	21	22	22	22	11	21	12	12	21	11	12	11	21	22	21	21	21	22	12	21	12	11	11	11	21	12	11
68	0	11.822	22.467	12	12	12	12	12	22	21	21	12	12	22	22	22	12	22	21	22	11	11	11	11	11	22	22	22	12	21	22	11	22	21	12	12	12	11	21	12	11	12	11	12	11	11	21	12	22	12	11	22	21	22	21	12	21	22	22	12	12	21	11	12	21	22	22	22	11	21	12	12	21	11	12	11	21	22	21	21	21	22	12	21	12	11	11	11	21	12	11
65	0	11.822	22.467	12	12	12	12	12	22	21	21	12	12	22	22	22	12	22	21	22	11	11	11	11	11	22	22	22	12	21	22	11	22	21	12	12	12	11	21	12	11	12	11	12	11	11	21	12	22	12	11	22	21	22	21	12	21	22	22	12	12	21	11	12	21	22	22	22	11	21	12	12	21	11	12	11	21	22	21	21	21	22	12	21	12	11	11	11	21	12	11
69	0	11.822	22.467	12	12	12	12	12	22	21	21	12	12	22	22	22	12	22	21	22	11	11	11	11	11	22	22	22	12	21	22	11	22	21	12	12	12	11	21	12	11	12	11	12	11	11	21	12	22	12	11	22	21	22	21	12	21	22	22	12	12	21	11	12	21	22	22	22	11	21	12	12	21	11	12	11	21	22	21	21	21	22	12	21	12	11	11	11	21	12	11
66	0	11.822	22.467	12	12	12	12	12	22	21	21	12	12	22	22	22	12	22	21	22	11	11	11	11	11	22	22	22	12	21	22	11	22	21	12	12	12	11	21	12	11	12	11	12	11	11	21	12	22	12	11	22	21	22	21	12	21	22	22	12	12	21	11	12	21	22	22	22	11	21	12	12	21	11	12	11	21	22	21	21	21	22	12	21	12	11	11	11	21	12	11
70	0	11.822	22.467	12	12	12	12	12	22	21	21	12	12	22	22	22	12	22	21	22	11	11	11	11	11	22	22	22	12	21	22	11	22	21	12	12	12	11	21	12	11	12	11	12	11	11	21	12	22	12	11	22	21	22	21	12	21	22	22	12	12	21	11	12	21	22	22	22	11	21	12	12	21	11	12	11	21	22	21	21	21	22	12	21	12	11	11	11	21	12	11
72	0	12.998	23.644	12	12	12	12	12	22	21	21	12	12	22	22	22	12	22	22	22	11	11	11	11	11	22	22	22	12	21	22	11	22	21	12	12	12	11	21	12	11	12	11	12	11	11	21	12	22	12	11	22	21	22	21	12	21	22	22	12	12	21	11	12	11	22	22	22	11	21	12	12	21	11	12	11	21	22	21	21	21	22	12	21	12	11	11	11	21	12	11
75	0	12.998	23.644	12	12	12	12	12	22	21	21	12	12	22	22	22	12	22	22	22	11	11	11	11	11	22	22	22	12	21	22	11	22	21	12	12	12	11	21	12	11	12	11	12	11	11	21	12	22	12	11	22	21	22	21	12	21	22	22	12	12	21	11	12	11	22	22	22	11	21	12	12	21	11	12	11	21	22	21	21	21	22	12	21	12	11	11	11	21	12	11
79	0	12.998	23.644	12	12	12	12	12	22	21	21	12	12	22	22	22	12	22	22	22	11	11	11	11	11	22	22	22	12	21	22	11	22	21	12	12	12	11	21	12	11	12	11	12	11	11	21	12	22	12	11	22	21	22	21	12	21	22	22	12	12	21	11	12	11	22	22	22	11	21	12	12	21	11	12	11	21	22	21	21	21	22	12	21	12	11	11	11	21	12	11
74	0	12.998	23.644	12	12	12	12	12	22	21	21	12	12	22	22	22	12	22	22	22	11	11	11	11	11	22	22	22	12	21	22	11	22	21	12	12	12	11	21	12	11	12	11	12	11	11	21	12	22	12	11	22	21	22	21	12	21	22	22	12	12	21	11	12	11	22	22	22	11	21	12	12	21	11	12	11	21	22	21	21	21	22	12	21	12	11	11	11	21	12	11
80	0	12.998	23.644	12	12	12	12	12	22	21	21	12	12	22	22	22	12	22	22	22	11	11	11	11	11	22	22	22	12	21	22	11	22	21	12	12	12	11	21	12	11	12	11	12	11	11	21	12	22	12	11	22	21	22	21	12	21	22	22	12	12	21	11	12	11	22	22	22	11	21	12	12	21	11	12	11	21	22	21	21	21	22	12	21	12	11	11	11	21	12	11
82	0	14.175	23.644	12	12	12	12	12	22	21	21	12	12	22	22	22	12	22	22	22	11	11	11	11	11	22	22	22	12	11	22	11	22	21	12	12	12	11	21	12	11	12	11	12	11	11	21	12	22	12	11	22	21	22	21	12	21	22	22	12	12	21	11	12	11	22	22	22	11	21	12	12	21	11	12	11	21	22	21	21	21	22	12	21	12	11	11	11	21	12	11
81	0	14.175	23.644	12	12	12	12	12	22	21	21	12	12	22	22	22	12	22	22	22	11	11	11	11	11	22	22	22	12	11	22	11	22	21	12	12	12	11	21	12	11	12	11	12	11	11	21	12	22	12	11	22	21	22	21	12	21	22	22	12	12	21	11	12	11	22	22	22	11	21	12	12	21	11	12	11	21	22	21	21	21	22	12	21	12	11	11	11	21	12	11
73	0	14.175	23.644	12	12	12	12	12	22	21	21	12	12	22	22	22	12	22	22	22	11	11	11	11	11	22	22	22	12	11	22	11	22	21	12	12	12	11	21	12	11	12	11	12	11	11	21	12	22	12	11	22	21	22	21	12	21	22	22	12	12	21	11	12	11	22	22	22	11	21	12	12	21	11	12	11	21	22	21	21	21	22	12	21	12	11	11	11	21	12	11
76	0	14.175	23.644	12	12	12	12	12	22	21	21	12	12	22	22	22	12	22	22	22	11	11	11	11	11	22	22	22	12	11	22	11	22	21	12	12	12	11	21	12	11	12	11	12	11	11	21	12	22	12	11	22	21	22	21	12	21	22	22	12	12	21	11	12	11	22	22	22	11	21	12	12	21	11	12	11	21	22	21	21	21	22	12	21	12	11	11	11	21	12	11
77	0	14.175	23.644	12	12	12	12	12	22	21	21	12	12	22	22	22	12	22	22	22	11	11	11	11	11	22	22	22	12	11	22	11	22	21	12	12	12	11	21	12	11	12	11	12	11	11	21	12	22	12	11	22	21	22	21	12	21	22	22	12	12	21	11	12	11	22	22	22	11	21	12	12	21	11	12	11	21	22	21	21	21	22	12	21	12	11	11	11	21	12	11
78	0	14.175	23.644	12	12	12	12	12	22	21	21	12	12	22	22	22	12	22	22	22	11	11	11	11	11	22	22	22	12	11	22	11	22	21	12	12	12	11	21	12	11	12	11	12	11	11	21	12	22	12	11	22	21	22	21	12	21	22	22	12	12	21	11	12	11	22	22	22	11	21	12	12	21	11	12	11	21	22	21	21	21	22	12	21	12	11	11	11	21	12	11
83	0	14.175	26.025	12	12	12	12	12	22	21	21	12	12	21	22	22	12	22	22	22	11	11	11	11	11	22	22	22	12	11	22	12	22	21	12	12	12	11	21	12	11	12	11	12	11	11	21	12	22	12	11	22	21	22	21	12	21	22	22	12	12	21	11	12	11	22	22	22	11	21	12	12	21	11	12	11	21	22	21	21	21	22	12	21	12	11	11	11	21	12	11
84	0	14.175	27.202	12	12	12	12	12	22	21	21	12	12	21	22	22	12	22	22	22	11	11	11	11	11	22	22	22	12	11	22	12	22	21	12	12	12	11	21	12	11	12	11	12	11	12	21	12	22	12	11	22	21	22	21	12	21	22	22	12	12	21	11	12	11	22	22	22	11	21	12	12	21	11	12	11	21	22	21	21	21	22	12	21	12	11	11	11	21	12	11
86	0	14.175	27.202	12	12	12	12	12	22	21	21	12	12	21	22	22	12	22	22	22	11	11	11	11	11	22	22	22	12	11	22	12	22	21	12	12	12	11	21	12	11	12	11	12	11	12	21	12	22	12	11	22	21	22	21	12	21	22	22	12	12	21	11	12	11	22	22	22	11	21	12	12	21	11	12	11	21	22	21	21	21	22	12	21	12	11	11	11	21	12	11
85	0	14.175	27.202	12	12	12	12	12	22	21	21	12	12	21	22	22	12	22	22	22	11	11	11	11	11	22	22	22	12	11	22	12	22	21	12	12	12	11	21	12	11	12	11	12	11	12	21	12	22	12	11	22	21	22	21	12	21	22	22	12	12	21	11	12	11	22	22	22	11	21	12	12	21	11	12	11	21	22	21	21	21	22	12	21	12	11	11	11	21	12	11
90	0	14.175	28.378	12	12	12	12	12	22	21	21	12	12	21	22	22	12	22	22	22	11	11	11	11	11	22	22	22	12	11	22	12	22	21	12	12	12	11	21	12	11	12	11	12	11	12	21	12	22	12	11	21	21	22	21	12	21	22	22	12	12	21	11	12	11	22	22	22	11	21	12	12	21	11	12	11	21	22	21	21	21	22	12	21	12	11	11	11	21	12	11
94	0	14.175	28.378	12	12	12	12	12	22	21	21	12	12	21	22	22	12	22	22	22	11	11	11	11	11	22	22	22	12	11	22	12	22	21	12	12	12	11	21	12	11	12	11	12	11	12	21	12	22	12	11	21	21	22	21	12	21	22	22	12	12	21	11	12	11	22	22	22	11	21	12	12	21	11	12	11	21	22	21	21	21	22	12	21	12	11	11	11	21	12	11
88	0	14.175	28.378	12	12	12	12	12	22	21	21	12	12	21	22	22	12	22	22	22	11	11	11	11	11	22	22	22	12	11	22	12	22	21	12	12	12	11	21	12	11	12	11	12	11	12	21	12	22	12	11	21	21	22	21	12	21	22	22	12	12	21	11	12	11	22	22	22	11	21	12	12	21	11	12	11	21	22	21	21	21	22	12	21	12	11	11	11	21	12	11
92	0	14.175	28.378	12	12	12	12	12	22	21	21	12	12	21	22	22	12	22	22	22	11	11	11	11	11	22	22	22	12	11	22	12	22	21	12	12	12	11	21	12	11	12	11	12	11	12	21	12	22	12	11	21	21	22	21	12	21	22	22	12	12	21	11	12	11	22	22	22	11	21	12	12	21	11	12	11	21	22	21	21	21	22	12	21	12	11	11	11	21	12	11
93	0	14.175	28.378	12	12	12	12	12	22	21	21	12	12	21	22	22	12	22	22	22	11	11	11	11	11	22	22	22	12	11	22	12	22	21	12	12	12	11	21	12	11	12	11	12	11	12	21	12	22	12	11	21	21	22	21	12	21	22	22	12	12	21	11	12	11	22	22	22	11	21	12	12	21	11	12	11	21	22	21	21	21	22	12	21	12	11	11	11	21	12	11
89	0	14.175	28.378	12	12	12	12	12	22	21	21	12	12	21	22	22	12	22	22	22	11	11	11	11	11	22	22	22	12	11	22	12	22	21	12	12	12	11	21	12	11	12	11	12	11	12	21	12	22	12	11	21	21	22	21	12	21	22	22	12	12	21	11	12	11	22	22	22	11	21	12	12	21	11	12	11	21	22	21	21	21	22	12	21	12	11	11	11	21	12	11
95	0	14.175	28.378	12	12	12	12	12	22	21	21	12	12	21	22	22	12	22	22	22	11	11	11	11	11	22	22	22	12	11	22	12	22	21	12	12	12	11	21	12	11	12	11	12	11	12	21	12	22	12	11	21	21	22	21	12	21	22	22	12	12	21	11	12	11	22	22	22	11	21	12	12	21	11	12	11	21	22	21	21	21	22	12	21	12	11	11	11	21	12	11
91	0	14.175	28.378	12	12	12	12	12	22	21	21	12	12	21	22	22	12	22	22	22	11	11	11	11	11	22	22	22	12	11	22	12	22	21	12	12	12	11	21	12	11	12	11	12	11	12	21	12	22	12	11	21	21	22	21	12	21	22	22	12	12	21	11	12	11	22	22	22	11	21	12	12	21	11	12	11	21	22	21	21	21	22	12	21	12	11	11	11	21	12	11
87	0	14.175	28.378	12	12	12	12	12	22	21	21	12	12	21	22	22	12	22	22	22	11	11	11	11	11	22	22	22	12	11	22	12	22	21	12	12	12	11	21	12	11	12	11	12	11	12	21	12	22	12	11	21	21	22	21	12	21	22	22	12	12	21	11	12	11	22	22	22	11	21	12	12	21	11	12	11	21	22	21	21	21	22	12	21	12	11	11	11	21	12	11
96	0	14.175	28.378	12	12	12	12	12	22	21	21	12	12	21	22	22	12	22	22	22	11	11	11	11	11	22	22	22	12	11	22	12	22	21	12	12	12	11	21	12	11	12	11	12	11	12	21	12	22	12	11	21	21	22	21	12	21	22	22	12	12	21	11	12	11	22	22	22	11	21	12	12	21	11	12	11	21	22	21	21	21	22	12	21	12	11	11	11	21	12	11
97	0	14.175	29.555	12	12	12	12	12	22	21	21	12	12	21	22	22	12	22	22	22	11	11	11	11	11	22	22	22	12	11	22	12	22	21	12	12	12	11	21	12	11	12	11	12	11	12	21	12	22	12	11	21	21	21	21	12	21	22	22	12	12	21	11	12	11	22	22	22	11	21	12	12	21	11	12	11	21	22	21	21	21	22	12	21	12	11	11	11	21	12	11
98	0	15.352	29.555	12	12	12	12	12	22	21	21	12	12	21	22	22	12	22	22	22	11	11	11	11	11	22	22	22	12	11	22	12	22	21	12	12	12	11	21	12	11	12	11	12	11	22	21	12	22	12	11	21	21	21	21	12	21	22	22	12	12	21	11	12	11	22	22	22	11	21	12	12	21	11	12	11	21	22	21	21	21	22	12	21	12	11	11	11	21	12	11
103	0	15.352	30.731	12	12	12	12	12	22	21	21	12	12	21	22	22	12	22	22	22	11	11	11	11	12	22	22	22	12	11	22	12	22	21	12	12	12	11	21	12	11	12	11	12	11	22	21	12	22	12	11	21	21	21	21	12	21	22	22	12	12	21	11	12	11	22	22	22	11	21	12	12	21	11	12	11	21	22	21	21	21	22	12	21	12	11	11	11	21	12	11
101	0	15.352	30.731	12	12	12	12	12	22	21	21	12	12	21	22	22	12	22	22	22	11	11	11	11	12	22	22	22	12	11	22	12	22	21	12	12	12	11	21	12	11	12	11	12	11	22	21	12	22	12	11	21	21	21	21	12	21	22	22	12	12	21	11	12	11	22	22	22	11	21	12	12	21	11	12	11	21	22	21	21	21	22	12	21	12	11	11	11	21	12	11
100	0	15.352	30.731	12	12	12	12	12	22	21	21	12	12	21	22	22	12	22	22	22	11	11	11	11	12	22	22	22	12	11	22	12	22	21	12	12	12	11	21	12	11	12	11	12	11	22	21	12	22	12	11	21	21	21	21	12	21	22	22	12	12	21	11	12	11	22	22	22	11	21	12	12	21	11	12	11	21	22	21	21	21	22	12	21	12	11	11	11	21	12	11
99	0	15.352	30.731	12	12	12	12	12	22	21	21	12	12	21	22	22	12	22	22	22	11	11	11	11	12	22	22	22	12	11	22	12	22	21	12	12	12	11	21	12	11	12	11	12	11	22	21	12	22	12	11	21	21	21	21	12	21	22	22	12	12	21	11	12	11	22	22	22	11	21	12	12	21	11	12	11	21	22	21	21	21	22	12	21	12	11	11	11	21	12	11
118	0	16.528	30.731	12	12	12	12	12	22	21	21	12	12	21	22	22	12	22	22	22	11	11	11	11	12	22	22	22	12	11	22	12	22	21	12	12	12	11	21	12	11	12	11	12	11	22	21	12	22	12	11	21	21	21	21	12	21	22	22	12	12	21	11	12	11	22	22	22	11	21	12	12	21	11	12	11	21	22	11	21	21	22	12	21	12	11	11	11	21	12	11
121	0	16.528	30.731	12	12	12	12	12	22	21	21	12	12	21	22	22	12	22	22	22	11	11	11	11	12	22	22	22	12	11	22	12	22	21	12	12	12	11	21	12	11	12	11	12	11	22	21	12	22	12	11	21	21	21	21	12	21	22	22	12	12	21	11	12	11	22	22	22	11	21	12	12	21	11	12	11	21	22	11	21	21	22	12	21	12	11	11	11	21	12	11
122	0	16.528	30.731	12	12	12	12	12	22	21	21	12	12	21	22	22	12	22	22	22	11	11	11	11	12	22	22	22	12	11	22	12	22	21	12	12	12	11	21	12	11	12	11	12	11	22	21	12	22	12	11	21	21	21	21	12	21	22	22	12	12	21	11	12	11	22	22	22	11	21	12	12	21	11	12	11	21	22	11	21	21	22	12	21	12	11	11	11	21	12	11
111	0	16.528	30.731	12	12	12	12	12	22	21	21	12	12	21	22	22	12	22	22	22	11	11	11	11	12	22	22	22	12	11	22	12	22	21	12	12	12	11	21	12	11	12	11	12	11	22	21	12	22	12	11	21	21	21	21	12	21	22	22	12	12	21	11	12	11	22	22	22	11	21	12	12	21	11	12	11	21	22	11	21	21	22	12	21	12	11	11	11	21	12	11
112	0	16.528	30.731	12	12	12	12	12	22	21	21	12	12	21	22	22	12	22	22	22	11	11	11	11	12	22	22	22	12	11	22	12	22	21	12	12	12	11	21	12	11	12	11	12	11	22	21	12	22	12	11	21	21	21	21	12	21	22	22	12	12	21	11	12	11	22	22	22	11	21	12	12	21	11	12	11	21	22	11	21	21	22	12	21	12	11	11	11	21	12	11
114	0	16.528	30.731	12	12	12	12	12	22	21	21	12	12	21	22	22	12	22	22	22	11	11	11	11	12	22	22	22	12	11	22	12	22	21	12	12	12	11	21	12	11	12	11	12	11	22	21	12	22	12	11	21	21	21	21	12	21	22	22	12	12	21	11	12	11	22	22	22	11	21	12	12	21	11	12	11	21	22	11	21	21	22	12	21	12	11	11	11	21	12	11
119	0	16.528	30.731	12	12	12	12	12	22	21	21	12	12	21	22	22	12	22	22	22	11	11	11	11	12	22	22	22	12	11	22	12	22	21	12	12	12	11	21	12	11	12	11	12	11	22	21	12	22	12	11	21	21	21	21	12	21	22	22	12	12	21	11	12	11	22	22	22	11	21	12	12	21	11	12	11	21	22	11	21	21	22	12	21	12	11	11	11	21	12	11
102	0	16.528	30.731	12	12	12	12	12	22	21	21	12	12	21	22	22	12	22	22	22	11	11	11	11	12	22	22	22	12	11	22	12	22	21	12	12	12	11	21	12	11	12	11	12	11	22	21	12	22	12	11	21	21	21	21	12	21	22	22	12	12	21	11	12	11	22	22	22	11	21	12	12	21	11	12	11	21	22	11	21	21	22	12	21	12	11	11	11	21	12	11
123	0	16.528	30.731	12	12	12	12	12	22	21	21	12	12	21	22	22	12	22	22	22	11	11	11	11	12	22	22	22	12	11	22	12	22	21	12	12	12	11	21	12	11	12	11	12	11	22	21	12	22	12	11	21	21	21	21	12	21	22	22	12	12	21	11	12	11	22	22	22	11	21	12	12	21	11	12	11	21	22	11	21	21	22	12	21	12	11	11	11	21	12	11
107	0	16.528	30.731	12	12	12	12	12	22	21	21	12	12	21	22	22	12	22	22	22	11	11	11	11	12	22	22	22	12	11	22	12	22	21	12	12	12	11	21	12	11	12	11	12	11	22	21	12	22	12	11	21	21	21	21	12	21	22	22	12	12	21	11	12	11	22	22	22	11	21	12	12	21	11	12	11	21	22	11	21	21	22	12	21	12	11	11	11	21	12	11
116	0	16.528	30.731	12	12	12	12	12	22	21	21	12	12	21	22	22	12	22	22	22	11	11	11	11	12	22	22	22	12	11	22	12	22	21	12	12	12	11	21	12	11	12	11	12	11	22	21	12	22	12	11	21	21	21	21	12	21	22	22	12	12	21	11	12	11	22	22	22	11	21	12	12	21	11	12	11	21	22	11	21	21	22	12	21	12	11	11	11	21	12	11
113	0	16.528	30.731	12	12	12	12	12	22	21	21	12	12	21	22	22	12	22	22	22	11	11	11	11	12	22	22	22	12	11	22	12	22	21	12	12	12	11	21	12	11	12	11	12	11	22	21	12	22	12	11	21	21	21	21	12	21	22	22	12	12	21	11	12	11	22	22	22	11	21	12	12	21	11	12	11	21	22	11	21	21	22	12	21	12	11	11	11	21	12	11
117	0	16.528	30.731	12	12	12	12	12	22	21	21	12	12	21	22	22	12	22	22	22	11	11	11	11	12	22	22	22	12	11	22	12	22	21	12	12	12	11	21	12	11	12	11	12	11	22	21	12	22	12	11	21	21	21	21	12	21	22	22	12	12	21	11	12	11	22	22	22	11	21	12	12	21	11	12	11	21	22	11	21	21	22	12	21	12	11	11	11	21	12	11
120	0	16.528	30.731	12	12	12	12	12	22	21	21	12	12	21	22	22	12	22	22	22	11	11	11	11	12	22	22	22	12	11	22	12	22	21	12	12	12	11	21	12	11	12	11	12	11	22	21	12	22	12	11	21	21	21	21	12	21	22	22	12	12	21	11	12	11	22	22	22	11	21	12	12	21	11	12	11	21	22	11	21	21	22	12	21	12	11	11	11	21	12	11
115	0	16.528	30.731	12	12	12	12	12	22	21	21	12	12	21	22	22	12	22	22	22	11	11	11	11	12	22	22	22	12	11	22	12	22	21	12	12	12	11	21	12	11	12	11	12	11	22	21	12	22	12	11	21	21	21	21	12	21	22	22	12	12	21	11	12	11	22	22	22	11	21	12	12	21	11	12	11	21	22	11	21	21	22	12	21	12	11	11	11	21	12	11
110	0	17.705	30.731	12	12	12	12	12	22	21	11	12	12	21	22	22	12	22	22	22	11	11	11	11	12	22	22	22	12	11	22	12	22	21	12	12	12	11	21	12	11	12	11	12	11	22	21	12	22	12	11	21	21	21	21	12	21	22	22	12	12	21	11	12	11	22	22	22	11	21	12	12	21	11	12	11	21	22	11	21	21	22	12	21	12	11	11	11	21	12	11
109	0	17.705	30.731	12	12	12	12	12	22	21	11	12	12	21	22	22	12	22	22	22	11	11	11	11	12	22	22	22	12	11	22	12	22	21	12	12	12	11	21	12	11	12	11	12	11	22	21	12	22	12	11	21	21	21	21	12	21	22	22	12	12	21	11	12	11	22	22	22	11	21	12	12	21	11	12	11	21	22	11	21	21	22	12	21	12	11	11	11	21	12	11
106	0	17.705	30.731	12	12	12	12	12	22	21	11	12	12	21	22	22	12	22	22	22	11	11	11	11	12	22	22	22	12	11	22	12	22	21	12	12	12	11	21	12	11	12	11	12	11	22	21	12	22	12	11	21	21	21	21	12	21	22	22	12	12	21	11	12	11	22	22	22	11	21	12	12	21	11	12	11	21	22	11	21	21	22	12	21	12	11	11	11	21	12	11
108	0	17.705	30.731	12	12	12	12	12	22	21	11	12	12	21	22	22	12	22	22	22	11	11	11	11	12	22	22	22	12	11	22	12	22	21	12	12	12	11	21	12	11	12	11	12	11	22	21	12	22	12	11	21	21	21	21	12	21	22	22	12	12	21	11	12	11	22	22	22	11	21	12	12	21	11	12	11	21	22	11	21	21	22	12	21	12	11	11	11	21	12	11
105	0	17.705	30.731	12	12	12	12	12	22	21	11	12	12	21	22	22	12	22	22	22	11	11	11	11	12	22	22	22	12	11	22	12	22	21	12	12	12	11	21	12	11	12	11	12	11	22	21	12	22	12	11	21	21	21	21	12	21	22	22	12	12	21	11	12	11	22	22	22	11	21	12	12	21	11	12	11	21	22	11	21	21	22	12	21	12	11	11	11	21	12	11
104	0	17.705	30.731	12	12	12	12	12	22	21	11	12	12	21	22	22	12	22	22	22	11	11	11	11	12	22	22	22	12	11	22	12	22	21	12	12	12	11	21	12	11	12	11	12	11	22	21	12	22	12	11	21	21	21	21	12	21	22	22	12	12	21	11	12	11	22	22	22	11	21	12	12	21	11	12	11	21	22	11	21	21	22	12	21	12	11	11	11	21	12	11
124	0	18.881	34.347	12	12	12	12	12	22	21	11	12	12	21	22	22	12	22	22	22	11	11	11	11	12	21	21	22	12	11	22	12	22	21	12	12	12	11	21	12	11	12	11	12	11	22	21	12	22	12	11	21	21	21	21	12	21	22	21	12	12	21	11	12	11	22	22	22	11	21	12	12	21	11	12	11	21	22	11	21	21	22	12	21	12	11	21	11	21	12	11
134	0	20.058	36.729	12	12	12	12	12	22	11	11	12	12	21	22	22	12	22	22	22	11	11	11	11	12	21	21	22	12	11	22	12	22	21	12	12	12	11	21	12	11	12	11	12	11	22	21	12	22	12	11	21	21	21	21	12	21	22	21	12	12	21	11	12	11	22	22	22	11	21	12	12	21	11	12	11	21	21	11	21	22	22	12	21	12	11	21	11	21	12	11
128	0	20.058	36.729	12	12	12	12	12	22	11	11	12	12	21	22	22	12	22	22	22	11	11	11	11	12	21	21	22	12	11	22	12	22	21	12	12	12	11	21	12	11	12	11	12	11	22	21	12	22	12	11	21	21	21	21	12	21	22	21	12	12	21	11	12	11	22	22	22	11	21	12	12	21	11	12	11	21	21	11	21	22	22	12	21	12	11	21	11	21	12	11
126	0	20.058	36.729	12	12	12	12	12	22	11	11	12	12	21	22	22	12	22	22	22	11	11	11	11	12	21	21	22	12	11	22	12	22	21	12	12	12	11	21	12	11	12	11	12	11	22	21	12	22	12	11	21	21	21	21	12	21	22	21	12	12	21	11	12	11	22	22	22	11	21	12	12	21	11	12	11	21	21	11	21	22	22	12	21	12	11	21	11	21	12	11
133	0	20.058	36.729	12	12	12	12	12	22	11	11	12	12	21	22	22	12	22	22	22	11	11	11	11	12	21	21	22	12	11	22	12	22	21	12	12	12	11	21	12	11	12	11	12	11	22	21	12	22	12	11	21	21	21	21	12	21	22	21	12	12	21	11	12	11	22	22	22	11	21	12	12	21	11	12	11	21	21	11	21	22	22	12	21	12	11	21	11	21	12	11
131	0	20.058	36.729	12	12	12	12	12	22	11	11	12	12	21	22	22	12	22	22	22	11	11	11	11	12	21	21	22	12	11	22	12	22	21	12	12	12	11	21	12	11	12	11	12	11	22	21	12	22	12	11	21	21	21	21	12	21	22	21	12	12	21	11	12	11	22	22	22	11	21	12	12	21	11	12	11	21	21	11	21	22	22	12	21	12	11	21	11	21	12	11
132	0	20.058	36.729	12	12	12	12	12	22	11	11	12	12	21	22	22	12	22	22	22	11	11	11	11	12	21	21	22	12	11	22	12	22	21	12	12	12	11	21	12	11	12	11	12	11	22	21	12	22	12	11	21	21	21	21	12	21	22	21	12	12	21	11	12	11	22	22	22	11	21	12	12	21	11	12	11	21	21	11	21	22	22	12	21	12	11	21	11	21	12	11
130	0	20.058	36.729	12	12	12	12	12	22	11	11	12	12	21	22	22	12	22	22	22	11	11	11	11	12	21	21	22	12	11	22	12	22	21	12	12	12	11	21	12	11	12	11	12	11	22	21	12	22	12	11	21	21	21	21	12	21	22	21	12	12	21	11	12	11	22	22	22	11	21	12	12	21	11	12	11	21	21	11	21	22	22	12	21	12	11	21	11	21	12	11
125	0	20.058	36.729	12	12	12	12	12	22	11	11	12	12	21	22	22	12	22	22	22	11	11	11	11	12	21	21	22	12	11	22	12	22	21	12	12	12	11	21	12	11	12	11	12	11	22	21	12	22	12	11	21	21	21	21	12	21	22	21	12	12	21	11	12	11	22	22	22	11	21	12	12	21	11	12	11	21	21	11	21	22	22	12	21	12	11	21	11	21	12	11
129	0	20.058	36.729	12	12	12	12	12	22	11	11	12	12	21	22	22	12	22	22	22	11	11	11	11	12	21	21	22	12	11	22	12	22	21	12	12	12	11	21	12	11	12	11	12	11	22	21	12	22	12	11	21	21	21	21	12	21	22	21	12	12	21	11	12	11	22	22	22	11	21	12	12	21	11	12	11	21	21	11	21	22	22	12	21	12	11	21	11	21	12	11
127	0	20.058	36.729	12	12	12	12	12	22	11	11	12	12	21	22	22	12	22	22	22	11	11	11	11	12	21	21	22	12	11	22	12	22	21	12	12	12	11	21	12	11	12	11	12	11	22	21	12	22	12	11	21	21	21	21	12	21	22	21	12	12	21	11	12	11	22	22	22	11	21	12	12	21	11	12	11	21	21	11	21	22	22	12	21	12	11	21	11	21	12	11
137	0	21.234	39.110	12	12	12	12	12	22	11	11	12	12	21	22	22	12	22	22	22	11	11	11	11	12	21	21	22	12	11	22	12	22	21	12	12	12	11	21	12	11	12	11	12	11	22	22	12	22	12	11	21	21	21	21	12	21	22	21	12	12	21	11	12	11	22	22	22	11	21	11	12	21	11	12	11	11	21	11	21	22	22	12	21	12	11	21	11	21	12	11
138	0	21.234	39.110	12	12	12	12	12	22	11	11	12	12	21	22	22	12	22	22	22	11	11	11	11	12	21	21	22	12	11	22	12	22	21	12	12	12	11	21	12	11	12	11	12	11	22	22	12	22	12	11	21	21	21	21	12	21	22	21	12	12	21	11	12	11	22	22	22	11	21	11	12	21	11	12	11	11	21	11	21	22	22	12	21	12	11	21	11	21	12	11
140	0	21.234	39.110	12	12	12	12	12	22	11	11	12	12	21	22	22	12	22	22	22	11	11	11	11	12	21	21	22	12	11	22	12	22	21	12	12	12	11	21	12	11	12	11	12	11	22	22	12	22	12	11	21	21	21	21	12	21	22	21	12	12	21	11	12	11	22	22	22	11	21	11	12	21	11	12	11	11	21	11	21	22	22	12	21	12	11	21	11	21	12	11
136	0	21.234	39.110	12	12	12	12	12	22	11	11	12	12	21	22	22	12	22	22	22	11	11	11	11	12	21	21	22	12	11	22	12	22	21	12	12	12	11	21	12	11	12	11	12	11	22	22	12	22	12	11	21	21	21	21	12	21	22	21	12	12	21	11	12	11	22	22	22	11	21	11	12	21	11	12	11	11	21	11	21	22	22	12	21	12	11	21	11	21	12	11
139	0	21.234	39.110	12	12	12	12	12	22	11	11	12	12	21	22	22	12	22	22	22	11	11	11	11	12	21	21	22	12	11	22	12	22	21	12	12	12	11	21	12	11	12	11	12	11	22	22	12	22	12	11	21	21	21	21	12	21	22	21	12	12	21	11	12	11	22	22	22	11	21	11	12	21	11	12	11	11	21	11	21	22	22	12	21	12	11	21	11	21	12	11
135	0	21.234	39.110	12	12	12	12	12	22	11	11	12	12	21	22	22	12	22	22	22	11	11	11	11	12	21	21	22	12	11	22	12	22	21	12	12	12	11	21	12	11	12	11	12	11	22	22	12	22	12	11	21	21	21	21	12	21	22	21	12	12	21	11	12	11	22	22	22	11	21	11	12	21	11	12	11	11	21	11	21	22	22	12	21	12	11	21	11	21	12	11
141	0	22.411	41.492	12	12	12	12	12	22	11	11	12	12	21	22	22	12	22	22	22	11	11	11	11	12	21	21	12	12	11	22	12	21	21	12	12	12	11	21	12	11	12	11	12	11	22	22	12	22	12	11	21	21	21	21	12	21	22	21	12	12	21	11	12	11	22	22	22	11	21	11	12	21	11	12	11	11	21	12	21	22	22	12	21	12	11	21	11	21	12	11
142	0	22.411	42.668	12	12	12	12	12	22	11	11	12	12	21	22	22	12	22	22	22	11	11	11	11	12	21	21	12	12	11	21	12	21	21	12	12	12	11	21	12	11	12	11	12	11	22	22	12	22	12	11	21	21	21	21	12	21	22	21	12	12	21	11	12	11	22	22	22	11	21	11	12	21	11	12	11	11	21	12	21	22	22	12	21	12	11	21	11	21	12	11
143	0	22.411	43.845	12	12	12	12	12	22	11	11	12	12	21	22	22	12	22	22	22	11	11	11	11	12	21	21	12	12	11	21	12	21	21	12	12	12	11	21	12	11	12	11	12	11	22	22	12	22	12	11	21	21	21	21	12	21	22	21	12	12	21	11	12	11	22	22	22	11	21	11	12	21	11	12	11	11	21	12	21	22	22	12	21	12	11	22	11	21	12	11
144	0	23.587	45.021	12	12	12	12	12	22	11	11	12	12	21	22	22	12	22	22	22	11	11	11	11	12	21	21	12	12	11	21	12	21	21	12	12	12	11	21	12	11	12	11	12	11	22	22	12	22	12	11	21	21	21	21	12	21	22	21	12	22	21	11	12	11	22	22	21	11	21	11	12	21	11	12	11	11	21	12	21	22	22	12	21	12	11	22	11	21	12	11
154	0	24.764	45.021	12	12	12	12	12	22	11	11	12	12	21	22	22	12	22	22	22	11	11	11	11	12	21	21	12	12	11	21	12	21	21	12	12	22	11	21	12	11	12	11	12	11	22	22	12	22	12	11	21	21	21	21	12	21	22	21	12	22	21	11	12	11	22	22	21	11	21	11	12	21	11	12	11	11	21	12	21	22	22	12	21	12	11	22	11	21	12	11
149	0	24.764	45.021	12	12	12	12	12	22	11	11	12	12	21	22	22	12	22	22	22	11	11	11	11	12	21	21	12	12	11	21	12	21	21	12	12	22	11	21	12	11	12	11	12	11	22	22	12	22	12	11	21	21	21	21	12	21	22	21	12	22	21	11	12	11	22	22	21	11	21	11	12	21	11	12	11	11	21	12	21	22	22	12	21	12	11	22	11	21	12	11
147	0	24.764	45.021	12	12	12	12	12	22	11	11	12	12	21	22	22	12	22	22	22	11	11	11	11	12	21	21	12	12	11	21	12	21	21	12	12	22	11	21	12	11	12	11	12	11	22	22	12	22	12	11	21	21	21	21	12	21	22	21	12	22	21	11	12	11	22	22	21	11	21	11	12	21	11	12	11	11	21	12	21	22	22	12	21	12	11	22	11	21	12	11
148	0	24.764	45.021	12	12	12	12	12	22	11	11	12	12	21	22	22	12	22	22	22	11	11	11	11	12	21	21	12	12	11	21	12	21	21	12	12	22	11	21	12	11	12	11	12	11	22	22	12	22	12	11	21	21	21	21	12	21	22	21	12	22	21	11	12	11	22	22	21	11	21	11	12	21	11	12	11	11	21	12	21	22	22	12	21	12	11	22	11	21	12	11
164	0	24.764	45.021	12	12	12	12	12	22	11	11	12	12	21	22	22	12	22	22	22	11	11	11	11	12	21	21	12	12	11	21	12	21	21	12	12	22	11	21	12	11	12	11	12	11	22	22	12	22	12	11	21	21	21	21	12	21	22	21	12	22	21	11	12	11	22	22	21	11	21	11	12	21	11	12	11	11	21	12	21	22	22	12	21	12	11	22	11	21	12	11
161	0	25.940	45.021	12	12	12	12	12	22	11	11	12	12	21	22	22	12	22	22	22	11	11	11	11	12	21	21	12	12	11	21	12	21	21	12	12	22	11	21	12	11	12	11	12	11	22	22	12	22	12	11	21	21	21	21	12	21	22	21	12	22	21	11	12	11	22	22	21	11	21	11	12	21	11	12	11	11	21	12	21	22	22	22	21	12	11	22	11	21	12	11
160	0	25.940	45.021	12	12	12	12	12	22	11	11	12	12	21	22	22	12	22	22	22	11	11	11	11	12	21	21	12	12	11	21	12	21	21	12	12	22	11	21	12	11	12	11	12	11	22	22	12	22	12	11	21	21	21	21	12	21	22	21	12	22	21	11	12	11	22	22	21	11	21	11	12	21	11	12	11	11	21	12	21	22	22	22	21	12	11	22	11	21	12	11
150	0	25.940	45.021	12	12	12	12	12	22	11	11	12	12	21	22	22	12	22	22	22	11	11	11	11	12	21	21	12	12	11	21	12	21	21	12	12	22	11	21	12	11	12	11	12	11	22	22	12	22	12	11	21	21	21	21	12	21	22	21	12	22	21	11	12	11	22	22	21	11	21	11	12	21	11	12	11	11	21	12	21	22	22	22	21	12	11	22	11	21	12	11
145	0	27.117	45.021	12	12	12	12	12	22	11	21	12	12	21	22	22	12	22	22	22	11	11	11	11	12	21	21	12	12	11	21	12	21	21	12	12	22	11	21	12	11	12	11	12	11	22	22	12	22	12	11	21	21	21	21	12	21	22	21	12	22	21	11	12	11	22	22	21	11	21	11	12	21	11	12	11	11	21	12	21	22	22	22	21	12	11	22	11	21	12	11
152	0	27.117	45.021	12	12	12	12	12	22	11	21	12	12	21	22	22	12	22	22	22	11	11	11	11	12	21	21	12	12	11	21	12	21	21	12	12	22	11	21	12	11	12	11	12	11	22	22	12	22	12	11	21	21	21	21	12	21	22	21	12	22	21	11	12	11	22	22	21	11	21	11	12	21	11	12	11	11	21	12	21	22	22	22	21	12	11	22	11	21	12	11
151	0	27.117	45.021	12	12	12	12	12	22	11	21	12	12	21	22	22	12	22	22	22	11	11	11	11	12	21	21	12	12	11	21	12	21	21	12	12	22	11	21	12	11	12	11	12	11	22	22	12	22	12	11	21	21	21	21	12	21	22	21	12	22	21	11	12	11	22	22	21	11	21	11	12	21	11	12	11	11	21	12	21	22	22	22	21	12	11	22	11	21	12	11
146	0	27.117	45.021	12	12	12	12	12	22	11	21	12	12	21	22	22	12	22	22	22	11	11	11	11	12	21	21	12	12	11	21	12	21	21	12	12	22	11	21	12	11	12	11	12	11	22	22	12	22	12	11	21	21	21	21	12	21	22	21	12	22	21	11	12	11	22	22	21	11	21	11	12	21	11	12	11	11	21	12	21	22	22	22	21	12	11	22	11	21	12	11
153	0	27.117	45.021	12	12	12	12	12	22	11	21	12	12	21	22	22	12	22	22	22	11	11	11	11	12	21	21	12	12	11	21	12	21	21	12	12	22	11	21	12	11	12	11	12	11	22	22	12	22	12	11	21	21	21	21	12	21	22	21	12	22	21	11	12	11	22	22	21	11	21	11	12	21	11	12	11	11	21	12	21	22	22	22	21	12	11	22	11	21	12	11
155	0	27.117	45.021	12	12	12	12	12	22	11	21	12	12	21	22	22	12	22	22	22	11	11	11	11	12	21	21	12	12	11	21	12	21	21	12	12	22	11	21	12	11	12	11	12	11	22	22	12	22	12	11	21	21	21	21	12	21	22	21	12	22	21	11	12	11	22	22	21	11	21	11	12	21	11	12	11	11	21	12	21	22	22	22	21	12	11	22	11	21	12	11
163	0	27.117	46.198	12	12	12	12	12	22	11	21	12	12	21	22	22	12	22	22	22	11	11	11	11	12	21	21	12	12	11	21	12	21	21	12	12	22	11	21	12	12	12	11	12	11	22	22	12	22	12	11	21	21	21	21	12	21	22	21	12	22	21	11	12	11	22	22	21	11	21	11	12	21	11	12	11	11	21	12	21	22	22	22	21	12	11	22	11	21	12	11
171	0	27.117	46.198	12	12	12	12	12	22	11	21	12	12	21	22	22	12	22	22	22	11	11	11	11	12	21	21	12	12	11	21	12	21	21	12	12	22	11	21	12	12	12	11	12	11	22	22	12	22	12	11	21	21	21	21	12	21	22	21	12	22	21	11	12	11	22	22	21	11	21	11	12	21	11	12	11	11	21	12	21	22	22	22	21	12	11	22	11	21	12	11
159	0	27.117	46.198	12	12	12	12	12	22	11	21	12	12	21	22	22	12	22	22	22	11	11	11	11	12	21	21	12	12	11	21	12	21	21	12	12	22	11	21	12	12	12	11	12	11	22	22	12	22	12	11	21	21	21	21	12	21	22	21	12	22	21	11	12	11	22	22	21	11	21	11	12	21	11	12	11	11	21	12	21	22	22	22	21	12	11	22	11	21	12	11
168	0	27.117	46.198	12	12	12	12	12	22	11	21	12	12	21	22	22	12	22	22	22	11	11	11	11	12	21	21	12	12	11	21	12	21	21	12	12	22	11	21	12	12	12	11	12	11	22	22	12	22	12	11	21	21	21	21	12	21	22	21	12	22	21	11	12	11	22	22	21	11	21	11	12	21	11	12	11	11	21	12	21	22	22	22	21	12	11	22	11	21	12	11
167	0	27.117	46.198	12	12	12	12	12	22	11	21	12	12	21	22	22	12	22	22	22	11	11	11	11	12	21	21	12	12	11	21	12	21	21	12	12	22	11	21	12	12	12	11	12	11	22	22	12	22	12	11	21	21	21	21	12	21	22	21	12	22	21	11	12	11	22	22	21	11	21	11	12	21	11	12	11	11	21	12	21	22	22	22	21	12	11	22	11	21	12	11
162	0	27.117	46.198	12	12	12	12	12	22	11	21	12	12	21	22	22	12	22	22	22	11	11	11	11	12	21	21	12	12	11	21	12	21	21	12	12	22	11	21	12	12	12	11	12	11	22	22	12	22	12	11	21	21	21	21	12	21	22	21	12	22	21	11	12	11	22	22	21	11	21	11	12	21	11	12	11	11	21	12	21	22	22	22	21	12	11	22	11	21	12	11
169	0	27.117	46.198	12	12	12	12	12	22	11	21	12	12	21	22	22	12	22	22	22	11	11	11	11	12	21	21	12	12	11	21	12	21	21	12	12	22	11	21	12	12	12	11	12	11	22	22	12	22	12	11	21	21	21	21	12	21	22	21	12	22	21	11	12	11	22	22	21	11	21	11	12	21	11	12	11	11	21	12	21	22	22	22	21	12	11	22	11	21	12	11
166	0	27.117	46.198	12	12	12	12	12	22	11	21	12	12	21	22	22	12	22	22	22	11	11	11	11	12	21	21	12	12	11	21	12	21	21	12	12	22	11	21	12	12	12	11	12	11	22	22	12	22	12	11	21	21	21	21	12	21	22	21	12	22	21	11	12	11	22	22	21	11	21	11	12	21	11	12	11	11	21	12	21	22	22	22	21	12	11	22	11	21	12	11
165	0	27.117	46.198	12	12	12	12	12	22	11	21	12	12	21	22	22	12	22	22	22	11	11	11	11	12	21	21	12	12	11	21	12	21	21	12	12	22	11	21	12	12	12	11	12	11	22	22	12	22	12	11	21	21	21	21	12	21	22	21	12	22	21	11	12	11	22	22	21	11	21	11	12	21	11	12	11	11	21	12	21	22	22	22	21	12	11	22	11	21	12	11
170	0	27.117	46.198	12	12	12	12	12	22	11	21	12	12	21	22	22	12	22	22	22	11	11	11	11	12	21	21	12	12	11	21	12	21	21	12	12	22	11	21	12	12	12	11	12	11	22	22	12	22	12	11	21	21	21	21	12	21	22	21	12	22	21	11	12	11	22	22	21	11	21	11	12	21	11	12	11	11	21	12	21	22	22	22	21	12	11	22	11	21	12	11
157	0	28.293	47.374	12	12	12	12	12	22	11	21	12	12	21	22	22	12	22	22	21	11	11	11	11	12	21	21	12	12	11	21	12	21	21	12	12	22	11	21	12	12	12	11	12	11	22	22	12	22	12	11	21	21	21	21	12	21	22	21	12	22	21	11	12	11	22	22	21	11	21	11	12	21	11	12	11	11	21	12	21	22	12	22	21	12	11	22	11	21	12	11
173	0	28.293	47.374	12	12	12	12	12	22	11	21	12	12	21	22	22	12	22	22	21	11	11	11	11	12	21	21	12	12	11	21	12	21	21	12	12	22	11	21	12	12	12	11	12	11	22	22	12	22	12	11	21	21	21	21	12	21	22	21	12	22	21	11	12	11	22	22	21	11	21	11	12	21	11	12	11	11	21	12	21	22	12	22	21	12	11	22	11	21	12	11
172	0	28.293	47.374	12	12	12	12	12	22	11	21	12	12	21	22	22	12	22	22	21	11	11	11	11	12	21	21	12	12	11	21	12	21	21	12	12	22	11	21	12	12	12	11	12	11	22	22	12	22	12	11	21	21	21	21	12	21	22	21	12	22	21	11	12	11	22	22	21	11	21	11	12	21	11	12	11	11	21	12	21	22	12	22	21	12	11	22	11	21	12	11
158	0	28.293	47.374	12	12	12	12	12	22	11	21	12	12	21	22	22	12	22	22	21	11	11	11	11	12	21	21	12	12	11	21	12	21	21	12	12	22	11	21	12	12	12	11	12	11	22	22	12	22	12	11	21	21	21	21	12	21	22	21	12	22	21	11	12	11	22	22	21	11	21	11	12	21	11	12	11	11	21	12	21	22	12	22	21	12	11	22	11	21	12	11
156	0	29.470	47.374	12	12	12	12	12	22	11	21	12	12	21	22	22	12	22	22	21	11	11	11	11	12	21	21	12	12	11	21	12	21	21	12	12	22	11	21	12	12	12	11	12	11	22	22	12	12	12	11	21	21	21	21	12	21	22	21	12	22	21	11	12	11	22	22	21	11	21	11	12	21	11	12	11	11	21	12	21	22	12	22	21	12	11	22	11	21	12	11
174	0	29.470	48.551	12	12	12	12	12	22	11	21	12	12	21	22	22	12	22	22	21	11	11	11	11	12	21	21	12	12	11	21	12	21	21	12	12	22	11	22	12	12	12	11	12	11	22	22	12	12	12	11	21	21	21	21	12	21	22	21	12	22	21	11	12	11	22	22	21	11	21	11	12	21	11	12	11	11	21	12	21	22	12	22	21	12	11	22	11	21	12	11
176	0	29.470	48.551	12	12	12	12	12	22	11	21	12	12	21	22	22	12	22	22	21	11	11	11	11	12	21	21	12	12	11	21	12	21	21	12	12	22	11	22	12	12	12	11	12	11	22	22	12	12	12	11	21	21	21	21	12	21	22	21	12	22	21	11	12	11	22	22	21	11	21	11	12	21	11	12	11	11	21	12	21	22	12	22	21	12	11	22	11	21	12	11
175	0	29.470	48.551	12	12	12	12	12	22	11	21	12	12	21	22	22	12	22	22	21	11	11	11	11	12	21	21	12	12	11	21	12	21	21	12	12	22	11	22	12	12	12	11	12	11	22	22	12	12	12	11	21	21	21	21	12	21	22	21	12	22	21	11	12	11	22	22	21	11	21	11	12	21	11	12	11	11	21	12	21	22	12	22	21	12	11	22	11	21	12	11
178	0	29.470	49.727	12	12	12	12	12	22	11	21	12	12	21	22	22	12	22	22	21	11	11	11	11	12	21	21	12	12	11	21	12	21	21	12	12	22	11	22	12	12	12	11	12	11	22	22	12	12	12	11	21	22	21	21	12	21	22	21	12	22	21	11	12	11	22	22	21	11	21	11	12	21	11	12	11	11	21	12	21	22	12	22	21	12	11	22	11	21	12	11
179	0	29.470	49.727	12	12	12	12	12	22	11	21	12	12	21	22	22	12	22	22	21	11	11	11	11	12	21	21	12	12	11	21	12	21	21	12	12	22	11	22	12	12	12	11	12	11	22	22	12	12	12	11	21	22	21	21	12	21	22	21	12	22	21	11	12	11	22	22	21	11	21	11	12	21	11	12	11	11	21	12	21	22	12	22	21	12	11	22	11	21	12	11
177	0	29.470	49.727	12	12	12	12	12	22	11	21	12	12	21	22	22	12	22	22	21	11	11	11	11	12	21	21	12	12	11	21	12	21	21	12	12	22	11	22	12	12	12	11	12	11	22	22	12	12	12	11	21	22	21	21	12	21	22	21	12	22	21	11	12	11	22	22	21	11	21	11	12	21	11	12	11	11	21	12	21	22	12	22	21	12	11	22	11	21	12	11
180	0	31.851	53.343	12	12	12	12	12	22	11	21	12	12	21	12	22	12	22	22	21	11	11	11	11	12	21	21	12	12	11	21	12	21	21	12	12	22	11	22	12	12	12	11	12	11	22	22	12	12	12	11	21	22	11	21	12	21	21	21	12	22	21	11	12	11	21	21	21	11	21	11	12	21	11	12	11	11	21	12	21	22	12	22	21	12	11	22	11	21	12	11
181	0	33.028	53.343	12	12	12	12	12	22	11	11	12	12	21	12	22	12	22	22	21	11	11	11	11	12	21	21	12	12	11	21	12	21	21	12	12	22	11	22	12	12	12	11	12	11	22	22	12	12	12	11	21	22	11	21	12	21	21	21	12	22	21	11	12	11	21	21	21	11	21	11	12	21	11	12	11	11	21	12	21	22	12	22	21	12	11	22	11	21	12	11
182	0	33.028	53.343	12	12	12	12	12	22	11	11	12	12	21	12	22	12	22	22	21	11	11	11	11	12	21	21	12	12	11	21	12	21	21	12	12	22	11	22	12	12	12	11	12	11	22	22	12	12	12	11	21	22	11	21	12	21	21	21	12	22	21	11	12	11	21	21	21	11	21	11	12	21	11	12	11	11	21	12	21	22	12	22	21	12	11	22	11	21	12	11
183	0	33.028	54.520	12	12	12	12	12	22	11	11	12	12	21	12	22	12	22	22	21	11	11	11	11	12	21	21	12	12	11	21	12	21	21	12	12	22	11	22	12	12	12	11	12	11	22	22	12	12	12	11	21	22	11	21	12	21	21	21	12	22	21	11	12	11	21	21	21	11	21	11	12	22	11	12	11	11	21	12	21	22	12	22	21	12	11	22	11	21	12	11
184	0	33.028	54.520	12	12	12	12	12	22	11	11	12	12	21	12	22	12	22	22	21	11	11	11	11	12	21	21	12	12	11	21	12	21	21	12	12	22	11	22	12	12	12	11	12	11	22	22	12	12	12	11	21	22	11	21	12	21	21	21	12	22	21	11	12	11	21	21	21	11	21	11	12	22	11	12	11	11	21	12	21	22	12	22	21	12	11	22	11	21	12	11
185	0	33.028	55.696	12	12	12	12	12	22	11	11	12	12	21	12	22	12	22	22	21	12	11	11	11	12	21	21	12	12	11	21	12	21	21	12	12	22	11	22	12	12	12	11	12	11	22	22	12	12	12	11	21	22	11	21	12	21	21	21	12	22	21	11	12	11	21	21	21	11	21	11	12	22	11	12	11	11	21	12	21	22	12	22	21	12	11	22	11	21	12	11
186	0	33.028	59.312	12	12	12	12	12	22	11	11	11	12	21	12	22	12	22	22	21	12	11	11	11	12	21	21	12	12	11	21	12	21	21	12	12	22	11	22	12	12	12	11	12	11	22	22	12	12	12	11	21	22	11	21	12	21	21	21	12	22	21	11	12	11	21	21	21	12	21	11	12	22	11	12	11	11	21	12	21	22	12	22	21	12	12	22	11	21	12	11
187	0	33.028	59.312	12	12	12	12	12	22	11	11	11	12	21	12	22	12	22	22	21	12	11	11	11	12	21	21	12	12	11	21	12	21	21	12	12	22	11	22	12	12	12	11	12	11	22	22	12	12	12	11	21	22	11	21	12	21	21	21	12	22	21	11	12	11	21	21	21	12	21	11	12	22	11	12	11	11	21	12	21	22	12	22	21	12	12	22	11	21	12	11
188	0	33.028	59.312	12	12	12	12	12	22	11	11	11	12	21	12	22	12	22	22	21	12	11	11	11	12	21	21	12	12	11	21	12	21	21	12	12	22	11	22	12	12	12	11	12	11	22	22	12	12	12	11	21	22	11	21	12	21	21	21	12	22	21	11	12	11	21	21	21	12	21	11	12	22	11	12	11	11	21	12	21	22	12	22	21	12	12	22	11	21	12	11
189	0	33.028	61.694	12	12	12	12	12	22	11	11	11	12	21	12	22	12	22	22	21	12	11	11	11	12	21	21	12	12	11	21	12	21	21	12	12	22	11	22	12	12	12	11	12	11	22	22	12	12	12	11	21	22	11	22	12	21	21	21	12	22	21	11	12	11	21	21	21	12	21	11	12	22	11	12	11	11	21	12	22	22	12	22	21	12	12	22	11	21	12	11
191	0	33.028	64.075	12	12	12	12	12	22	11	11	11	12	21	12	22	12	22	22	21	12	11	11	11	12	21	21	12	12	11	21	12	21	21	12	12	22	11	22	12	12	12	11	12	11	22	22	12	12	12	11	21	22	11	22	12	21	21	21	12	22	22	11	12	11	21	21	21	12	21	11	12	22	11	12	11	11	21	12	22	22	12	22	21	12	12	22	11	22	12	11
192	0	33.028	64.075	12	12	12	12	12	22	11	11	11	12	21	12	22	12	22	22	21	12	11	11	11	12	21	21	12	12	11	21	12	21	21	12	12	22	11	22	12	12	12	11	12	11	22	22	12	12	12	11	21	22	11	22	12	21	21	21	12	22	22	11	12	11	21	21	21	12	21	11	12	22	11	12	11	11	21	12	22	22	12	22	21	12	12	22	11	22	12	11
194	0	33.028	64.075	12	12	12	12	12	22	11	11	11	12	21	12	22	12	22	22	21	12	11	11	11	12	21	21	12	12	11	21	12	21	21	12	12	22	11	22	12	12	12	11	12	11	22	22	12	12	12	11	21	22	11	22	12	21	21	21	12	22	22	11	12	11	21	21	21	12	21	11	12	22	11	12	11	11	21	12	22	22	12	22	21	12	12	22	11	22	12	11
190	0	33.028	64.075	12	12	12	12	12	22	11	11	11	12	21	12	22	12	22	22	21	12	11	11	11	12	21	21	12	12	11	21	12	21	21	12	12	22	11	22	12	12	12	11	12	11	22	22	12	12	12	11	21	22	11	22	12	21	21	21	12	22	22	11	12	11	21	21	21	12	21	11	12	22	11	12	11	11	21	12	22	22	12	22	21	12	12	22	11	22	12	11
195	0	34.204	64.075	12	12	12	12	12	22	11	11	11	12	21	12	22	12	22	22	21	12	11	11	11	12	21	21	12	12	11	21	12	21	21	12	12	22	11	22	12	12	12	11	12	11	22	22	12	12	12	11	21	22	11	22	12	21	21	21	12	22	22	11	12	11	21	21	21	12	11	11	12	22	11	12	11	11	21	12	22	22	12	22	21	12	12	22	11	22	12	11
199	0	35.381	64.075	12	12	12	12	12	22	11	11	11	12	21	12	22	12	22	22	21	12	11	11	11	12	21	21	12	12	11	21	12	21	21	12	12	22	11	22	12	12	12	11	12	11	22	22	12	12	12	11	21	22	11	22	12	21	21	21	12	22	22	11	12	11	21	21	11	12	11	11	12	22	11	12	11	11	21	12	22	22	12	22	21	12	12	22	11	22	12	11
198	0	35.381	64.075	12	12	12	12	12	22	11	11	11	12	21	12	22	12	22	22	21	12	11	11	11	12	21	21	12	12	11	21	12	21	21	12	12	22	11	22	12	12	12	11	12	11	22	22	12	12	12	11	21	22	11	22	12	21	21	21	12	22	22	11	12	11	21	21	11	12	11	11	12	22	11	12	11	11	21	12	22	22	12	22	21	12	12	22	11	22	12	11
196	0	35.381	64.075	12	12	12	12	12	22	11	11	11	12	21	12	22	12	22	22	21	12	11	11	11	12	21	21	12	12	11	21	12	21	21	12	12	22	11	22	12	12	12	11	12	11	22	22	12	12	12	11	21	22	11	22	12	21	21	21	12	22	22	11	12	11	21	21	11	12	11	11	12	22	11	12	11	11	21	12	22	22	12	22	21	12	12	22	11	22	12	11
197	0	35.381	64.075	12	12	12	12	12	22	11	11	11	12	21	12	22	12	22	22	21	12	11	11	11	12	21	21	12	12	11	21	12	21	21	12	12	22	11	22	12	12	12	11	12	11	22	22	12	12	12	11	21	22	11	22	12	21	21	21	12	22	22	11	12	11	21	21	11	12	11	11	12	22	11	12	11	11	21	12	22	22	12	22	21	12	12	22	11	22	12	11
200	0	35.381	64.075	12	12	12	12	12	22	11	11	11	12	21	12	22	12	22	22	21	12	11	11	11	12	21	21	12	12	11	21	12	21	21	12	12	22	11	22	12	12	12	11	12	11	22	22	12	12	12	11	21	22	11	22	12	21	21	21	12	22	22	11	12	11	21	21	11	12	11	11	12	22	11	12	11	11	21	12	22	22	12	22	21	12	12	22	11	22	12	11
202	0	36.557	65.252	12	12	12	12	12	22	11	11	11	12	21	12	22	12	22	22	21	12	11	11	11	12	21	21	12	12	11	21	12	21	21	12	12	22	11	22	12	12	12	11	12	11	22	22	12	12	12	11	21	22	11	22	12	21	21	21	12	22	22	11	11	11	21	21	11	12	11	11	12	22	11	12	11	11	11	12	22	22	12	22	21	12	12	22	11	22	12	11
201	0	36.557	65.252	12	12	12	12	12	22	11	11	11	12	21	12	22	12	22	22	21	12	11	11	11	12	21	21	12	12	11	21	12	21	21	12	12	22	11	22	12	12	12	11	12	11	22	22	12	12	12	11	21	22	11	22	12	21	21	21	12	22	22	11	11	11	21	21	11	12	11	11	12	22	11	12	11	11	11	12	22	22	12	22	21	12	12	22	11	22	12	11
203	0	36.557	65.252	12	12	12	12	12	22	11	11	11	12	21	12	22	12	22	22	21	12	11	11	11	12	21	21	12	12	11	21	12	21	21	12	12	22	11	22	12	12	12	11	12	11	22	22	12	12	12	11	21	22	11	22	12	21	21	21	12	22	22	11	11	11	21	21	11	12	11	11	12	22	11	12	11	11	11	12	22	22	12	22	21	12	12	22	11	22	12	11
244	0	37.734	65.252	12	12	12	12	12	22	11	11	11	12	21	12	22	12	22	22	21	12	11	11	11	12	21	21	12	12	11	21	12	21	21	12	12	22	11	22	12	12	12	11	12	11	22	22	12	12	12	11	11	22	11	22	12	21	21	21	12	22	22	11	11	11	21	21	11	12	11	11	12	22	11	12	11	11	11	12	22	22	12	22	21	12	12	22	11	22	12	11
219	0	37.734	66.428	12	12	12	12	12	22	11	11	11	12	21	12	22	12	22	22	21	12	11	11	11	12	21	21	12	12	11	21	12	21	21	12	12	22	11	22	12	12	12	11	12	11	22	22	12	12	12	11	11	22	11	22	12	21	21	21	12	22	22	11	11	12	21	21	11	12	11	11	12	22	11	12	11	11	11	12	22	22	12	22	21	12	12	22	11	22	12	11
205	0	37.734	68.810	12	12	12	12	12	22	11	11	11	12	21	12	22	12	22	22	21	12	11	11	11	12	21	21	12	12	12	21	12	21	21	12	11	22	11	22	12	12	12	11	12	11	22	22	12	12	12	11	11	22	11	22	12	21	21	21	12	22	22	11	11	12	21	21	11	12	11	11	12	22	11	12	11	11	11	12	22	22	12	22	21	12	12	22	11	22	12	11
212	0	37.734	68.810	12	12	12	12	12	22	11	11	11	12	21	12	22	12	22	22	21	12	11	11	11	12	21	21	12	12	12	21	12	21	21	12	11	22	11	22	12	12	12	11	12	11	22	22	12	12	12	11	11	22	11	22	12	21	21	21	12	22	22	11	11	12	21	21	11	12	11	11	12	22	11	12	11	11	11	12	22	22	12	22	21	12	12	22	11	22	12	11
210	0	37.734	68.810	12	12	12	12	12	22	11	11	11	12	21	12	22	12	22	22	21	12	11	11	11	12	21	21	12	12	12	21	12	21	21	12	11	22	11	22	12	12	12	11	12	11	22	22	12	12	12	11	11	22	11	22	12	21	21	21	12	22	22	11	11	12	21	21	11	12	11	11	12	22	11	12	11	11	11	12	22	22	12	22	21	12	12	22	11	22	12	11
241	0	37.734	68.810	12	12	12	12	12	22	11	11	11	12	21	12	22	12	22	22	21	12	11	11	11	12	21	21	12	12	12	21	12	21	21	12	11	22	11	22	12	12	12	11	12	11	22	22	12	12	12	11	11	22	11	22	12	21	21	21	12	22	22	11	11	12	21	21	11	12	11	11	12	22	11	12	11	11	11	12	22	22	12	22	21	12	12	22	11	22	12	11
215	0	37.734	68.810	12	12	12	12	12	22	11	11	11	12	21	12	22	12	22	22	21	12	11	11	11	12	21	21	12	12	12	21	12	21	21	12	11	22	11	22	12	12	12	11	12	11	22	22	12	12	12	11	11	22	11	22	12	21	21	21	12	22	22	11	11	12	21	21	11	12	11	11	12	22	11	12	11	11	11	12	22	22	12	22	21	12	12	22	11	22	12	11
209	0	37.734	68.810	12	12	12	12	12	22	11	11	11	12	21	12	22	12	22	22	21	12	11	11	11	12	21	21	12	12	12	21	12	21	21	12	11	22	11	22	12	12	12	11	12	11	22	22	12	12	12	11	11	22	11	22	12	21	21	21	12	22	22	11	11	12	21	21	11	12	11	11	12	22	11	12	11	11	11	12	22	22	12	22	21	12	12	22	11	22	12	11
211	0	37.734	68.810	12	12	12	12	12	22	11	11	11	12	21	12	22	12	22	22	21	12	11	11	11	12	21	21	12	12	12	21	12	21	21	12	11	22	11	22	12	12	12	11	12	11	22	22	12	12	12	11	11	22	11	22	12	21	21	21	12	22	22	11	11	12	21	21	11	12	11	11	12	22	11	12	11	11	11	12	22	22	12	22	21	12	12	22	11	22	12	11
213	0	37.734	68.810	12	12	12	12	12	22	11	11	11	12	21	12	22	12	22	22	21	12	11	11	11	12	21	21	12	12	12	21	12	21	21	12	11	22	11	22	12	12	12	11	12	11	22	22	12	12	12	11	11	22	11	22	12	21	21	21	12	22	22	11	11	12	21	21	11	12	11	11	12	22	11	12	11	11	11	12	22	22	12	22	21	12	12	22	11	22	12	11
208	0	37.734	68.810	12	12	12	12	12	22	11	11	11	12	21	12	22	12	22	22	21	12	11	11	11	12	21	21	12	12	12	21	12	21	21	12	11	22	11	22	12	12	12	11	12	11	22	22	12	12	12	11	11	22	11	22	12	21	21	21	12	22	22	11	11	12	21	21	11	12	11	11	12	22	11	12	11	11	11	12	22	22	12	22	21	12	12	22	11	22	12	11
214	0	37.734	68.810	12	12	12	12	12	22	11	11	11	12	21	12	22	12	22	22	21	12	11	11	11	12	21	21	12	12	12	21	12	21	21	12	11	22	11	22	12	12	12	11	12	11	22	22	12	12	12	11	11	22	11	22	12	21	21	21	12	22	22	11	11	12	21	21	11	12	11	11	12	22	11	12	11	11	11	12	22	22	12	22	21	12	12	22	11	22	12	11
231	0	38.910	68.810	12	12	12	12	12	22	11	11	11	12	21	12	22	12	22	22	21	12	11	11	11	12	21	21	12	12	12	21	12	21	21	12	21	22	11	22	12	12	12	11	12	11	22	22	12	12	12	11	11	22	11	22	12	21	21	21	12	22	22	11	11	12	21	21	11	12	11	11	12	22	11	12	11	11	11	12	22	22	12	22	21	12	12	22	11	22	12	11
204	0	38.910	68.810	12	12	12	12	12	22	11	11	11	12	21	12	22	12	22	22	21	12	11	11	11	12	21	21	12	12	12	21	12	21	21	12	21	22	11	22	12	12	12	11	12	11	22	22	12	12	12	11	11	22	11	22	12	21	21	21	12	22	22	11	11	12	21	21	11	12	11	11	12	22	11	12	11	11	11	12	22	22	12	22	21	12	12	22	11	22	12	11
221	0	38.910	69.986	12	12	12	12	12	22	11	11	11	12	21	12	22	12	22	22	21	12	11	11	11	12	21	21	12	12	12	21	12	21	21	12	21	22	11	22	12	12	12	11	12	11	22	22	12	12	12	11	11	22	11	22	12	21	21	21	12	22	22	11	11	12	21	21	11	12	11	11	12	22	11	12	11	11	11	12	22	22	12	21	21	12	12	22	11	22	12	11
226	0	41.292	69.986	12	12	12	12	12	22	11	21	11	12	21	12	22	12	22	22	21	12	11	11	11	12	21	21	12	12	22	21	12	21	21	12	21	22	11	22	12	12	12	11	12	11	22	22	12	12	12	11	11	22	11	22	12	21	21	21	12	22	22	11	11	12	21	21	11	12	11	11	12	22	11	12	11	11	11	12	22	22	12	21	21	12	12	22	11	22	12	11
232	0	41.292	69.986	12	12	12	12	12	22	11	21	11	12	21	12	22	12	22	22	21	12	11	11	11	12	21	21	12	12	22	21	12	21	21	12	21	22	11	22	12	12	12	11	12	11	22	22	12	12	12	11	11	22	11	22	12	21	21	21	12	22	22	11	11	12	21	21	11	12	11	11	12	22	11	12	11	11	11	12	22	22	12	21	21	12	12	22	11	22	12	11
228	0	41.292	69.986	12	12	12	12	12	22	11	21	11	12	21	12	22	12	22	22	21	12	11	11	11	12	21	21	12	12	22	21	12	21	21	12	21	22	11	22	12	12	12	11	12	11	22	22	12	12	12	11	11	22	11	22	12	21	21	21	12	22	22	11	11	12	21	21	11	12	11	11	12	22	11	12	11	11	11	12	22	22	12	21	21	12	12	22	11	22	12	11
225	0	41.292	69.986	12	12	12	12	12	22	11	21	11	12	21	12	22	12	22	22	21	12	11	11	11	12	21	21	12	12	22	21	12	21	21	12	21	22	11	22	12	12	12	11	12	11	22	22	12	12	12	11	11	22	11	22	12	21	21	21	12	22	22	11	11	12	21	21	11	12	11	11	12	22	11	12	11	11	11	12	22	22	12	21	21	12	12	22	11	22	12	11
229	0	41.292	69.986	12	12	12	12	12	22	11	21	11	12	21	12	22	12	22	22	21	12	11	11	11	12	21	21	12	12	22	21	12	21	21	12	21	22	11	22	12	12	12	11	12	11	22	22	12	12	12	11	11	22	11	22	12	21	21	21	12	22	22	11	11	12	21	21	11	12	11	11	12	22	11	12	11	11	11	12	22	22	12	21	21	12	12	22	11	22	12	11
227	0	41.292	69.986	12	12	12	12	12	22	11	21	11	12	21	12	22	12	22	22	21	12	11	11	11	12	21	21	12	12	22	21	12	21	21	12	21	22	11	22	12	12	12	11	12	11	22	22	12	12	12	11	11	22	11	22	12	21	21	21	12	22	22	11	11	12	21	21	11	12	11	11	12	22	11	12	11	11	11	12	22	22	12	21	21	12	12	22	11	22	12	11
206	0	41.292	69.986	12	12	12	12	12	22	11	21	11	12	21	12	22	12	22	22	21	12	11	11	11	12	21	21	12	12	22	21	12	21	21	12	21	22	11	22	12	12	12	11	12	11	22	22	12	12	12	11	11	22	11	22	12	21	21	21	12	22	22	11	11	12	21	21	11	12	11	11	12	22	11	12	11	11	11	12	22	22	12	21	21	12	12	22	11	22	12	11
220	0	41.292	69.986	12	12	12	12	12	22	11	21	11	12	21	12	22	12	22	22	21	12	11	11	11	12	21	21	12	12	22	21	12	21	21	12	21	22	11	22	12	12	12	11	12	11	22	22	12	12	12	11	11	22	11	22	12	21	21	21	12	22	22	11	11	12	21	21	11	12	11	11	12	22	11	12	11	11	11	12	22	22	12	21	21	12	12	22	11	22	12	11
246	0	41.292	71.163	12	12	12	12	12	22	11	21	11	12	21	12	22	12	22	22	21	12	11	11	11	12	21	21	12	12	22	21	12	21	21	12	21	22	11	22	12	12	12	11	12	11	22	22	12	12	12	11	11	22	11	22	12	21	21	21	12	22	22	11	11	12	21	21	11	12	11	11	12	22	11	12	11	11	11	12	22	22	12	22	21	12	12	22	11	22	12	11
207	0	41.292	71.163	12	12	12	12	12	22	11	21	11	12	21	12	22	12	22	22	21	12	11	11	11	12	21	21	12	12	22	21	12	21	21	12	21	22	11	22	12	12	12	11	12	11	22	22	12	12	12	11	11	22	11	22	12	21	21	21	12	22	22	11	11	12	21	21	11	12	11	11	12	22	11	12	11	11	11	12	22	22	12	22	21	12	12	22	11	22	12	11
230	0	41.292	71.163	12	12	12	12	12	22	11	21	11	12	21	12	22	12	22	22	21	12	11	11	11	12	21	21	12	12	22	21	12	21	21	12	21	22	11	22	12	12	12	11	12	11	22	22	12	12	12	11	11	22	11	22	12	21	21	21	12	22	22	11	11	12	21	21	11	12	11	11	12	22	11	12	11	11	11	12	22	22	12	22	21	12	12	22	11	22	12	11
245	0	41.292	71.163	12	12	12	12	12	22	11	21	11	12	21	12	22	12	22	22	21	12	11	11	11	12	21	21	12	12	22	21	12	21	21	12	21	22	11	22	12	12	12	11	12	11	22	22	12	12	12	11	11	22	11	22	12	21	21	21	12	22	22	11	11	12	21	21	11	12	11	11	12	22	11	12	11	11	11	12	22	22	12	22	21	12	12	22	11	22	12	11
247	0	41.292	71.163	12	12	12	12	12	22	11	21	11	12	21	12	22	12	22	22	21	12	11	11	11	12	21	21	12	12	22	21	12	21	21	12	21	22	11	22	12	12	12	11	12	11	22	22	12	12	12	11	11	22	11	22	12	21	21	21	12	22	22	11	11	12	21	21	11	12	11	11	12	22	11	12	11	11	11	12	22	22	12	22	21	12	12	22	11	22	12	11
236	0	41.292	71.163	12	12	12	12	12	22	11	21	11	12	21	12	22	12	22	22	21	12	11	11	11	12	21	21	12	12	22	21	12	21	21	12	21	22	11	22	12	12	12	11	12	11	22	22	12	12	12	11	11	22	11	22	12	21	21	21	12	22	22	11	11	12	21	21	11	12	11	11	12	22	11	12	11	11	11	12	22	22	12	22	21	12	12	22	11	22	12	11
238	0	41.292	71.163	12	12	12	12	12	22	11	21	11	12	21	12	22	12	22	22	21	12	11	11	11	12	21	21	12	12	22	21	12	21	21	12	21	22	11	22	12	12	12	11	12	11	22	22	12	12	12	11	11	22	11	22	12	21	21	21	12	22	22	11	11	12	21	21	11	12	11	11	12	22	11	12	11	11	11	12	22	22	12	22	21	12	12	22	11	22	12	11
235	0	41.292	71.163	12	12	12	12	12	22	11	21	11	12	21	12	22	12	22	22	21	12	11	11	11	12	21	21	12	12	22	21	12	21	21	12	21	22	11	22	12	12	12	11	12	11	22	22	12	12	12	11	11	22	11	22	12	21	21	21	12	22	22	11	11	12	21	21	11	12	11	11	12	22	11	12	11	11	11	12	22	22	12	22	21	12	12	22	11	22	12	11
218	0	41.292	71.163	12	12	12	12	12	22	11	21	11	12	21	12	22	12	22	22	21	12	11	11	11	12	21	21	12	12	22	21	12	21	21	12	21	22	11	22	12	12	12	11	12	11	22	22	12	12	12	11	11	22	11	22	12	21	21	21	12	22	22	11	11	12	21	21	11	12	11	11	12	22	11	12	11	11	11	12	22	22	12	22	21	12	12	22	11	22	12	11
239	0	41.292	71.163	12	12	12	12	12	22	11	21	11	12	21	12	22	12	22	22	21	12	11	11	11	12	21	21	12	12	22	21	12	21	21	12	21	22	11	22	12	12	12	11	12	11	22	22	12	12	12	11	11	22	11	22	12	21	21	21	12	22	22	11	11	12	21	21	11	12	11	11	12	22	11	12	11	11	11	12	22	22	12	22	21	12	12	22	11	22	12	11
216	0	41.292	71.163	12	12	12	12	12	22	11	21	11	12	21	12	22	12	22	22	21	12	11	11	11	12	21	21	12	12	22	21	12	21	21	12	21	22	11	22	12	12	12	11	12	11	22	22	12	12	12	11	11	22	11	22	12	21	21	21	12	22	22	11	11	12	21	21	11	12	11	11	12	22	11	12	11	11	11	12	22	22	12	22	21	12	12	22	11	22	12	11
240	0	41.292	71.163	12	12	12	12	12	22	11	21	11	12	21	12	22	12	22	22	21	12	11	11	11	12	21	21	12	12	22	21	12	21	21	12	21	22	11	22	12	12	12	11	12	11	22	22	12	12	12	11	11	22	11	22	12	21	21	21	12	22	22	11	11	12	21	21	11	12	11	11	12	22	11	12	11	11	11	12	22	22	12	22	21	12	12	22	11	22	12	11
223	0	41.292	71.163	12	12	12	12	12	22	11	21	11	12	21	12	22	12	22	22	21	12	11	11	11	12	21	21	12	12	22	21	12	21	21	12	21	22	11	22	12	12	12	11	12	11	22	22	12	12	12	11	11	22	11	22	12	21	21	21	12	22	22	11	11	12	21	21	11	12	11	11	12	22	11	12	11	11	11	12	22	22	12	22	21	12	12	22	11	22	12	11
242	0	41.292	71.163	12	12	12	12	12	22	11	21	11	12	21	12	22	12	22	22	21	12	11	11	11	12	21	21	12	12	22	21	12	21	21	12	21	22	11	22	12	12	12	11	12	11	22	22	12	12	12	11	11	22	11	22	12	21	21	21	12	22	22	11	11	12	21	21	11	12	11	11	12	22	11	12	11	11	11	12	22	22	12	22	21	12	12	22	11	22	12	11
222	0	41.292	71.163	12	12	12	12	12	22	11	21	11	12	21	12	22	12	22	22	21	12	11	11	11	12	21	21	12	12	22	21	12	21	21	12	21	22	11	22	12	12	12	11	12	11	22	22	12	12	12	11	11	22	11	22	12	21	21	21	12	22	22	11	11	12	21	21	11	12	11	11	12	22	11	12	11	11	11	12	22	22	12	22	21	12	12	22	11	22	12	11
234	0	41.292	71.163	12	12	12	12	12	22	11	21	11	12	21	12	22	12	22	22	21	12	11	11	11	12	21	21	12	12	22	21	12	21	21	12	21	22	11	22	12	12	12	11	12	11	22	22	12	12	12	11	11	22	11	22	12	21	21	21	12	22	22	11	11	12	21	21	11	12	11	11	12	22	11	12	11	11	11	12	22	22	12	22	21	12	12	22	11	22	12	11
217	0	41.292	71.163	12	12	12	12	12	22	11	21	11	12	21	12	22	12	22	22	21	12	11	11	11	12	21	21	12	12	22	21	12	21	21	12	21	22	11	22	12	12	12	11	12	11	22	22	12	12	12	11	11	22	11	22	12	21	21	21	12	22	22	11	11	12	21	21	11	12	11	11	12	22	11	12	11	11	11	12	22	22	12	22	21	12	12	22	11	22	12	11
233	0	41.292	71.163	12	12	12	12	12	22	11	21	11	12	21	12	22	12	22	22	21	12	11	11	11	12	21	21	12	12	22	21	12	21	21	12	21	22	11	22	12	12	12	11	12	11	22	22	12	12	12	11	11	22	11	22	12	21	21	21	12	22	22	11	11	12	21	21	11	12	11	11	12	22	11	12	11	11	11	12	22	22	12	22	21	12	12	22	11	22	12	11
248	0	41.292	71.163	12	12	12	12	12	22	11	21	11	12	21	12	22	12	22	22	21	12	11	11	11	12	21	21	12	12	22	21	12	21	21	12	21	22	11	22	12	12	12	11	12	11	22	22	12	12	12	11	11	22	11	22	12	21	21	21	12	22	22	11	11	12	21	21	11	12	11	11	12	22	11	12	11	11	11	12	22	22	12	22	21	12	12	22	11	22	12	11
224	0	41.292	71.163	12	12	12	12	12	22	11	21	11	12	21	12	22	12	22	22	21	12	11	11	11	12	21	21	12	12	22	21	12	21	21	12	21	22	11	22	12	12	12	11	12	11	22	22	12	12	12	11	11	22	11	22	12	21	21	21	12	22	22	11	11	12	21	21	11	12	11	11	12	22	11	12	11	11	11	12	22	22	12	22	21	12	12	22	11	22	12	11
237	0	41.292	71.163	12	12	12	12	12	22	11	21	11	12	21	12	22	12	22	22	21	12	11	11	11	12	21	21	12	12	22	21	12	21	21	12	21	22	11	22	12	12	12	11	12	11	22	22	12	12	12	11	11	22	11	22	12	21	21	21	12	22	22	11	11	12	21	21	11	12	11	11	12	22	11	12	11	11	11	12	22	22	12	22	21	12	12	22	11	22	12	11
243	0	41.292	71.163	12	12	12	12	12	22	11	21	11	12	21	12	22	12	22	22	21	12	11	11	11	12	21	21	12	12	22	21	12	21	21	12	21	22	11	22	12	12	12	11	12	11	22	22	12	12	12	11	11	22	11	22	12	21	21	21	12	22	22	11	11	12	21	21	11	12	11	11	12	22	11	12	11	11	11	12	22	22	12	22	21	12	12	22	11	22	12	11
253	0	41.292	73.544	12	12	12	12	12	22	11	21	11	12	21	12	22	12	22	22	21	12	11	11	11	12	21	21	12	12	22	21	12	21	21	12	21	22	11	22	12	12	12	11	12	11	22	22	12	12	11	11	11	22	11	22	12	21	21	21	12	22	22	12	11	12	21	21	11	12	11	11	12	22	11	12	11	11	11	12	22	22	12	22	21	12	12	22	11	22	12	11
252	0	41.292	73.544	12	12	12	12	12	22	11	21	11	12	21	12	22	12	22	22	21	12	11	11	11	12	21	21	12	12	22	21	12	21	21	12	21	22	11	22	12	12	12	11	12	11	22	22	12	12	11	11	11	22	11	22	12	21	21	21	12	22	22	12	11	12	21	21	11	12	11	11	12	22	11	12	11	11	11	12	22	22	12	22	21	12	12	22	11	22	12	11
251	0	41.292	73.544	12	12	12	12	12	22	11	21	11	12	21	12	22	12	22	22	21	12	11	11	11	12	21	21	12	12	22	21	12	21	21	12	21	22	11	22	12	12	12	11	12	11	22	22	12	12	11	11	11	22	11	22	12	21	21	21	12	22	22	12	11	12	21	21	11	12	11	11	12	22	11	12	11	11	11	12	22	22	12	22	21	12	12	22	11	22	12	11
254	0	42.468	73.544	12	12	12	12	12	22	11	21	11	12	21	12	22	12	22	22	21	12	11	11	11	12	21	21	12	12	22	21	12	21	21	12	21	22	11	22	12	12	12	11	12	11	22	22	12	12	11	11	11	22	11	22	12	21	21	21	12	22	12	12	11	12	21	21	11	12	11	11	12	22	11	12	11	11	11	12	22	22	12	22	21	12	12	22	11	22	12	11
255	0	42.468	73.544	12	12	12	12	12	22	11	21	11	12	21	12	22	12	22	22	21	12	11	11	11	12	21	21	12	12	22	21	12	21	21	12	21	22	11	22	12	12	12	11	12	11	22	22	12	12	11	11	11	22	11	22	12	21	21	21	12	22	12	12	11	12	21	21	11	12	11	11	12	22	11	12	11	11	11	12	22	22	12	22	21	12	12	22	11	22	12	11
256	0	42.468	73.544	12	12	12	12	12	22	11	21	11	12	21	12	22	12	22	22	21	12	11	11	11	12	21	21	12	12	22	21	12	21	21	12	21	22	11	22	12	12	12	11	12	11	22	22	12	12	11	11	11	22	11	22	12	21	21	21	12	22	12	12	11	12	21	21	11	12	11	11	12	22	11	12	11	11	11	12	22	22	12	22	21	12	12	22	11	22	12	11
250	0	42.468	73.544	12	12	12	12	12	22	11	21	11	12	21	12	22	12	22	22	21	12	11	11	11	12	21	21	12	12	22	21	12	21	21	12	21	22	11	22	12	12	12	11	12	11	22	22	12	12	11	11	11	22	11	22	12	21	21	21	12	22	12	12	11	12	21	21	11	12	11	11	12	22	11	12	11	11	11	12	22	22	12	22	21	12	12	22	11	22	12	11
249	0	42.468	73.544	12	12	12	12	12	22	11	21	11	12	21	12	22	12	22	22	21	12	11	11	11	12	21	21	12	12	22	21	12	21	21	12	21	22	11	22	12	12	12	11	12	11	22	22	12	12	11	11	11	22	11	22	12	21	21	21	12	22	12	12	11	12	21	21	11	12	11	11	12	22	11	12	11	11	11	12	22	22	12	22	21	12	12	22	11	22	12	11
264	0	43.645	73.544	12	12	22	12	12	22	11	21	11	12	21	12	22	12	22	22	21	12	11	11	11	12	21	21	12	12	22	21	12	21	21	12	21	22	11	22	12	12	12	11	12	11	22	22	12	12	11	11	11	22	11	22	12	21	21	21	12	22	12	12	11	12	21	21	11	12	11	11	12	22	11	12	11	11	11	12	22	22	12	22	21	12	12	22	11	22	12	11
261	0	44.821	73.544	12	12	22	22	12	22	11	21	11	12	21	12	22	12	22	22	21	12	11	11	11	12	21	21	12	12	22	21	12	21	21	12	21	22	11	22	12	12	12	11	12	11	22	22	12	12	11	11	11	22	11	22	12	21	21	21	12	22	12	12	11	12	21	21	11	12	11	11	12	22	11	12	11	11	11	12	22	22	12	22	21	12	12	22	11	22	12	11
260	0	44.821	73.544	12	12	22	22	12	22	11	21	11	12	21	12	22	12	22	22	21	12	11	11	11	12	21	21	12	12	22	21	12	21	21	12	21	22	11	22	12	12	12	11	12	11	22	22	12	12	11	11	11	22	11	22	12	21	21	21	12	22	12	12	11	12	21	21	11	12	11	11	12	22	11	12	11	11	11	12	22	22	12	22	21	12	12	22	11	22	12	11
257	0	44.821	73.544	12	12	22	22	12	22	11	21	11	12	21	12	22	12	22	22	21	12	11	11	11	12	21	21	12	12	22	21	12	21	21	12	21	22	11	22	12	12	12	11	12	11	22	22	12	12	11	11	11	22	11	22	12	21	21	21	12	22	12	12	11	12	21	21	11	12	11	11	12	22	11	12	11	11	11	12	22	22	12	22	21	12	12	22	11	22	12	11
263	0	44.821	73.544	12	12	22	22	12	22	11	21	11	12	21	12	22	12	22	22	21	12	11	11	11	12	21	21	12	12	22	21	12	21	21	12	21	22	11	22	12	12	12	11	12	11	22	22	12	12	11	11	11	22	11	22	12	21	21	21	12	22	12	12	11	12	21	21	11	12	11	11	12	22	11	12	11	11	11	12	22	22	12	22	21	12	12	22	11	22	12	11
262	0	44.821	73.544	12	12	22	22	12	22	11	21	11	12	21	12	22	12	22	22	21	12	11	11	11	12	21	21	12	12	22	21	12	21	21	12	21	22	11	22	12	12	12	11	12	11	22	22	12	12	11	11	11	22	11	22	12	21	21	21	12	22	12	12	11	12	21	21	11	12	11	11	12	22	11	12	11	11	11	12	22	22	12	22	21	12	12	22	11	22	12	11
259	0	44.821	73.544	12	12	22	22	12	22	11	21	11	12	21	12	22	12	22	22	21	12	11	11	11	12	21	21	12	12	22	21	12	21	21	12	21	22	11	22	12	12	12	11	12	11	22	22	12	12	11	11	11	22	11	22	12	21	21	21	12	22	12	12	11	12	21	21	11	12	11	11	12	22	11	12	11	11	11	12	22	22	12	22	21	12	12	22	11	22	12	11
265	0	47.203	73.544	12	12	22	22	12	22	11	21	11	12	21	12	22	12	22	22	21	12	11	11	11	12	21	21	12	12	22	21	12	21	21	12	21	22	11	22	12	22	12	11	12	11	22	22	12	12	11	11	11	22	11	22	12	21	21	21	12	22	12	12	11	12	21	21	11	12	11	11	12	22	11	12	11	11	11	12	22	12	12	22	21	12	12	22	11	22	12	11
275	0	47.203	73.544	12	12	22	22	12	22	11	21	11	12	21	12	22	12	22	22	21	12	11	11	11	12	21	21	12	12	22	21	12	21	21	12	21	22	11	22	12	22	12	11	12	11	22	22	12	12	11	11	11	22	11	22	12	21	21	21	12	22	12	12	11	12	21	21	11	12	11	11	12	22	11	12	11	11	11	12	22	12	12	22	21	12	12	22	11	22	12	11
268	0	47.203	73.544	12	12	22	22	12	22	11	21	11	12	21	12	22	12	22	22	21	12	11	11	11	12	21	21	12	12	22	21	12	21	21	12	21	22	11	22	12	22	12	11	12	11	22	22	12	12	11	11	11	22	11	22	12	21	21	21	12	22	12	12	11	12	21	21	11	12	11	11	12	22	11	12	11	11	11	12	22	12	12	22	21	12	12	22	11	22	12	11
280	0	47.203	73.544	12	12	22	22	12	22	11	21	11	12	21	12	22	12	22	22	21	12	11	11	11	12	21	21	12	12	22	21	12	21	21	12	21	22	11	22	12	22	12	11	12	11	22	22	12	12	11	11	11	22	11	22	12	21	21	21	12	22	12	12	11	12	21	21	11	12	11	11	12	22	11	12	11	11	11	12	22	12	12	22	21	12	12	22	11	22	12	11
276	0	47.203	73.544	12	12	22	22	12	22	11	21	11	12	21	12	22	12	22	22	21	12	11	11	11	12	21	21	12	12	22	21	12	21	21	12	21	22	11	22	12	22	12	11	12	11	22	22	12	12	11	11	11	22	11	22	12	21	21	21	12	22	12	12	11	12	21	21	11	12	11	11	12	22	11	12	11	11	11	12	22	12	12	22	21	12	12	22	11	22	12	11
274	0	47.203	74.721	12	12	22	22	12	22	11	22	11	12	21	12	22	12	22	22	21	12	11	11	11	12	21	21	12	12	22	21	12	21	21	12	21	22	11	22	12	22	12	11	12	11	22	22	12	12	11	11	11	22	11	22	12	21	21	21	12	22	12	12	11	12	21	21	11	12	11	11	12	22	11	12	11	11	11	12	22	12	12	22	21	12	12	22	11	22	12	11
269	0	47.203	74.721	12	12	22	22	12	22	11	22	11	12	21	12	22	12	22	22	21	12	11	11	11	12	21	21	12	12	22	21	12	21	21	12	21	22	11	22	12	22	12	11	12	11	22	22	12	12	11	11	11	22	11	22	12	21	21	21	12	22	12	12	11	12	21	21	11	12	11	11	12	22	11	12	11	11	11	12	22	12	12	22	21	12	12	22	11	22	12	11
278	0	47.203	74.721	12	12	22	22	12	22	11	22	11	12	21	12	22	12	22	22	21	12	11	11	11	12	21	21	12	12	22	21	12	21	21	12	21	22	11	22	12	22	12	11	12	11	22	22	12	12	11	11	11	22	11	22	12	21	21	21	12	22	12	12	11	12	21	21	11	12	11	11	12	22	11	12	11	11	11	12	22	12	12	22	21	12	12	22	11	22	12	11
271	0	47.203	74.721	12	12	22	22	12	22	11	22	11	12	21	12	22	12	22	22	21	12	11	11	11	12	21	21	12	12	22	21	12	21	21	12	21	22	11	22	12	22	12	11	12	11	22	22	12	12	11	11	11	22	11	22	12	21	21	21	12	22	12	12	11	12	21	21	11	12	11	11	12	22	11	12	11	11	11	12	22	12	12	22	21	12	12	22	11	22	12	11
279	0	47.203	74.721	12	12	22	22	12	22	11	22	11	12	21	12	22	12	22	22	21	12	11	11	11	12	21	21	12	12	22	21	12	21	21	12	21	22	11	22	12	22	12	11	12	11	22	22	12	12	11	11	11	22	11	22	12	21	21	21	12	22	12	12	11	12	21	21	11	12	11	11	12	22	11	12	11	11	11	12	22	12	12	22	21	12	12	22	11	22	12	11
281	0	47.203	74.721	12	12	22	22	12	22	11	22	11	12	21	12	22	12	22	22	21	12	11	11	11	12	21	21	12	12	22	21	12	21	21	12	21	22	11	22	12	22	12	11	12	11	22	22	12	12	11	11	11	22	11	22	12	21	21	21	12	22	12	12	11	12	21	21	11	12	11	11	12	22	11	12	11	11	11	12	22	12	12	22	21	12	12	22	11	22	12	11
277	0	47.203	74.721	12	12	22	22	12	22	11	22	11	12	21	12	22	12	22	22	21	12	11	11	11	12	21	21	12	12	22	21	12	21	21	12	21	22	11	22	12	22	12	11	12	11	22	22	12	12	11	11	11	22	11	22	12	21	21	21	12	22	12	12	11	12	21	21	11	12	11	11	12	22	11	12	11	11	11	12	22	12	12	22	21	12	12	22	11	22	12	11
270	0	47.203	74.721	12	12	22	22	12	22	11	22	11	12	21	12	22	12	22	22	21	12	11	11	11	12	21	21	12	12	22	21	12	21	21	12	21	22	11	22	12	22	12	11	12	11	22	22	12	12	11	11	11	22	11	22	12	21	21	21	12	22	12	12	11	12	21	21	11	12	11	11	12	22	11	12	11	11	11	12	22	12	12	22	21	12	12	22	11	22	12	11
273	0	47.203	74.721	12	12	22	22	12	22	11	22	11	12	21	12	22	12	22	22	21	12	11	11	11	12	21	21	12	12	22	21	12	21	21	12	21	22	11	22	12	22	12	11	12	11	22	22	12	12	11	11	11	22	11	22	12	21	21	21	12	22	12	12	11	12	21	21	11	12	11	11	12	22	11	12	11	11	11	12	22	12	12	22	21	12	12	22	11	22	12	11
267	0	48.379	74.721	12	12	22	22	12	22	11	22	11	12	21	12	22	12	22	22	21	12	11	11	11	12	21	21	12	12	22	21	12	21	21	12	11	22	11	22	12	22	12	11	12	11	22	22	12	12	11	11	11	22	11	22	12	21	21	21	12	22	12	12	11	12	21	21	11	12	11	11	12	22	11	12	11	11	11	12	22	12	12	22	21	12	12	22	11	22	12	11
272	0	48.379	74.721	12	12	22	22	12	22	11	22	11	12	21	12	22	12	22	22	21	12	11	11	11	12	21	21	12	12	22	21	12	21	21	12	11	22	11	22	12	22	12	11	12	11	22	22	12	12	11	11	11	22	11	22	12	21	21	21	12	22	12	12	11	12	21	21	11	12	11	11	12	22	11	12	11	11	11	12	22	12	12	22	21	12	12	22	11	22	12	11
282	0	48.379	74.721	12	12	22	22	12	22	11	22	11	12	21	12	22	12	22	22	21	12	11	11	11	12	21	21	12	12	22	21	12	21	21	12	11	22	11	22	12	22	12	11	12	11	22	22	12	12	11	11	11	22	11	22	12	21	21	21	12	22	12	12	11	12	21	21	11	12	11	11	12	22	11	12	11	11	11	12	22	12	12	22	21	12	12	22	11	22	12	11
266	0	48.379	74.721	12	12	22	22	12	22	11	22	11	12	21	12	22	12	22	22	21	12	11	11	11	12	21	21	12	12	22	21	12	21	21	12	11	22	11	22	12	22	12	11	12	11	22	22	12	12	11	11	11	22	11	22	12	21	21	21	12	22	12	12	11	12	21	21	11	12	11	11	12	22	11	12	11	11	11	12	22	12	12	22	21	12	12	22	11	22	12	11
283	0	50.761	75.897	12	12	22	22	12	22	11	22	11	12	21	12	22	12	22	22	21	12	11	11	11	12	21	21	12	12	22	21	12	21	21	12	11	22	11	22	12	22	12	11	12	11	22	22	12	22	11	11	11	12	11	22	12	21	21	21	12	22	12	12	11	12	21	21	11	12	11	11	12	22	11	12	12	11	11	12	22	12	12	22	21	12	12	22	11	22	12	11
284	0	51.937	75.897	12	12	22	22	12	22	11	22	11	12	21	12	22	12	22	22	21	12	11	11	11	12	21	21	12	12	22	21	12	21	21	12	11	22	11	22	12	22	12	11	12	11	22	22	12	22	11	11	11	12	11	22	12	21	21	21	12	22	12	12	11	12	21	21	11	12	11	11	12	22	11	12	12	11	11	22	22	12	12	22	21	12	12	22	11	22	12	11
285	0	51.937	75.897	12	12	22	22	12	22	11	22	11	12	21	12	22	12	22	22	21	12	11	11	11	12	21	21	12	12	22	21	12	21	21	12	11	22	11	22	12	22	12	11	12	11	22	22	12	22	11	11	11	12	11	22	12	21	21	21	12	22	12	12	11	12	21	21	11	12	11	11	12	22	11	12	12	11	11	22	22	12	12	22	21	12	12	22	11	22	12	11
286	0	51.937	77.074	12	12	22	22	12	22	11	22	11	12	21	12	22	12	22	22	21	12	11	11	11	12	21	21	12	12	22	21	12	21	21	12	11	22	11	22	12	22	12	11	12	11	22	22	12	22	11	11	11	12	11	22	12	22	21	21	12	22	12	12	11	12	21	21	11	12	11	11	12	22	11	12	12	11	11	22	22	12	12	22	21	12	12	22	11	22	12	11
289	0	51.937	79.455	12	12	22	22	12	22	12	22	11	12	21	12	22	12	22	22	21	12	11	11	11	12	21	21	12	12	22	21	12	21	21	12	11	22	11	22	12	22	12	11	12	11	22	22	11	22	11	11	11	12	11	22	12	22	21	21	12	22	12	12	11	12	21	21	11	12	11	11	12	22	11	12	12	11	11	22	22	12	12	22	21	12	12	22	11	22	12	11
287	0	51.937	79.455	12	12	22	22	12	22	12	22	11	12	21	12	22	12	22	22	21	12	11	11	11	12	21	21	12	12	22	21	12	21	21	12	11	22	11	22	12	22	12	11	12	11	22	22	11	22	11	11	11	12	11	22	12	22	21	21	12	22	12	12	11	12	21	21	11	12	11	11	12	22	11	12	12	11	11	22	22	12	12	22	21	12	12	22	11	22	12	11
288	0	51.937	79.455	12	12	22	22	12	22	12	22	11	12	21	12	22	12	22	22	21	12	11	11	11	12	21	21	12	12	22	21	12	21	21	12	11	22	11	22	12	22	12	11	12	11	22	22	11	22	11	11	11	12	11	22	12	22	21	21	12	22	12	12	11	12	21	21	11	12	11	11	12	22	11	12	12	11	11	22	22	12	12	22	21	12	12	22	11	22	12	11
290	0	51.937	79.455	12	12	22	22	12	22	12	22	11	12	21	12	22	12	22	22	21	12	11	11	11	12	21	21	12	12	22	21	12	21	21	12	11	22	11	22	12	22	12	11	12	11	22	22	11	22	11	11	11	12	11	22	12	22	21	21	12	22	12	12	11	12	21	21	11	12	11	11	12	22	11	12	12	11	11	22	22	12	12	22	21	12	12	22	11	22	12	11
299	0	56.819	81.837	12	12	22	22	12	22	12	22	11	12	21	12	22	12	22	22	21	12	11	11	11	12	11	11	12	12	22	21	12	21	21	12	11	22	11	22	12	22	12	11	12	11	22	22	11	22	11	11	11	12	11	12	12	22	21	21	12	22	12	12	11	12	21	21	11	12	12	11	12	22	12	12	12	11	11	22	22	12	12	12	21	12	12	22	11	22	12	11
296	0	56.819	81.837	12	12	22	22	12	22	12	22	11	12	21	12	22	12	22	22	21	12	11	11	11	12	11	11	12	12	22	21	12	21	21	12	11	22	11	22	12	22	12	11	12	11	22	22	11	22	11	11	11	12	11	12	12	22	21	21	12	22	12	12	11	12	21	21	11	12	12	11	12	22	12	12	12	11	11	22	22	12	12	12	21	12	12	22	11	22	12	11
295	0	56.819	81.837	12	12	22	22	12	22	12	22	11	12	21	12	22	12	22	22	21	12	11	11	11	12	11	11	12	12	22	21	12	21	21	12	11	22	11	22	12	22	12	11	12	11	22	22	11	22	11	11	11	12	11	12	12	22	21	21	12	22	12	12	11	12	21	21	11	12	12	11	12	22	12	12	12	11	11	22	22	12	12	12	21	12	12	22	11	22	12	11
294	0	56.819	81.837	12	12	22	22	12	22	12	22	11	12	21	12	22	12	22	22	21	12	11	11	11	12	11	11	12	12	22	21	12	21	21	12	11	22	11	22	12	22	12	11	12	11	22	22	11	22	11	11	11	12	11	12	12	22	21	21	12	22	12	12	11	12	21	21	11	12	12	11	12	22	12	12	12	11	11	22	22	12	12	12	21	12	12	22	11	22	12	11
297	0	56.819	81.837	12	12	22	22	12	22	12	22	11	12	21	12	22	12	22	22	21	12	11	11	11	12	11	11	12	12	22	21	12	21	21	12	11	22	11	22	12	22	12	11	12	11	22	22	11	22	11	11	11	12	11	12	12	22	21	21	12	22	12	12	11	12	21	21	11	12	12	11	12	22	12	12	12	11	11	22	22	12	12	12	21	12	12	22	11	22	12	11
293	0	56.819	81.837	12	12	22	22	12	22	12	22	11	12	21	12	22	12	22	22	21	12	11	11	11	12	11	11	12	12	22	21	12	21	21	12	11	22	11	22	12	22	12	11	12	11	22	22	11	22	11	11	11	12	11	12	12	22	21	21	12	22	12	12	11	12	21	21	11	12	12	11	12	22	12	12	12	11	11	22	22	12	12	12	21	12	12	22	11	22	12	11
298	0	56.819	81.837	12	12	22	22	12	22	12	22	11	12	21	12	22	12	22	22	21	12	11	11	11	12	11	11	12	12	22	21	12	21	21	12	11	22	11	22	12	22	12	11	12	11	22	22	11	22	11	11	11	12	11	12	12	22	21	21	12	22	12	12	11	12	21	21	11	12	12	11	12	22	12	12	12	11	11	22	22	12	12	12	21	12	12	22	11	22	12	11
301	0	60.435	83.013	12	12	22	22	12	22	12	22	11	12	21	12	22	12	22	22	21	12	11	11	11	12	11	11	12	12	22	21	12	21	21	12	11	22	11	12	12	22	12	11	12	11	22	22	11	22	11	11	11	12	11	12	12	22	21	21	12	22	12	12	11	12	21	22	11	12	12	11	12	22	22	12	12	11	11	22	22	12	12	12	21	12	12	12	11	22	12	11
300	0	60.435	83.013	12	12	22	22	12	22	12	22	11	12	21	12	22	12	22	22	21	12	11	11	11	12	11	11	12	12	22	21	12	21	21	12	11	22	11	12	12	22	12	11	12	11	22	22	11	22	11	11	11	12	11	12	12	22	21	21	12	22	12	12	11	12	21	22	11	12	12	11	12	22	22	12	12	11	11	22	22	12	12	12	21	12	12	12	11	22	12	11
302	0	60.435	83.013	12	12	22	22	12	22	12	22	11	12	21	12	22	12	22	22	21	12	11	11	11	12	11	11	12	12	22	21	12	21	21	12	11	22	11	12	12	22	12	11	12	11	22	22	11	22	11	11	11	12	11	12	12	22	21	21	12	22	12	12	11	12	21	22	11	12	12	11	12	22	22	12	12	11	11	22	22	12	12	12	21	12	12	12	11	22	12	11
304	0	60.435	83.013	12	12	22	22	12	22	12	22	11	12	21	12	22	12	22	22	21	12	11	11	11	12	11	11	12	12	22	21	12	21	21	12	11	22	11	12	12	22	12	11	12	11	22	22	11	22	11	11	11	12	11	12	12	22	21	21	12	22	12	12	11	12	21	22	11	12	12	11	12	22	22	12	12	11	11	22	22	12	12	12	21	12	12	12	11	22	12	11
305	0	60.435	83.013	12	12	22	22	12	22	12	22	11	12	21	12	22	12	22	22	21	12	11	11	11	12	11	11	12	12	22	21	12	21	21	12	11	22	11	12	12	22	12	11	12	11	22	22	11	22	11	11	11	12	11	12	12	22	21	21	12	22	12	12	11	12	21	22	11	12	12	11	12	22	22	12	12	11	11	22	22	12	12	12	21	12	12	12	11	22	12	11
303	0	60.435	83.013	12	12	22	22	12	22	12	22	11	12	21	12	22	12	22	22	21	12	11	11	11	12	11	11	12	12	22	21	12	21	21	12	11	22	11	12	12	22	12	11	12	11	22	22	11	22	11	11	11	12	11	12	12	22	21	21	12	22	12	12	11	12	21	22	11	12	12	11	12	22	22	12	12	11	11	22	22	12	12	12	21	12	12	12	11	22	12	11
306	0	60.435	84.190	12	12	22	22	12	22	12	22	11	12	21	12	22	12	22	22	21	12	11	11	11	12	11	11	12	12	22	21	11	21	21	12	11	22	11	12	12	22	12	11	12	11	22	22	11	22	11	11	11	12	11	12	12	22	21	21	12	22	12	12	11	12	21	22	11	12	12	11	12	22	22	12	12	11	11	22	22	12	12	12	21	12	12	12	11	22	12	11
314	0	60.435	85.366	12	12	22	22	12	22	12	22	11	12	21	12	22	12	22	22	21	12	11	11	11	12	11	11	12	12	22	21	11	21	21	12	11	22	11	12	12	22	12	11	12	11	22	22	11	22	11	11	11	12	11	12	12	22	21	21	12	22	12	12	11	12	21	22	12	12	12	11	12	22	22	12	12	11	11	22	22	12	12	12	21	12	12	12	11	22	12	11
308	0	60.435	85.366	12	12	22	22	12	22	12	22	11	12	21	12	22	12	22	22	21	12	11	11	11	12	11	11	12	12	22	21	11	21	21	12	11	22	11	12	12	22	12	11	12	11	22	22	11	22	11	11	11	12	11	12	12	22	21	21	12	22	12	12	11	12	21	22	12	12	12	11	12	22	22	12	12	11	11	22	22	12	12	12	21	12	12	12	11	22	12	11
313	0	60.435	85.366	12	12	22	22	12	22	12	22	11	12	21	12	22	12	22	22	21	12	11	11	11	12	11	11	12	12	22	21	11	21	21	12	11	22	11	12	12	22	12	11	12	11	22	22	11	22	11	11	11	12	11	12	12	22	21	21	12	22	12	12	11	12	21	22	12	12	12	11	12	22	22	12	12	11	11	22	22	12	12	12	21	12	12	12	11	22	12	11
307	0	60.435	85.366	12	12	22	22	12	22	12	22	11	12	21	12	22	12	22	22	21	12	11	11	11	12	11	11	12	12	22	21	11	21	21	12	11	22	11	12	12	22	12	11	12	11	22	22	11	22	11	11	11	12	11	12	12	22	21	21	12	22	12	12	11	12	21	22	12	12	12	11	12	22	22	12	12	11	11	22	22	12	12	12	21	12	12	12	11	22	12	11
309	0	61.612	85.366	12	12	22	22	12	22	12	12	11	12	21	12	22	12	22	22	21	12	11	11	11	12	11	11	12	12	22	21	11	21	21	12	11	22	11	12	12	22	12	11	12	11	22	22	11	22	11	11	11	12	11	12	12	22	21	21	12	22	12	12	11	12	21	22	12	12	12	11	12	22	22	12	12	11	11	22	22	12	12	12	21	12	12	12	11	22	12	11
310	0	61.612	85.366	12	12	22	22	12	22	12	12	11	12	21	12	22	12	22	22	21	12	11	11	11	12	11	11	12	12	22	21	11	21	21	12	11	22	11	12	12	22	12	11	12	11	22	22	11	22	11	11	11	12	11	12	12	22	21	21	12	22	12	12	11	12	21	22	12	12	12	11	12	22	22	12	12	11	11	22	22	12	12	12	21	12	12	12	11	22	12	11
312	0	61.612	85.366	12	12	22	22	12	22	12	12	11	12	21	12	22	12	22	22	21	12	11	11	11	12	11	11	12	12	22	21	11	21	21	12	11	22	11	12	12	22	12	11	12	11	22	22	11	22	11	11	11	12	11	12	12	22	21	21	12	22	12	12	11	12	21	22	12	12	12	11	12	22	22	12	12	11	11	22	22	12	12	12	21	12	12	12	11	22	12	11
311	0	61.612	85.366	12	12	22	22	12	22	12	12	11	12	21	12	22	12	22	22	21	12	11	11	11	12	11	11	12	12	22	21	11	21	21	12	11	22	11	12	12	22	12	11	12	11	22	22	11	22	11	11	11	12	11	12	12	22	21	21	12	22	12	12	11	12	21	22	12	12	12	11	12	22	22	12	12	11	11	22	22	12	12	12	21	12	12	12	11	22	12	11
316	0	62.788	85.366	12	12	22	22	12	22	12	12	11	12	21	12	22	12	22	22	21	12	11	11	11	12	11	11	12	12	22	21	11	21	21	12	11	22	11	12	12	22	12	11	12	11	22	22	11	22	11	11	11	12	11	12	12	22	21	21	12	22	12	22	11	12	21	22	12	12	12	11	12	22	22	12	12	11	11	22	22	12	12	12	21	12	12	12	11	22	12	11
319	0	62.788	85.366	12	12	22	22	12	22	12	12	11	12	21	12	22	12	22	22	21	12	11	11	11	12	11	11	12	12	22	21	11	21	21	12	11	22	11	12	12	22	12	11	12	11	22	22	11	22	11	11	11	12	11	12	12	22	21	21	12	22	12	22	11	12	21	22	12	12	12	11	12	22	22	12	12	11	11	22	22	12	12	12	21	12	12	12	11	22	12	11
317	0	62.788	85.366	12	12	22	22	12	22	12	12	11	12	21	12	22	12	22	22	21	12	11	11	11	12	11	11	12	12	22	21	11	21	21	12	11	22	11	12	12	22	12	11	12	11	22	22	11	22	11	11	11	12	11	12	12	22	21	21	12	22	12	22	11	12	21	22	12	12	12	11	12	22	22	12	12	11	11	22	22	12	12	12	21	12	12	12	11	22	12	11
320	0	62.788	85.366	12	12	22	22	12	22	12	12	11	12	21	12	22	12	22	22	21	12	11	11	11	12	11	11	12	12	22	21	11	21	21	12	11	22	11	12	12	22	12	11	12	11	22	22	11	22	11	11	11	12	11	12	12	22	21	21	12	22	12	22	11	12	21	22	12	12	12	11	12	22	22	12	12	11	11	22	22	12	12	12	21	12	12	12	11	22	12	11
318	0	62.788	85.366	12	12	22	22	12	22	12	12	11	12	21	12	22	12	22	22	21	12	11	11	11	12	11	11	12	12	22	21	11	21	21	12	11	22	11	12	12	22	12	11	12	11	22	22	11	22	11	11	11	12	11	12	12	22	21	21	12	22	12	22	11	12	21	22	12	12	12	11	12	22	22	12	12	11	11	22	22	12	12	12	21	12	12	12	11	22	12	11
258	0	62.788	85.366	12	12	22	22	12	22	12	12	11	12	21	12	22	12	22	22	21	12	11	11	11	12	11	11	12	12	22	21	11	21	21	12	11	22	11	12	12	22	12	11	12	11	22	22	11	22	11	11	11	12	11	12	12	22	21	21	12	22	12	22	11	12	21	22	12	12	12	11	12	22	22	12	12	11	11	22	22	12	12	12	21	12	12	12	11	22	12	11
315	0	62.788	85.366	12	12	22	22	12	22	12	12	11	12	21	12	22	12	22	22	21	12	11	11	11	12	11	11	12	12	22	21	11	21	21	12	11	22	11	12	12	22	12	11	12	11	22	22	11	22	11	11	11	12	11	12	12	22	21	21	12	22	12	22	11	12	21	22	12	12	12	11	12	22	22	12	12	11	11	22	22	12	12	12	21	12	12	12	11	22	12	11
292	0	63.965	87.748	12	12	22	22	12	22	12	12	11	12	21	12	22	12	22	12	21	12	11	11	11	12	11	11	12	12	22	21	11	21	21	12	11	22	11	12	12	22	12	11	12	11	22	22	11	22	11	11	11	12	11	12	12	22	21	21	12	22	12	22	11	12	21	22	12	12	12	11	12	22	22	11	12	11	11	22	22	12	12	12	22	12	12	12	11	22	12	11
291	0	63.965	88.924	12	12	22	22	12	22	12	12	11	12	21	12	22	12	22	12	21	12	11	11	11	12	11	11	12	12	22	21	11	21	21	12	11	22	11	12	12	22	12	11	12	11	22	22	11	22	11	11	11	12	11	12	12	22	21	21	12	22	12	22	11	12	21	22	12	12	12	11	12	22	22	11	12	11	11	22	22	12	12	12	22	12	12	12	11	22	11	11
