#java OrderMarkers2 data=data_fil.call map=map.txt scale=2M/N randSeed=-783625235484842569
#*** LG = 1 likelihood = -5477.7697
#marker_number	male_position	female_position	( 0.0 )[	phased data]
3	0.000	0.000	( 0 )	0001110111101111000011101101101001010000010100111101110001011110100100110110101010010000100110101110100000110101011110001011110010101010111110001011101110010110000100001010 0 0
4	0.000	0.000	( 0 )	0001110111101111000011101101101001010000010100111101110001011110100100110110101010010000100110101110100000110101011110001011110010101010111110001011101110010110000100001010 0 0
2	0.000	0.000	( 0 )	0001110111101111000011101101101001010000010100111101110001011110100100110110101010010000100110101110100000110101011110001011110010101010111110001011101110010110000100001010 0 0
1	0.000	0.000	( 0 )	0001110111101111000011101101101001010000010100111101110001011110100100110110101010010000100110101110100000110101011110001011110010101010111110001011101110010110000100001010 0 0
5	0.000	2.381	( 0 )	0001110111101111000011101101101001010000010100111101110001011110100100110110101010010000100110101110100000110101010110001011100010101010111110001011101110010110000100001010 0 2
7	0.000	2.381	( 0 )	0001110111101111000011101101101001010000010100111101110001011110100100110110101010010000100110101110100000110101010110001011100010101010111110001011101110010110000100001010 0 0
6	0.000	2.381	( 0 )	0001110111101111000011101101101001010000010100111101110001011110100100110110101010010000100110101110100000110101010110001011100010101010111110001011101110010110000100001010 0 0
12	1.177	2.381	( 0 )	0001110111101111000011101101101001000000010100111101110001011110100100110110101010010000100110101110100000110101010110001011100010101010111110001011101110010110000100001010 1 0
11	1.177	2.381	( 0 )	0001110111101111000011101101101001000000010100111101110001011110100100110110101010010000100110101110100000110101010110001011100010101010111110001011101110010110000100001010 0 0
10	1.177	2.381	( 0 )	0001110111101111000011101101101001000000010100111101110001011110100100110110101010010000100110101110100000110101010110001011100010101010111110001011101110010110000100001010 0 0
14	1.177	2.381	( 0 )	0001110111101111000011101101101001000000010100111101110001011110100100110110101010010000100110101110100000110101010110001011100010101010111110001011101110010110000100001010 0 0
8	1.177	3.558	( 0 )	0001110111101111000011101101101001000000010100111101110001011110100100110110101010010000110110101110100000110101010110001011100010101010111110001011101110010110000100001010 0 1
9	1.177	3.558	( 0 )	0001110111101111000011101101101001000000010100111101110001011110100100110110101010010000110110101110100000110101010110001011100010101010111110001011101110010110000100001010 0 0
13	2.353	3.558	( 0 )	0001110111101111000011101101101001000000010100111101110001011110100100110110101000010000110110101110100000110101010110001011100010101010111110001011101110010110000100001010 1 0
29	4.734	4.734	( 0 )	0001110111101111000011101101101001000000010100111101110001011110100100011110101000010000110110101110100000110101010110001011100010101010111111001011101110010110000100001010 2 1
31	4.734	4.734	( 0 )	0001110111101111000011101101101001000000010100111101110001011110100100011110101000010000110110101110100000110101010110001011100010101010111111001011101110010110000100001010 0 0
21	5.911	4.734	( 0 )	0001110011101111000011101101101001000000010100111101110001011110100100011110101000010000110110101110100000110101010110001011100010101010111111001011101110010110000100001010 1 0
19	5.911	5.911	( 0 )	0001110011101111000011101101101001000000010100111101110001011110100100011110101000010000110010101110100000110101010110001011100010101010111111001011101110010110000100001010 0 1
20	5.911	5.911	( 0 )	0001110011101111000011101101101001000000010100111101110001011110100100011110101000010000110010101110100000110101010110001011100010101010111111001011101110010110000100001010 0 0
18	5.911	5.911	( 0 )	0001110011101111000011101101101001000000010100111101110001011110100100011110101000010000110010101110100000110101010110001011100010101010111111001011101110010110000100001010 0 0
16	5.911	5.911	( 0 )	0001110011101111000011101101101001000000010100111101110001011110100100011110101000010000110010101110100000110101010110001011100010101010111111001011101110010110000100001010 0 0
22	5.911	5.911	( 0 )	0001110011101111000011101101101001000000010100111101110001011110100100011110101000010000110010101110100000110101010110001011100010101010111111001011101110010110000100001010 0 0
15	5.911	5.911	( 0 )	0001110011101111000011101101101001000000010100111101110001011110100100011110101000010000110010101110100000110101010110001011100010101010111111001011101110010110000100001010 0 0
23	5.911	5.911	( 0 )	0001110011101111000011101101101001000000010100111101110001011110100100011110101000010000110010101110100000110101010110001011100010101010111111001011101110010110000100001010 0 0
17	5.911	5.911	( 0 )	0001110011101111000011101101101001000000010100111101110001011110100100011110101000010000110010101110100000110101010110001011100010101010111111001011101110010110000100001010 0 0
30	7.088	7.088	( 0 )	0001110011101110000011101101101001000000010100111101110001011110100100011110101000010000110010101110100000110101010110001011100010101010111111001011101110010110000100000010 1 1
34	8.264	7.088	( 0 )	0001110011101110000011101101101001000000010100111101110011011110100100011110101000010000110010101110100000110101010110001011100010101010111111001011101110010110000100000010 1 0
32	8.264	7.088	( 0 )	0001110011101110000011101101101001000000010100111101110011011110100100011110101000010000110010101110100000110101010110001011100010101010111111001011101110010110000100000010 0 0
35	8.264	7.088	( 0 )	0001110011101110000011101101101001000000010100111101110011011110100100011110101000010000110010101110100000110101010110001011100010101010111111001011101110010110000100000010 0 0
33	8.264	7.088	( 0 )	0001110011101110000011101101101001000000010100111101110011011110100100011110101000010000110010101110100000110101010110001011100010101010111111001011101110010110000100000010 0 0
24	8.264	9.469	( 0 )	0001110011101110000011101101101001000000010100111101110011011110100100011110101000010000110011101110100000111101010110001011100010101010111111001011101110010110000100000010 0 2
26	8.264	9.469	( 0 )	0001110011101110000011101101101001000000010100111101110011011110100100011110101000010000110011101110100000111101010110001011100010101010111111001011101110010110000100000010 0 0
25	8.264	9.469	( 0 )	0001110011101110000011101101101001000000010100111101110011011110100100011110101000010000110011101110100000111101010110001011100010101010111111001011101110010110000100000010 0 0
27	8.264	9.469	( 0 )	0001110011101110000011101101101001000000010100111101110011011110100100011110101000010000110011101110100000111101010110001011100010101010111111001011101110010110000100000010 0 0
28	8.264	9.469	( 0 )	0001110011101110000011101101101001000000010100111101110011011110100100011110101000010000110011101110100000111101010110001011100010101010111111001011101110010110000100000010 0 0
38	10.645	11.850	( 0 )	0001110011101110000011101101100001000000010100111101110010011110100100011110101000010000110011101110100000111101010111001010100010101010111111001011101110010110000100000010 2 2
39	10.645	11.850	( 0 )	0001110011101110000011101101100001000000010100111101110010011110100100011110101000010000110011101110100000111101010111001010100010101010111111001011101110010110000100000010 0 0
36	10.645	11.850	( 0 )	0001110011101110000011101101100001000000010100111101110010011110100100011110101000010000110011101110100000111101010111001010100010101010111111001011101110010110000100000010 0 0
37	10.645	11.850	( 0 )	0001110011101110000011101101100001000000010100111101110010011110100100011110101000010000110011101110100000111101010111001010100010101010111111001011101110010110000100000010 0 0
47	10.645	13.027	( 0 )	0001110011101110000011101101100001000000010100111101110010011110100100011110101000010010110011101110100000111101010111001010100010101010111111001011101110010110000100000010 0 1
48	10.645	13.027	( 0 )	0001110011101110000011101101100001000000010100111101110010011110100100011110101000010010110011101110100000111101010111001010100010101010111111001011101110010110000100000010 0 0
45	10.645	14.203	( 0 )	0001110011101110000011101101100001000000010100111101110010011110100100011110101000010011110011101110100000111101010111001010100010101010111111001011101110010110000100000010 0 1
46	10.645	14.203	( 0 )	0001110011101110000011101101100001000000010100111101110010011110100100011110101000010011110011101110100000111101010111001010100010101010111111001011101110010110000100000010 0 0
42	10.645	14.203	( 0 )	0001110011101110000011101101100001000000010100111101110010011110100100011110101000010011110011101110100000111101010111001010100010101010111111001011101110010110000100000010 0 0
40	10.645	14.203	( 0 )	0001110011101110000011101101100001000000010100111101110010011110100100011110101000010011110011101110100000111101010111001010100010101010111111001011101110010110000100000010 0 0
41	10.645	14.203	( 0 )	0001110011101110000011101101100001000000010100111101110010011110100100011110101000010011110011101110100000111101010111001010100010101010111111001011101110010110000100000010 0 0
43	10.645	14.203	( 0 )	0001110011101110000011101101100001000000010100111101110010011110100100011110101000010011110011101110100000111101010111001010100010101010111111001011101110010110000100000010 0 0
50	10.645	15.380	( 0 )	0001110011101110000011101101100001000000010100111101110010011110100100011110101000010011110011101110100000111101010111001010100010101010111111001011100110010110000100000010 0 1
44	10.645	15.380	( 0 )	0001110011101110000011101101100001000000010100111101110010011110100100011110101000010011110011101110100000111101010111001010100010101010111111001011100110010110000100000010 0 0
49	10.645	15.380	( 0 )	0001110011101110000011101101100001000000010100111101110010011110100100011110101000010011110011101110100000111101010111001010100010101010111111001011100110010110000100000010 0 0
52	10.645	17.761	( 0 )	0001110011101110000011101101100001000000010100111101110010011110100100011110101000010011110011111110100000111101010111001010100011101010111111001011100110010110000100000010 0 2
53	10.645	17.761	( 0 )	0001110011101110000011101101100001000000010100111101110010011110100100011110101000010011110011111110100000111101010111001010100011101010111111001011100110010110000100000010 0 0
51	10.645	18.938	( 0 )	0001110011101110000011101101100001000000010100111101110010011110100100011110101000010011110011111110100000111101010111001010100011101010111111001011100110010010000100000010 0 1
55	10.645	18.938	( 0 )	0001110011101110000011101101100001000000010100111101110010011110100100011110101000010011110011111110100000111101010111001010100011101010111111001011100110010010000100000010 0 0
54	10.645	18.938	( 0 )	0001110011101110000011101101100001000000010100111101110010011110100100011110101000010011110011111110100000111101010111001010100011101010111111001011100110010010000100000010 0 0
57	11.822	18.938	( 0 )	0001110011101110000011101101100001000000010100111101110010011110100100011111101000010011110011111110100000111101010111001010100011101010111111001011100110010010000100000010 1 0
56	11.822	18.938	( 0 )	0001110011101110000011101101100001000000010100111101110010011110100100011111101000010011110011111110100000111101010111001010100011101010111111001011100110010010000100000010 0 0
61	11.822	20.114	( 0 )	0001110011101110000011101101100001000000010100111101110010011110100100011111101000010011110011111110100000111101010111001010100011101010111111001011100110010010001100000010 0 1
60	11.822	20.114	( 0 )	0001110011101110000011101101100001000000010100111101110010011110100100011111101000010011110011111110100000111101010111001010100011101010111111001011100110010010001100000010 0 0
58	11.822	20.114	( 0 )	0001110011101110000011101101100001000000010100111101110010011110100100011111101000010011110011111110100000111101010111001010100011101010111111001011100110010010001100000010 0 0
59	11.822	20.114	( 0 )	0001110011101110000011101101100001000000010100111101110010011110100100011111101000010011110011111110100000111101010111001010100011101010111111001011100110010010001100000010 0 0
64	11.822	21.291	( 0 )	0001110011101110000011101101100001000000010100111101110010011110100100011111101000010011110011111110100000111101010111001010100011101010111111001011100110010010001101000010 0 1
62	11.822	21.291	( 0 )	0001110011101110000011101101100001000000010100111101110010011110100100011111101000010011110011111110100000111101010111001010100011101010111111001011100110010010001101000010 0 0
63	11.822	21.291	( 0 )	0001110011101110000011101101100001000000010100111101110010011110100100011111101000010011110011111110100000111101010111001010100011101010111111001011100110010010001101000010 0 0
71	11.822	22.467	( 0 )	0001110011101110000011101101100001000000010100111101110010011110100100011111101000010011110011111110100000111101010111001010100011101010101111001011100110010010001101000010 0 1
67	11.822	22.467	( 0 )	0001110011101110000011101101100001000000010100111101110010011110100100011111101000010011110011111110100000111101010111001010100011101010101111001011100110010010001101000010 0 0
68	11.822	22.467	( 0 )	0001110011101110000011101101100001000000010100111101110010011110100100011111101000010011110011111110100000111101010111001010100011101010101111001011100110010010001101000010 0 0
65	11.822	22.467	( 0 )	0001110011101110000011101101100001000000010100111101110010011110100100011111101000010011110011111110100000111101010111001010100011101010101111001011100110010010001101000010 0 0
69	11.822	22.467	( 0 )	0001110011101110000011101101100001000000010100111101110010011110100100011111101000010011110011111110100000111101010111001010100011101010101111001011100110010010001101000010 0 0
66	11.822	22.467	( 0 )	0001110011101110000011101101100001000000010100111101110010011110100100011111101000010011110011111110100000111101010111001010100011101010101111001011100110010010001101000010 0 0
70	11.822	22.467	( 0 )	0001110011101110000011101101100001000000010100111101110010011110100100011111101000010011110011111110100000111101010111001010100011101010101111001011100110010010001101000010 0 0
72	12.998	23.644	( 0 )	0001110011101110000011101101100001000000010100111101110010001110100100011111101000010011110011111111100000111101010111001010100011101010101111001011100110010010001101000010 1 1
75	12.998	23.644	( 0 )	0001110011101110000011101101100001000000010100111101110010001110100100011111101000010011110011111111100000111101010111001010100011101010101111001011100110010010001101000010 0 0
79	12.998	23.644	( 0 )	0001110011101110000011101101100001000000010100111101110010001110100100011111101000010011110011111111100000111101010111001010100011101010101111001011100110010010001101000010 0 0
74	12.998	23.644	( 0 )	0001110011101110000011101101100001000000010100111101110010001110100100011111101000010011110011111111100000111101010111001010100011101010101111001011100110010010001101000010 0 0
80	12.998	23.644	( 0 )	0001110011101110000011101101100001000000010100111101110010001110100100011111101000010011110011111111100000111101010111001010100011101010101111001011100110010010001101000010 0 0
82	14.175	23.644	( 0 )	0001110011101110000011100101100001000000010100111101110010001110100100011111101000010011110011111111100000111101010111001010100011101010101111001011100110010010001101000010 1 0
81	14.175	23.644	( 0 )	0001110011101110000011100101100001000000010100111101110010001110100100011111101000010011110011111111100000111101010111001010100011101010101111001011100110010010001101000010 0 0
73	14.175	23.644	( 0 )	0001110011101110000011100101100001000000010100111101110010001110100100011111101000010011110011111111100000111101010111001010100011101010101111001011100110010010001101000010 0 0
76	14.175	23.644	( 0 )	0001110011101110000011100101100001000000010100111101110010001110100100011111101000010011110011111111100000111101010111001010100011101010101111001011100110010010001101000010 0 0
77	14.175	23.644	( 0 )	0001110011101110000011100101100001000000010100111101110010001110100100011111101000010011110011111111100000111101010111001010100011101010101111001011100110010010001101000010 0 0
78	14.175	23.644	( 0 )	0001110011101110000011100101100001000000010100111101110010001110100100011111101000010011110011111111100000111101010111001010100011101010101111001011100110010010001101000010 0 0
83	14.175	26.025	( 0 )	0001110011101110000011100101100001000000010100111101110010001110100100011111101000010011110011011111100000111101110111001010100011101010101111001011100110010010001101000010 0 2
84	14.175	27.202	( 0 )	0001110011101110000011100101100001000000010100111101110010001110100100011111101000010011110011011111100000111101110111001010101011101010101111001011100110010010001101000010 0 1
86	14.175	27.202	( 0 )	0001110011101110000011100101100001000000010100111101110010001110100100011111101000010011110011011111100000111101110111001010101011101010101111001011100110010010001101000010 0 0
85	14.175	27.202	( 0 )	0001110011101110000011100101100001000000010100111101110010001110100100011111101000010011110011011111100000111101110111001010101011101010101111001011100110010010001101000010 0 0
90	14.175	28.378	( 0 )	0001110011101110000011100101100001000000010100111101110010001110100100011111101000010011110011011111100000111101110111001010101011100010101111001011100110010010001101000010 0 1
94	14.175	28.378	( 0 )	0001110011101110000011100101100001000000010100111101110010001110100100011111101000010011110011011111100000111101110111001010101011100010101111001011100110010010001101000010 0 0
88	14.175	28.378	( 0 )	0001110011101110000011100101100001000000010100111101110010001110100100011111101000010011110011011111100000111101110111001010101011100010101111001011100110010010001101000010 0 0
92	14.175	28.378	( 0 )	0001110011101110000011100101100001000000010100111101110010001110100100011111101000010011110011011111100000111101110111001010101011100010101111001011100110010010001101000010 0 0
93	14.175	28.378	( 0 )	0001110011101110000011100101100001000000010100111101110010001110100100011111101000010011110011011111100000111101110111001010101011100010101111001011100110010010001101000010 0 0
89	14.175	28.378	( 0 )	0001110011101110000011100101100001000000010100111101110010001110100100011111101000010011110011011111100000111101110111001010101011100010101111001011100110010010001101000010 0 0
95	14.175	28.378	( 0 )	0001110011101110000011100101100001000000010100111101110010001110100100011111101000010011110011011111100000111101110111001010101011100010101111001011100110010010001101000010 0 0
91	14.175	28.378	( 0 )	0001110011101110000011100101100001000000010100111101110010001110100100011111101000010011110011011111100000111101110111001010101011100010101111001011100110010010001101000010 0 0
87	14.175	28.378	( 0 )	0001110011101110000011100101100001000000010100111101110010001110100100011111101000010011110011011111100000111101110111001010101011100010101111001011100110010010001101000010 0 0
96	14.175	28.378	( 0 )	0001110011101110000011100101100001000000010100111101110010001110100100011111101000010011110011011111100000111101110111001010101011100010101111001011100110010010001101000010 0 0
97	14.175	29.555	( 0 )	0001110011101110000011100101100001000000010100111101110010001110100100011111101000010011110011011111100000111101110111001010101011100000101111001011100110010010001101000010 0 1
98	15.352	29.555	( 0 )	0001110011101110000011100101100001000000110100111101110010001110100100011111101000010011110011011111100000111101110111001010101011100000101111001011100110010010001101000010 1 0
103	15.352	30.731	( 0 )	0001110011101110000011100101100001000000110100111101110010001110100100011111101000010011110011011111100001111101110111001010101011100000101111001011100110010010001101000010 0 1
101	15.352	30.731	( 0 )	0001110011101110000011100101100001000000110100111101110010001110100100011111101000010011110011011111100001111101110111001010101011100000101111001011100110010010001101000010 0 0
100	15.352	30.731	( 0 )	0001110011101110000011100101100001000000110100111101110010001110100100011111101000010011110011011111100001111101110111001010101011100000101111001011100110010010001101000010 0 0
99	15.352	30.731	( 0 )	0001110011101110000011100101100001000000110100111101110010001110100100011111101000010011110011011111100001111101110111001010101011100000101111001011100110010010001101000010 0 0
118	16.528	30.731	( 0 )	0001110011101110000011100101100001000000110100111101110010001110100100011011101000010011110011011111100001111101110111001010101011100000101111001011100110010010001101000010 1 0
121	16.528	30.731	( 0 )	0001110011101110000011100101100001000000110100111101110010001110100100011011101000010011110011011111100001111101110111001010101011100000101111001011100110010010001101000010 0 0
122	16.528	30.731	( 0 )	0001110011101110000011100101100001000000110100111101110010001110100100011011101000010011110011011111100001111101110111001010101011100000101111001011100110010010001101000010 0 0
111	16.528	30.731	( 0 )	0001110011101110000011100101100001000000110100111101110010001110100100011011101000010011110011011111100001111101110111001010101011100000101111001011100110010010001101000010 0 0
112	16.528	30.731	( 0 )	0001110011101110000011100101100001000000110100111101110010001110100100011011101000010011110011011111100001111101110111001010101011100000101111001011100110010010001101000010 0 0
114	16.528	30.731	( 0 )	0001110011101110000011100101100001000000110100111101110010001110100100011011101000010011110011011111100001111101110111001010101011100000101111001011100110010010001101000010 0 0
119	16.528	30.731	( 0 )	0001110011101110000011100101100001000000110100111101110010001110100100011011101000010011110011011111100001111101110111001010101011100000101111001011100110010010001101000010 0 0
102	16.528	30.731	( 0 )	0001110011101110000011100101100001000000110100111101110010001110100100011011101000010011110011011111100001111101110111001010101011100000101111001011100110010010001101000010 0 0
123	16.528	30.731	( 0 )	0001110011101110000011100101100001000000110100111101110010001110100100011011101000010011110011011111100001111101110111001010101011100000101111001011100110010010001101000010 0 0
107	16.528	30.731	( 0 )	0001110011101110000011100101100001000000110100111101110010001110100100011011101000010011110011011111100001111101110111001010101011100000101111001011100110010010001101000010 0 0
116	16.528	30.731	( 0 )	0001110011101110000011100101100001000000110100111101110010001110100100011011101000010011110011011111100001111101110111001010101011100000101111001011100110010010001101000010 0 0
113	16.528	30.731	( 0 )	0001110011101110000011100101100001000000110100111101110010001110100100011011101000010011110011011111100001111101110111001010101011100000101111001011100110010010001101000010 0 0
117	16.528	30.731	( 0 )	0001110011101110000011100101100001000000110100111101110010001110100100011011101000010011110011011111100001111101110111001010101011100000101111001011100110010010001101000010 0 0
120	16.528	30.731	( 0 )	0001110011101110000011100101100001000000110100111101110010001110100100011011101000010011110011011111100001111101110111001010101011100000101111001011100110010010001101000010 0 0
115	16.528	30.731	( 0 )	0001110011101110000011100101100001000000110100111101110010001110100100011011101000010011110011011111100001111101110111001010101011100000101111001011100110010010001101000010 0 0
110	17.705	30.731	( 0 )	0001100011101110000011100101100001000000110100111101110010001110100100011011101000010011110011011111100001111101110111001010101011100000101111001011100110010010001101000010 1 0
109	17.705	30.731	( 0 )	0001100011101110000011100101100001000000110100111101110010001110100100011011101000010011110011011111100001111101110111001010101011100000101111001011100110010010001101000010 0 0
106	17.705	30.731	( 0 )	0001100011101110000011100101100001000000110100111101110010001110100100011011101000010011110011011111100001111101110111001010101011100000101111001011100110010010001101000010 0 0
108	17.705	30.731	( 0 )	0001100011101110000011100101100001000000110100111101110010001110100100011011101000010011110011011111100001111101110111001010101011100000101111001011100110010010001101000010 0 0
105	17.705	30.731	( 0 )	0001100011101110000011100101100001000000110100111101110010001110100100011011101000010011110011011111100001111101110111001010101011100000101111001011100110010010001101000010 0 0
104	17.705	30.731	( 0 )	0001100011101110000011100101100001000000110100111101110010001110100100011011101000010011110011011111100001111101110111001010101011100000101111001011100110010010001101000010 0 0
124	18.881	34.347	( 0 )	0001100011101110000011100101100001000000110100111101110010001110100100011011101001010011110011011111100001001101110111001010101011100000101011001011100110010010001101000010 1 3
134	20.058	36.729	( 0 )	0001000011101110000011100101100001000000110100111101110010001110100100011011101001010011110011011111100001001101110111001010101011100000101011001011100110010000011101000010 1 2
128	20.058	36.729	( 0 )	0001000011101110000011100101100001000000110100111101110010001110100100011011101001010011110011011111100001001101110111001010101011100000101011001011100110010000011101000010 0 0
126	20.058	36.729	( 0 )	0001000011101110000011100101100001000000110100111101110010001110100100011011101001010011110011011111100001001101110111001010101011100000101011001011100110010000011101000010 0 0
133	20.058	36.729	( 0 )	0001000011101110000011100101100001000000110100111101110010001110100100011011101001010011110011011111100001001101110111001010101011100000101011001011100110010000011101000010 0 0
131	20.058	36.729	( 0 )	0001000011101110000011100101100001000000110100111101110010001110100100011011101001010011110011011111100001001101110111001010101011100000101011001011100110010000011101000010 0 0
132	20.058	36.729	( 0 )	0001000011101110000011100101100001000000110100111101110010001110100100011011101001010011110011011111100001001101110111001010101011100000101011001011100110010000011101000010 0 0
130	20.058	36.729	( 0 )	0001000011101110000011100101100001000000110100111101110010001110100100011011101001010011110011011111100001001101110111001010101011100000101011001011100110010000011101000010 0 0
125	20.058	36.729	( 0 )	0001000011101110000011100101100001000000110100111101110010001110100100011011101001010011110011011111100001001101110111001010101011100000101011001011100110010000011101000010 0 0
129	20.058	36.729	( 0 )	0001000011101110000011100101100001000000110100111101110010001110100100011011101001010011110011011111100001001101110111001010101011100000101011001011100110010000011101000010 0 0
127	20.058	36.729	( 0 )	0001000011101110000011100101100001000000110100111101110010001110100100011011101001010011110011011111100001001101110111001010101011100000101011001011100110010000011101000010 0 0
137	21.234	39.110	( 0 )	0001000011101110000011100101100001000000110100111101110010001110100100001011101001010011110011011111100001001101110111001010101111100000101011001011100010010000011101000010 1 2
138	21.234	39.110	( 0 )	0001000011101110000011100101100001000000110100111101110010001110100100001011101001010011110011011111100001001101110111001010101111100000101011001011100010010000011101000010 0 0
140	21.234	39.110	( 0 )	0001000011101110000011100101100001000000110100111101110010001110100100001011101001010011110011011111100001001101110111001010101111100000101011001011100010010000011101000010 0 0
136	21.234	39.110	( 0 )	0001000011101110000011100101100001000000110100111101110010001110100100001011101001010011110011011111100001001101110111001010101111100000101011001011100010010000011101000010 0 0
139	21.234	39.110	( 0 )	0001000011101110000011100101100001000000110100111101110010001110100100001011101001010011110011011111100001001101110111001010101111100000101011001011100010010000011101000010 0 0
135	21.234	39.110	( 0 )	0001000011101110000011100101100001000000110100111101110010001110100100001011101001010011110011011111100001001101110111001010101111100000101011001011100010010000011101000010 0 0
141	22.411	41.492	( 0 )	0001000011101110000011000101100001000000110100111101110010001110100100001011101001010011110011011111100001001101100111001010101111100000101011001011100010010001011101000010 1 2
142	22.411	42.668	( 0 )	0001000011101110000011000101100001000000110100111101110010001110100100001011101001010011110011011111100001001100100111001010101111100000101011001011100010010001011101000010 0 1
143	22.411	43.845	( 0 )	0001000011101110000011000101100001000000110100111101110010001110100100001011101001010011110011011111100001001100100111001010101111100000101011001011100010010001011101010010 0 1
144	23.587	45.021	( 0 )	0001000011101110000011000101100001000000110100111101110110001110100100001011101001010011110011011111100001001100100111001010101111100000101011001011000010010001011101010010 1 1
154	24.764	45.021	( 0 )	0001000011101110000011000101100101000000110100111101110110001110100100001011101001010011110011011111100001001100100111001010101111100000101011001011000010010001011101010010 1 0
149	24.764	45.021	( 0 )	0001000011101110000011000101100101000000110100111101110110001110100100001011101001010011110011011111100001001100100111001010101111100000101011001011000010010001011101010010 0 0
147	24.764	45.021	( 0 )	0001000011101110000011000101100101000000110100111101110110001110100100001011101001010011110011011111100001001100100111001010101111100000101011001011000010010001011101010010 0 0
148	24.764	45.021	( 0 )	0001000011101110000011000101100101000000110100111101110110001110100100001011101001010011110011011111100001001100100111001010101111100000101011001011000010010001011101010010 0 0
164	24.764	45.021	( 0 )	0001000011101110000011000101100101000000110100111101110110001110100100001011101001010011110011011111100001001100100111001010101111100000101011001011000010010001011101010010 0 0
161	25.940	45.021	( 0 )	0001000011101110000011000101100101000000110100111101110110001110100100001011111001010011110011011111100001001100100111001010101111100000101011001011000010010001011101010010 1 0
160	25.940	45.021	( 0 )	0001000011101110000011000101100101000000110100111101110110001110100100001011111001010011110011011111100001001100100111001010101111100000101011001011000010010001011101010010 0 0
150	25.940	45.021	( 0 )	0001000011101110000011000101100101000000110100111101110110001110100100001011111001010011110011011111100001001100100111001010101111100000101011001011000010010001011101010010 0 0
145	27.117	45.021	( 0 )	0001010011101110000011000101100101000000110100111101110110001110100100001011111001010011110011011111100001001100100111001010101111100000101011001011000010010001011101010010 1 0
152	27.117	45.021	( 0 )	0001010011101110000011000101100101000000110100111101110110001110100100001011111001010011110011011111100001001100100111001010101111100000101011001011000010010001011101010010 0 0
151	27.117	45.021	( 0 )	0001010011101110000011000101100101000000110100111101110110001110100100001011111001010011110011011111100001001100100111001010101111100000101011001011000010010001011101010010 0 0
146	27.117	45.021	( 0 )	0001010011101110000011000101100101000000110100111101110110001110100100001011111001010011110011011111100001001100100111001010101111100000101011001011000010010001011101010010 0 0
153	27.117	45.021	( 0 )	0001010011101110000011000101100101000000110100111101110110001110100100001011111001010011110011011111100001001100100111001010101111100000101011001011000010010001011101010010 0 0
155	27.117	45.021	( 0 )	0001010011101110000011000101100101000000110100111101110110001110100100001011111001010011110011011111100001001100100111001010101111100000101011001011000010010001011101010010 0 0
163	27.117	46.198	( 0 )	0001010011101110000011000101100101000000110100111101110110001110100100001011111001010011110011011111100001001100100111001110101111100000101011001011000010010001011101010010 0 1
171	27.117	46.198	( 0 )	0001010011101110000011000101100101000000110100111101110110001110100100001011111001010011110011011111100001001100100111001110101111100000101011001011000010010001011101010010 0 0
159	27.117	46.198	( 0 )	0001010011101110000011000101100101000000110100111101110110001110100100001011111001010011110011011111100001001100100111001110101111100000101011001011000010010001011101010010 0 0
168	27.117	46.198	( 0 )	0001010011101110000011000101100101000000110100111101110110001110100100001011111001010011110011011111100001001100100111001110101111100000101011001011000010010001011101010010 0 0
167	27.117	46.198	( 0 )	0001010011101110000011000101100101000000110100111101110110001110100100001011111001010011110011011111100001001100100111001110101111100000101011001011000010010001011101010010 0 0
162	27.117	46.198	( 0 )	0001010011101110000011000101100101000000110100111101110110001110100100001011111001010011110011011111100001001100100111001110101111100000101011001011000010010001011101010010 0 0
169	27.117	46.198	( 0 )	0001010011101110000011000101100101000000110100111101110110001110100100001011111001010011110011011111100001001100100111001110101111100000101011001011000010010001011101010010 0 0
166	27.117	46.198	( 0 )	0001010011101110000011000101100101000000110100111101110110001110100100001011111001010011110011011111100001001100100111001110101111100000101011001011000010010001011101010010 0 0
165	27.117	46.198	( 0 )	0001010011101110000011000101100101000000110100111101110110001110100100001011111001010011110011011111100001001100100111001110101111100000101011001011000010010001011101010010 0 0
170	27.117	46.198	( 0 )	0001010011101110000011000101100101000000110100111101110110001110100100001011111001010011110011011111100001001100100111001110101111100000101011001011000010010001011101010010 0 0
157	28.293	47.374	( 0 )	0001010011101110000011000101100101000000110100111101110110001110100100001011011001010011110011011111000001001100100111001110101111100000101011001011000010010001011101010010 1 1
173	28.293	47.374	( 0 )	0001010011101110000011000101100101000000110100111101110110001110100100001011011001010011110011011111000001001100100111001110101111100000101011001011000010010001011101010010 0 0
172	28.293	47.374	( 0 )	0001010011101110000011000101100101000000110100111101110110001110100100001011011001010011110011011111000001001100100111001110101111100000101011001011000010010001011101010010 0 0
158	28.293	47.374	( 0 )	0001010011101110000011000101100101000000110100111101110110001110100100001011011001010011110011011111000001001100100111001110101111100000101011001011000010010001011101010010 0 0
156	29.470	47.374	( 0 )	0001010011101110000011000101100101000000110000111101110110001110100100001011011001010011110011011111000001001100100111001110101111100000101011001011000010010001011101010010 1 0
174	29.470	48.551	( 0 )	0001010011101110000011000101100101000000110000111101110110001110100100001011011001010011110011011111000001001100100111011110101111100000101011001011000010010001011101010010 0 1
176	29.470	48.551	( 0 )	0001010011101110000011000101100101000000110000111101110110001110100100001011011001010011110011011111000001001100100111011110101111100000101011001011000010010001011101010010 0 0
175	29.470	48.551	( 0 )	0001010011101110000011000101100101000000110000111101110110001110100100001011011001010011110011011111000001001100100111011110101111100000101011001011000010010001011101010010 0 0
178	29.470	49.727	( 0 )	0001010011101110000011000101100101000000110000111101110110001110100100001011011001010011110011011111000001001100100111011110101111100100101011001011000010010001011101010010 0 1
179	29.470	49.727	( 0 )	0001010011101110000011000101100101000000110000111101110110001110100100001011011001010011110011011111000001001100100111011110101111100100101011001011000010010001011101010010 0 0
177	29.470	49.727	( 0 )	0001010011101110000011000101100101000000110000111101110110001110100100001011011001010011110011011111000001001100100111011110101111100100101011001011000010010001011101010010 0 0
180	31.851	53.343	( 0 )	0001010010101110000011000101100101000000110000110101110110001110100100001011011001010011110011011111000001001100100111011110101111100100100011001000000010010001011101010010 2 3
181	33.028	53.343	( 0 )	0001000010101110000011000101100101000000110000110101110110001110100100001011011001010011110011011111000001001100100111011110101111100100100011001000000010010001011101010010 1 0
182	33.028	53.343	( 0 )	0001000010101110000011000101100101000000110000110101110110001110100100001011011001010011110011011111000001001100100111011110101111100100100011001000000010010001011101010010 0 0
183	33.028	54.520	( 0 )	0001000010101110000011000101100101000000110000110101110110001110100100001011011001010011110011011111000001001100100111011110101111100100100011001000000011010001011101010010 0 1
184	33.028	54.520	( 0 )	0001000010101110000011000101100101000000110000110101110110001110100100001011011001010011110011011111000001001100100111011110101111100100100011001000000011010001011101010010 0 0
185	33.028	55.696	( 0 )	0001000010101110000011000101100101000000110000110101110110001110100100001011011001010011110011011111010001001100100111011110101111100100100011001000000011010001011101010010 0 1
186	33.028	59.312	( 0 )	0001000010101110000011000101100101000000110000110101110110001110100100001011011001010011110001011111010001001100100111011110101111100100100011001000010011010001011101110010 0 3
187	33.028	59.312	( 0 )	0001000010101110000011000101100101000000110000110101110110001110100100001011011001010011110001011111010001001100100111011110101111100100100011001000010011010001011101110010 0 0
188	33.028	59.312	( 0 )	0001000010101110000011000101100101000000110000110101110110001110100100001011011001010011110001011111010001001100100111011110101111100100100011001000010011010001011101110010 0 0
189	33.028	61.694	( 0 )	0001000010101110000011000101100101000000110000110101110110001110100100001011011001010011110001011111010001001100100111011110101111100101100011001000010011010001111101110010 0 2
191	33.028	64.075	( 0 )	0001000010101110000011000101100101000000110000110101110110001110100100001011011001010011110001011111010001001100100111011110101111100101100011101000010011010001111101110110 0 2
192	33.028	64.075	( 0 )	0001000010101110000011000101100101000000110000110101110110001110100100001011011001010011110001011111010001001100100111011110101111100101100011101000010011010001111101110110 0 0
194	33.028	64.075	( 0 )	0001000010101110000011000101100101000000110000110101110110001110100100001011011001010011110001011111010001001100100111011110101111100101100011101000010011010001111101110110 0 0
190	33.028	64.075	( 0 )	0001000010101110000011000101100101000000110000110101110110001110100100001011011001010011110001011111010001001100100111011110101111100101100011101000010011010001111101110110 0 0
195	34.204	64.075	( 0 )	0001000010101110000011000101100101000000110000110101110110001110000100001011011001010011110001011111010001001100100111011110101111100101100011101000010011010001111101110110 1 0
199	35.381	64.075	( 0 )	0001000010101110000011000101100101000000110000110101110110001100000100001011011001010011110001011111010001001100100111011110101111100101100011101000010011010001111101110110 1 0
198	35.381	64.075	( 0 )	0001000010101110000011000101100101000000110000110101110110001100000100001011011001010011110001011111010001001100100111011110101111100101100011101000010011010001111101110110 0 0
196	35.381	64.075	( 0 )	0001000010101110000011000101100101000000110000110101110110001100000100001011011001010011110001011111010001001100100111011110101111100101100011101000010011010001111101110110 0 0
197	35.381	64.075	( 0 )	0001000010101110000011000101100101000000110000110101110110001100000100001011011001010011110001011111010001001100100111011110101111100101100011101000010011010001111101110110 0 0
200	35.381	64.075	( 0 )	0001000010101110000011000101100101000000110000110101110110001100000100001011011001010011110001011111010001001100100111011110101111100101100011101000010011010001111101110110 0 0
202	36.557	65.252	( 0 )	0001000010101110000011000101100101000000110000110101110110001100000100000011011001010011110001011111010001001100100111011110101111100101100011100000010011010001111101110110 1 1
201	36.557	65.252	( 0 )	0001000010101110000011000101100101000000110000110101110110001100000100000011011001010011110001011111010001001100100111011110101111100101100011100000010011010001111101110110 0 0
203	36.557	65.252	( 0 )	0001000010101110000011000101100101000000110000110101110110001100000100000011011001010011110001011111010001001100100111011110101111100101100011100000010011010001111101110110 0 0
244	37.734	65.252	( 0 )	0001000010101110000011000101100101000000110000010101110110001100000100000011011001010011110001011111010001001100100111011110101111100101100011100000010011010001111101110110 1 0
219	37.734	66.428	( 0 )	0001000010101110000011000101100101000000110000010101110110001100000100000011011001010011110001011111010001001100100111011110101111100101100011100100010011010001111101110110 0 1
205	37.734	68.810	( 0 )	0001000010101110000011000101100101000000110000010101110110001100000100000011011001010011110001011111010001001110100101011110101111100101100011100100010011010001111101110110 0 2
212	37.734	68.810	( 0 )	0001000010101110000011000101100101000000110000010101110110001100000100000011011001010011110001011111010001001110100101011110101111100101100011100100010011010001111101110110 0 0
210	37.734	68.810	( 0 )	0001000010101110000011000101100101000000110000010101110110001100000100000011011001010011110001011111010001001110100101011110101111100101100011100100010011010001111101110110 0 0
241	37.734	68.810	( 0 )	0001000010101110000011000101100101000000110000010101110110001100000100000011011001010011110001011111010001001110100101011110101111100101100011100100010011010001111101110110 0 0
215	37.734	68.810	( 0 )	0001000010101110000011000101100101000000110000010101110110001100000100000011011001010011110001011111010001001110100101011110101111100101100011100100010011010001111101110110 0 0
209	37.734	68.810	( 0 )	0001000010101110000011000101100101000000110000010101110110001100000100000011011001010011110001011111010001001110100101011110101111100101100011100100010011010001111101110110 0 0
211	37.734	68.810	( 0 )	0001000010101110000011000101100101000000110000010101110110001100000100000011011001010011110001011111010001001110100101011110101111100101100011100100010011010001111101110110 0 0
213	37.734	68.810	( 0 )	0001000010101110000011000101100101000000110000010101110110001100000100000011011001010011110001011111010001001110100101011110101111100101100011100100010011010001111101110110 0 0
208	37.734	68.810	( 0 )	0001000010101110000011000101100101000000110000010101110110001100000100000011011001010011110001011111010001001110100101011110101111100101100011100100010011010001111101110110 0 0
214	37.734	68.810	( 0 )	0001000010101110000011000101100101000000110000010101110110001100000100000011011001010011110001011111010001001110100101011110101111100101100011100100010011010001111101110110 0 0
231	38.910	68.810	( 0 )	0001000010101110000011000101101101000000110000010101110110001100000100000011011001010011110001011111010001001110100101011110101111100101100011100100010011010001111101110110 1 0
204	38.910	68.810	( 0 )	0001000010101110000011000101101101000000110000010101110110001100000100000011011001010011110001011111010001001110100101011110101111100101100011100100010011010001111101110110 0 0
221	38.910	69.986	( 0 )	0001000010101110000011000101101101000000110000010101110110001100000100000011011001010011110001011111010001001110100101011110101111100101100011100100010011010001111001110110 0 1
226	41.292	69.986	( 0 )	0001010010101110000011001101101101000000110000010101110110001100000100000011011001010011110001011111010001001110100101011110101111100101100011100100010011010001111001110110 2 0
232	41.292	69.986	( 0 )	0001010010101110000011001101101101000000110000010101110110001100000100000011011001010011110001011111010001001110100101011110101111100101100011100100010011010001111001110110 0 0
228	41.292	69.986	( 0 )	0001010010101110000011001101101101000000110000010101110110001100000100000011011001010011110001011111010001001110100101011110101111100101100011100100010011010001111001110110 0 0
225	41.292	69.986	( 0 )	0001010010101110000011001101101101000000110000010101110110001100000100000011011001010011110001011111010001001110100101011110101111100101100011100100010011010001111001110110 0 0
229	41.292	69.986	( 0 )	0001010010101110000011001101101101000000110000010101110110001100000100000011011001010011110001011111010001001110100101011110101111100101100011100100010011010001111001110110 0 0
227	41.292	69.986	( 0 )	0001010010101110000011001101101101000000110000010101110110001100000100000011011001010011110001011111010001001110100101011110101111100101100011100100010011010001111001110110 0 0
206	41.292	69.986	( 0 )	0001010010101110000011001101101101000000110000010101110110001100000100000011011001010011110001011111010001001110100101011110101111100101100011100100010011010001111001110110 0 0
220	41.292	69.986	( 0 )	0001010010101110000011001101101101000000110000010101110110001100000100000011011001010011110001011111010001001110100101011110101111100101100011100100010011010001111001110110 0 0
246	41.292	71.163	( 0 )	0001010010101110000011001101101101000000110000010101110110001100000100000011011001010011110001011111010001001110100101011110101111100101100011100100010011010001111101110110 0 1
207	41.292	71.163	( 0 )	0001010010101110000011001101101101000000110000010101110110001100000100000011011001010011110001011111010001001110100101011110101111100101100011100100010011010001111101110110 0 0
230	41.292	71.163	( 0 )	0001010010101110000011001101101101000000110000010101110110001100000100000011011001010011110001011111010001001110100101011110101111100101100011100100010011010001111101110110 0 0
245	41.292	71.163	( 0 )	0001010010101110000011001101101101000000110000010101110110001100000100000011011001010011110001011111010001001110100101011110101111100101100011100100010011010001111101110110 0 0
247	41.292	71.163	( 0 )	0001010010101110000011001101101101000000110000010101110110001100000100000011011001010011110001011111010001001110100101011110101111100101100011100100010011010001111101110110 0 0
236	41.292	71.163	( 0 )	0001010010101110000011001101101101000000110000010101110110001100000100000011011001010011110001011111010001001110100101011110101111100101100011100100010011010001111101110110 0 0
238	41.292	71.163	( 0 )	0001010010101110000011001101101101000000110000010101110110001100000100000011011001010011110001011111010001001110100101011110101111100101100011100100010011010001111101110110 0 0
235	41.292	71.163	( 0 )	0001010010101110000011001101101101000000110000010101110110001100000100000011011001010011110001011111010001001110100101011110101111100101100011100100010011010001111101110110 0 0
218	41.292	71.163	( 0 )	0001010010101110000011001101101101000000110000010101110110001100000100000011011001010011110001011111010001001110100101011110101111100101100011100100010011010001111101110110 0 0
239	41.292	71.163	( 0 )	0001010010101110000011001101101101000000110000010101110110001100000100000011011001010011110001011111010001001110100101011110101111100101100011100100010011010001111101110110 0 0
216	41.292	71.163	( 0 )	0001010010101110000011001101101101000000110000010101110110001100000100000011011001010011110001011111010001001110100101011110101111100101100011100100010011010001111101110110 0 0
240	41.292	71.163	( 0 )	0001010010101110000011001101101101000000110000010101110110001100000100000011011001010011110001011111010001001110100101011110101111100101100011100100010011010001111101110110 0 0
223	41.292	71.163	( 0 )	0001010010101110000011001101101101000000110000010101110110001100000100000011011001010011110001011111010001001110100101011110101111100101100011100100010011010001111101110110 0 0
242	41.292	71.163	( 0 )	0001010010101110000011001101101101000000110000010101110110001100000100000011011001010011110001011111010001001110100101011110101111100101100011100100010011010001111101110110 0 0
222	41.292	71.163	( 0 )	0001010010101110000011001101101101000000110000010101110110001100000100000011011001010011110001011111010001001110100101011110101111100101100011100100010011010001111101110110 0 0
234	41.292	71.163	( 0 )	0001010010101110000011001101101101000000110000010101110110001100000100000011011001010011110001011111010001001110100101011110101111100101100011100100010011010001111101110110 0 0
217	41.292	71.163	( 0 )	0001010010101110000011001101101101000000110000010101110110001100000100000011011001010011110001011111010001001110100101011110101111100101100011100100010011010001111101110110 0 0
233	41.292	71.163	( 0 )	0001010010101110000011001101101101000000110000010101110110001100000100000011011001010011110001011111010001001110100101011110101111100101100011100100010011010001111101110110 0 0
248	41.292	71.163	( 0 )	0001010010101110000011001101101101000000110000010101110110001100000100000011011001010011110001011111010001001110100101011110101111100101100011100100010011010001111101110110 0 0
224	41.292	71.163	( 0 )	0001010010101110000011001101101101000000110000010101110110001100000100000011011001010011110001011111010001001110100101011110101111100101100011100100010011010001111101110110 0 0
237	41.292	71.163	( 0 )	0001010010101110000011001101101101000000110000010101110110001100000100000011011001010011110001011111010001001110100101011110101111100101100011100100010011010001111101110110 0 0
243	41.292	71.163	( 0 )	0001010010101110000011001101101101000000110000010101110110001100000100000011011001010011110001011111010001001110100101011110101111100101100011100100010011010001111101110110 0 0
253	41.292	73.544	( 0 )	0001010010101110000011001101101101000000110000010101110110001100000100000011011001010011110001011111010001001110100101011110101111000101100011110100010011010001111101110110 0 2
252	41.292	73.544	( 0 )	0001010010101110000011001101101101000000110000010101110110001100000100000011011001010011110001011111010001001110100101011110101111000101100011110100010011010001111101110110 0 0
251	41.292	73.544	( 0 )	0001010010101110000011001101101101000000110000010101110110001100000100000011011001010011110001011111010001001110100101011110101111000101100011110100010011010001111101110110 0 0
254	42.468	73.544	( 0 )	0001010010101110000011001101101101000000110000010101110100001100000100000011011001010011110001011111010001001110100101011110101111000101100011110100010011010001111101110110 1 0
255	42.468	73.544	( 0 )	0001010010101110000011001101101101000000110000010101110100001100000100000011011001010011110001011111010001001110100101011110101111000101100011110100010011010001111101110110 0 0
256	42.468	73.544	( 0 )	0001010010101110000011001101101101000000110000010101110100001100000100000011011001010011110001011111010001001110100101011110101111000101100011110100010011010001111101110110 0 0
250	42.468	73.544	( 0 )	0001010010101110000011001101101101000000110000010101110100001100000100000011011001010011110001011111010001001110100101011110101111000101100011110100010011010001111101110110 0 0
249	42.468	73.544	( 0 )	0001010010101110000011001101101101000000110000010101110100001100000100000011011001010011110001011111010001001110100101011110101111000101100011110100010011010001111101110110 0 0
264	43.645	73.544	( 0 )	1001010010101110000011001101101101000000110000010101110100001100000100000011011001010011110001011111010001001110100101011110101111000101100011110100010011010001111101110110 1 0
261	44.821	73.544	( 0 )	1101010010101110000011001101101101000000110000010101110100001100000100000011011001010011110001011111010001001110100101011110101111000101100011110100010011010001111101110110 1 0
260	44.821	73.544	( 0 )	1101010010101110000011001101101101000000110000010101110100001100000100000011011001010011110001011111010001001110100101011110101111000101100011110100010011010001111101110110 0 0
257	44.821	73.544	( 0 )	1101010010101110000011001101101101000000110000010101110100001100000100000011011001010011110001011111010001001110100101011110101111000101100011110100010011010001111101110110 0 0
263	44.821	73.544	( 0 )	1101010010101110000011001101101101000000110000010101110100001100000100000011011001010011110001011111010001001110100101011110101111000101100011110100010011010001111101110110 0 0
262	44.821	73.544	( 0 )	1101010010101110000011001101101101000000110000010101110100001100000100000011011001010011110001011111010001001110100101011110101111000101100011110100010011010001111101110110 0 0
259	44.821	73.544	( 0 )	1101010010101110000011001101101101000000110000010101110100001100000100000011011001010011110001011111010001001110100101011110101111000101100011110100010011010001111101110110 0 0
265	47.203	73.544	( 0 )	1101010010101110000011001101101101010000110000010101110100001100000100000010011001010011110001011111010001001110100101011110101111000101100011110100010011010001111101110110 2 0
275	47.203	73.544	( 0 )	1101010010101110000011001101101101010000110000010101110100001100000100000010011001010011110001011111010001001110100101011110101111000101100011110100010011010001111101110110 0 0
268	47.203	73.544	( 0 )	1101010010101110000011001101101101010000110000010101110100001100000100000010011001010011110001011111010001001110100101011110101111000101100011110100010011010001111101110110 0 0
280	47.203	73.544	( 0 )	1101010010101110000011001101101101010000110000010101110100001100000100000010011001010011110001011111010001001110100101011110101111000101100011110100010011010001111101110110 0 0
276	47.203	73.544	( 0 )	1101010010101110000011001101101101010000110000010101110100001100000100000010011001010011110001011111010001001110100101011110101111000101100011110100010011010001111101110110 0 0
274	47.203	74.721	( 0 )	1101010010101110000011001101101101010000110000010101110100001100000100000010011001010011110101011111010001001110100101011110101111000101100011110100010011010001111101110110 0 1
269	47.203	74.721	( 0 )	1101010010101110000011001101101101010000110000010101110100001100000100000010011001010011110101011111010001001110100101011110101111000101100011110100010011010001111101110110 0 0
278	47.203	74.721	( 0 )	1101010010101110000011001101101101010000110000010101110100001100000100000010011001010011110101011111010001001110100101011110101111000101100011110100010011010001111101110110 0 0
271	47.203	74.721	( 0 )	1101010010101110000011001101101101010000110000010101110100001100000100000010011001010011110101011111010001001110100101011110101111000101100011110100010011010001111101110110 0 0
279	47.203	74.721	( 0 )	1101010010101110000011001101101101010000110000010101110100001100000100000010011001010011110101011111010001001110100101011110101111000101100011110100010011010001111101110110 0 0
281	47.203	74.721	( 0 )	1101010010101110000011001101101101010000110000010101110100001100000100000010011001010011110101011111010001001110100101011110101111000101100011110100010011010001111101110110 0 0
277	47.203	74.721	( 0 )	1101010010101110000011001101101101010000110000010101110100001100000100000010011001010011110101011111010001001110100101011110101111000101100011110100010011010001111101110110 0 0
270	47.203	74.721	( 0 )	1101010010101110000011001101101101010000110000010101110100001100000100000010011001010011110101011111010001001110100101011110101111000101100011110100010011010001111101110110 0 0
273	47.203	74.721	( 0 )	1101010010101110000011001101101101010000110000010101110100001100000100000010011001010011110101011111010001001110100101011110101111000101100011110100010011010001111101110110 0 0
267	48.379	74.721	( 0 )	1101010010101110000011001101100101010000110000010101110100001100000100000010011001010011110101011111010001001110100101011110101111000101100011110100010011010001111101110110 1 0
272	48.379	74.721	( 0 )	1101010010101110000011001101100101010000110000010101110100001100000100000010011001010011110101011111010001001110100101011110101111000101100011110100010011010001111101110110 0 0
282	48.379	74.721	( 0 )	1101010010101110000011001101100101010000110000010101110100001100000100000010011001010011110101011111010001001110100101011110101111000101100011110100010011010001111101110110 0 0
266	48.379	74.721	( 0 )	1101010010101110000011001101100101010000110000010101110100001100000100000010011001010011110101011111010001001110100101011110101111000101100011110100010011010001111101110110 0 0
283	50.761	75.897	( 0 )	1101010010101110000011001101100101010000110100000101110100001100000100000010011001010011110101011111010001001110100101011110101111000101100011110100010011011001111101110110 2 1
284	51.937	75.897	( 0 )	1101010010101110000011001101100101010000110100000101110100001100000100000110011001010011110101011111010001001110100101011110101111000101100011110100010011011001111101110110 1 0
285	51.937	75.897	( 0 )	1101010010101110000011001101100101010000110100000101110100001100000100000110011001010011110101011111010001001110100101011110101111000101100011110100010011011001111101110110 0 0
286	51.937	77.074	( 0 )	1101010010101110000011001101100101010000110100000101110100001100000100000110011001010011110101011111010001001110100101011110101111000101110011110100010011011001111101110110 0 1
289	51.937	79.455	( 0 )	1101010010101110000011001101100101010000110100000101110100001100000100000110011001010011111101011111010001001110100101011110101101000101110011110100010011011001111101110110 0 2
287	51.937	79.455	( 0 )	1101010010101110000011001101100101010000110100000101110100001100000100000110011001010011111101011111010001001110100101011110101101000101110011110100010011011001111101110110 0 0
288	51.937	79.455	( 0 )	1101010010101110000011001101100101010000110100000101110100001100000100000110011001010011111101011111010001001110100101011110101101000101110011110100010011011001111101110110 0 0
290	51.937	79.455	( 0 )	1101010010101110000011001101100101010000110100000101110100001100000100000110011001010011111101011111010001001110100101011110101101000101110011110100010011011001111101110110 0 0
299	56.819	81.837	( 0 )	1101010010101110000000001101100101010000110100000001110100001100000100000110001001010011111101011111010001001110100101011110101101000101110011110100011011111001111101110110 4 2
296	56.819	81.837	( 0 )	1101010010101110000000001101100101010000110100000001110100001100000100000110001001010011111101011111010001001110100101011110101101000101110011110100011011111001111101110110 0 0
295	56.819	81.837	( 0 )	1101010010101110000000001101100101010000110100000001110100001100000100000110001001010011111101011111010001001110100101011110101101000101110011110100011011111001111101110110 0 0
294	56.819	81.837	( 0 )	1101010010101110000000001101100101010000110100000001110100001100000100000110001001010011111101011111010001001110100101011110101101000101110011110100011011111001111101110110 0 0
297	56.819	81.837	( 0 )	1101010010101110000000001101100101010000110100000001110100001100000100000110001001010011111101011111010001001110100101011110101101000101110011110100011011111001111101110110 0 0
293	56.819	81.837	( 0 )	1101010010101110000000001101100101010000110100000001110100001100000100000110001001010011111101011111010001001110100101011110101101000101110011110100011011111001111101110110 0 0
298	56.819	81.837	( 0 )	1101010010101110000000001101100101010000110100000001110100001100000100000110001001010011111101011111010001001110100101011110101101000101110011110100011011111001111101110110 0 0
301	60.435	83.013	( 0 )	1101010010101110000000001101100100010000110100000001110100001100000110000110001000010011111101011111010001001110100101011110101101000101110011110101011011111001111101110110 3 1
300	60.435	83.013	( 0 )	1101010010101110000000001101100100010000110100000001110100001100000110000110001000010011111101011111010001001110100101011110101101000101110011110101011011111001111101110110 0 0
302	60.435	83.013	( 0 )	1101010010101110000000001101100100010000110100000001110100001100000110000110001000010011111101011111010001001110100101011110101101000101110011110101011011111001111101110110 0 0
304	60.435	83.013	( 0 )	1101010010101110000000001101100100010000110100000001110100001100000110000110001000010011111101011111010001001110100101011110101101000101110011110101011011111001111101110110 0 0
305	60.435	83.013	( 0 )	1101010010101110000000001101100100010000110100000001110100001100000110000110001000010011111101011111010001001110100101011110101101000101110011110101011011111001111101110110 0 0
303	60.435	83.013	( 0 )	1101010010101110000000001101100100010000110100000001110100001100000110000110001000010011111101011111010001001110100101011110101101000101110011110101011011111001111101110110 0 0
306	60.435	84.190	( 0 )	1101010010101110000000001101100100010000110100000001110100001100000110000110001000010011111101011111010001001110000101011110101101000101110011110101011011111001111101110110 0 1
314	60.435	85.366	( 0 )	1101010010101110000000001101100100010000110100000001110100001100000110000110001000010011111101011111010001001110000101011110101101000101110011110101111011111001111101110110 0 1
308	60.435	85.366	( 0 )	1101010010101110000000001101100100010000110100000001110100001100000110000110001000010011111101011111010001001110000101011110101101000101110011110101111011111001111101110110 0 0
313	60.435	85.366	( 0 )	1101010010101110000000001101100100010000110100000001110100001100000110000110001000010011111101011111010001001110000101011110101101000101110011110101111011111001111101110110 0 0
307	60.435	85.366	( 0 )	1101010010101110000000001101100100010000110100000001110100001100000110000110001000010011111101011111010001001110000101011110101101000101110011110101111011111001111101110110 0 0
309	61.612	85.366	( 0 )	1101000010101110000000001101100100010000110100000001110100001100000110000110001000010011111101011111010001001110000101011110101101000101110011110101111011111001111101110110 1 0
310	61.612	85.366	( 0 )	1101000010101110000000001101100100010000110100000001110100001100000110000110001000010011111101011111010001001110000101011110101101000101110011110101111011111001111101110110 0 0
312	61.612	85.366	( 0 )	1101000010101110000000001101100100010000110100000001110100001100000110000110001000010011111101011111010001001110000101011110101101000101110011110101111011111001111101110110 0 0
311	61.612	85.366	( 0 )	1101000010101110000000001101100100010000110100000001110100001100000110000110001000010011111101011111010001001110000101011110101101000101110011110101111011111001111101110110 0 0
316	62.788	85.366	( 0 )	1101000010101110000000001101100100010000110100000001110101001100000110000110001000010011111101011111010001001110000101011110101101000101110011110101111011111001111101110110 1 0
319	62.788	85.366	( 0 )	1101000010101110000000001101100100010000110100000001110101001100000110000110001000010011111101011111010001001110000101011110101101000101110011110101111011111001111101110110 0 0
317	62.788	85.366	( 0 )	1101000010101110000000001101100100010000110100000001110101001100000110000110001000010011111101011111010001001110000101011110101101000101110011110101111011111001111101110110 0 0
320	62.788	85.366	( 0 )	1101000010101110000000001101100100010000110100000001110101001100000110000110001000010011111101011111010001001110000101011110101101000101110011110101111011111001111101110110 0 0
318	62.788	85.366	( 0 )	1101000010101110000000001101100100010000110100000001110101001100000110000110001000010011111101011111010001001110000101011110101101000101110011110101111011111001111101110110 0 0
258	62.788	85.366	( 0 )	1101000010101110000000001101100100010000110100000001110101001100000110000110001000010011111101011111010001001110000101011110101101000101110011110101111011111001111101110110 0 0
315	62.788	85.366	( 0 )	1101000010101110000000001101100100010000110100000001110101001100000110000110001000010011111101011111010001001110000101011110101101000101110011110101111011111001111101110110 0 0
292	63.965	87.748	( 0 )	1101000010101010000000001101100100010000110100000001110101001100000110000110001000010011111101011111010001001110000101011110101101000101110011110101111011101001111111110110 1 2
291	63.965	88.924	( 0 )	1101000010101010000000001101100100010000110100000001110101001100000110000110001000010011111101011111010001001110000101011110101101000101110011110101111011101001111111110100 0 1
