MARKER	CHR	MALE_POS	FEMALE_POS	P1xP2	P1xP2	P1xP2	P1xP2	P1xP2	P1xP2	P1xP2	P1xP2	P1xP2	P1xP2	P1xP2	P1xP2	P1xP2	P1xP2	P1xP2	P1xP2	P1xP2	P1xP2	P1xP2	P1xP2	P1xP2	P1xP2	P1xP2	P1xP2	P1xP2	P1xP2	P1xP2	P1xP2	P1xP2	P1xP2	P1xP2	P1xP2	P1xP2	P1xP2	P1xP2	P1xP2	P1xP2	P1xP2	P1xP2	P1xP2	P1xP2	P1xP2	P1xP2	P1xP2	P1xP2	P1xP2	P1xP2	P1xP2	P1xP2	P1xP2	P1xP2	P1xP2	P1xP2	P1xP2	P1xP2	P1xP2	P1xP2	P1xP2	P1xP2	P1xP2	P1xP2	P1xP2	P1xP2	P1xP2	P1xP2	P1xP2	P1xP2	P1xP2	P1xP2	P1xP2	P1xP2	P1xP2	P1xP2	P1xP2	P1xP2	P1xP2	P1xP2	P1xP2	P1xP2	P1xP2	P1xP2	P1xP2	P1xP2	P1xP2	P1xP2	P1xP2	P1xP2	P1xP2
MARKER	CHR	MALE_POS	FEMALE_POS	P1	P2	C1	C2	C3	C4	C5	C6	C7	C8	C9	C10	C11	C12	C13	C14	C15	C16	C17	C18	C19	C20	C21	C22	C23	C24	C25	C26	C27	C28	C29	C30	C31	C32	C33	C34	C35	C36	C37	C38	C39	C40	C41	C42	C43	C44	C45	C46	C47	C48	C49	C50	C51	C52	C53	C54	C55	C56	C57	C58	C59	C60	C61	C62	C63	C64	C65	C66	C67	C68	C69	C70	C71	C72	C73	C74	C75	C76	C77	C78	C79	C80	C81	C82	C83	C84	C85	C86
MARKER	CHR	MALE_POS	FEMALE_POS	0	0	P1	P1	P1	P1	P1	P1	P1	P1	P1	P1	P1	P1	P1	P1	P1	P1	P1	P1	P1	P1	P1	P1	P1	P1	P1	P1	P1	P1	P1	P1	P1	P1	P1	P1	P1	P1	P1	P1	P1	P1	P1	P1	P1	P1	P1	P1	P1	P1	P1	P1	P1	P1	P1	P1	P1	P1	P1	P1	P1	P1	P1	P1	P1	P1	P1	P1	P1	P1	P1	P1	P1	P1	P1	P1	P1	P1	P1	P1	P1	P1	P1	P1	P1	P1	P1	P1
MARKER	CHR	MALE_POS	FEMALE_POS	0	0	P2	P2	P2	P2	P2	P2	P2	P2	P2	P2	P2	P2	P2	P2	P2	P2	P2	P2	P2	P2	P2	P2	P2	P2	P2	P2	P2	P2	P2	P2	P2	P2	P2	P2	P2	P2	P2	P2	P2	P2	P2	P2	P2	P2	P2	P2	P2	P2	P2	P2	P2	P2	P2	P2	P2	P2	P2	P2	P2	P2	P2	P2	P2	P2	P2	P2	P2	P2	P2	P2	P2	P2	P2	P2	P2	P2	P2	P2	P2	P2	P2	P2	P2	P2	P2	P2
MARKER	CHR	MALE_POS	FEMALE_POS	1	2	0	0	0	0	0	0	0	0	0	0	0	0	0	0	0	0	0	0	0	0	0	0	0	0	0	0	0	0	0	0	0	0	0	0	0	0	0	0	0	0	0	0	0	0	0	0	0	0	0	0	0	0	0	0	0	0	0	0	0	0	0	0	0	0	0	0	0	0	0	0	0	0	0	0	0	0	0	0	0	0	0	0	0	0	0	0
MARKER	CHR	MALE_POS	FEMALE_POS	0	0	0	0	0	0	0	0	0	0	0	0	0	0	0	0	0	0	0	0	0	0	0	0	0	0	0	0	0	0	0	0	0	0	0	0	0	0	0	0	0	0	0	0	0	0	0	0	0	0	0	0	0	0	0	0	0	0	0	0	0	0	0	0	0	0	0	0	0	0	0	0	0	0	0	0	0	0	0	0	0	0	0	0	0	0	0	0
1	0	0.000	0.000	12	12	11	11	11	11	22	12	12	21	11	12	12	21	11	12	11	12	12	11	12	21	22	12	11	11	22	12	22	11	11	12	12	21	11	22	21	12	21	21	21	21	11	21	11	11	11	21	11	21	11	22	21	11	21	11	22	12	11	11	12	11	22	21	12	11	11	11	22	12	22	22	22	22	12	12	11	21	21	21	21	12	21	11	22	22	11	21
2	0	0.000	4.882	12	12	11	11	11	11	22	12	12	21	11	12	12	21	11	12	11	12	12	11	12	21	21	12	11	11	22	11	22	11	11	12	12	21	11	21	21	12	21	21	21	21	11	21	11	11	11	21	11	21	11	22	21	11	21	11	22	12	11	11	12	11	22	21	12	11	11	11	22	12	22	22	22	22	12	12	11	21	22	21	21	12	21	11	22	22	11	21
4	0	0.000	6.058	12	12	11	11	11	11	22	12	12	21	11	12	12	21	11	12	11	12	12	11	12	21	21	12	11	11	22	11	22	11	11	12	12	22	11	21	21	12	21	21	21	21	11	21	11	11	11	21	11	21	11	22	21	11	21	11	22	12	11	11	12	11	22	21	12	11	11	11	22	12	22	22	22	22	12	12	11	21	22	21	21	12	21	11	22	22	11	21
7	0	0.000	6.058	12	12	11	11	11	11	22	12	12	21	11	12	12	21	11	12	11	12	12	11	12	21	21	12	11	11	22	11	22	11	11	12	12	22	11	21	21	12	21	21	21	21	11	21	11	11	11	21	11	21	11	22	21	11	21	11	22	12	11	11	12	11	22	21	12	11	11	11	22	12	22	22	22	22	12	12	11	21	22	21	21	12	21	11	22	22	11	21
9	0	0.000	6.058	12	12	11	11	11	11	22	12	12	21	11	12	12	21	11	12	11	12	12	11	12	21	21	12	11	11	22	11	22	11	11	12	12	22	11	21	21	12	21	21	21	21	11	21	11	11	11	21	11	21	11	22	21	11	21	11	22	12	11	11	12	11	22	21	12	11	11	11	22	12	22	22	22	22	12	12	11	21	22	21	21	12	21	11	22	22	11	21
8	0	0.000	6.058	12	12	11	11	11	11	22	12	12	21	11	12	12	21	11	12	11	12	12	11	12	21	21	12	11	11	22	11	22	11	11	12	12	22	11	21	21	12	21	21	21	21	11	21	11	11	11	21	11	21	11	22	21	11	21	11	22	12	11	11	12	11	22	21	12	11	11	11	22	12	22	22	22	22	12	12	11	21	22	21	21	12	21	11	22	22	11	21
5	0	0.000	6.058	12	12	11	11	11	11	22	12	12	21	11	12	12	21	11	12	11	12	12	11	12	21	21	12	11	11	22	11	22	11	11	12	12	22	11	21	21	12	21	21	21	21	11	21	11	11	11	21	11	21	11	22	21	11	21	11	22	12	11	11	12	11	22	21	12	11	11	11	22	12	22	22	22	22	12	12	11	21	22	21	21	12	21	11	22	22	11	21
6	0	1.177	6.058	12	12	11	21	11	11	22	12	12	21	11	12	12	21	11	12	11	12	12	11	12	21	21	12	11	11	22	11	22	11	11	12	12	22	11	21	21	12	21	21	21	21	11	21	11	11	11	21	11	21	11	22	21	11	21	11	22	12	11	11	12	11	22	21	12	11	11	11	22	12	22	22	22	22	12	12	11	21	22	21	21	12	21	11	22	22	11	21
3	0	2.353	6.058	12	12	11	21	11	11	22	12	12	21	11	12	12	11	11	12	11	12	12	11	12	21	21	12	11	11	22	11	22	11	11	12	12	22	11	21	21	12	21	21	21	21	11	21	11	11	11	21	11	21	11	22	21	11	21	11	22	12	11	11	12	11	22	21	12	11	11	11	22	12	22	22	22	22	12	12	11	21	22	21	21	12	21	11	22	22	11	21
10	0	3.530	12.239	12	12	11	21	11	11	22	12	12	21	11	12	12	11	11	12	11	12	12	11	12	21	21	12	11	11	22	11	22	11	11	12	12	22	11	21	21	12	21	21	21	21	12	21	11	11	11	11	11	21	11	22	21	11	21	11	22	12	11	11	11	11	22	21	12	11	11	11	22	12	22	22	21	22	12	12	11	22	22	21	21	12	21	12	22	22	11	21
11	0	3.530	13.416	12	12	11	21	11	11	22	12	12	21	11	12	12	11	11	12	11	12	12	11	12	21	21	12	11	11	22	11	22	11	11	12	12	22	11	21	21	12	21	21	21	21	12	21	11	11	11	11	11	21	11	22	21	11	21	11	22	12	11	11	11	11	22	21	12	11	11	11	22	12	22	22	21	22	12	12	11	22	22	21	21	12	22	12	22	22	11	21
12	0	3.530	18.298	12	12	11	21	11	11	22	12	12	21	11	12	12	11	11	12	11	12	12	11	12	21	21	12	11	11	22	11	22	12	12	12	12	22	11	21	21	12	21	21	21	21	12	21	11	11	11	11	11	21	11	22	21	11	21	11	21	12	12	11	11	11	22	21	12	11	11	11	22	12	22	22	21	22	12	12	11	22	22	21	21	12	22	12	22	22	11	21
14	0	3.530	18.298	12	12	11	21	11	11	22	12	12	21	11	12	12	11	11	12	11	12	12	11	12	21	21	12	11	11	22	11	22	12	12	12	12	22	11	21	21	12	21	21	21	21	12	21	11	11	11	11	11	21	11	22	21	11	21	11	21	12	12	11	11	11	22	21	12	11	11	11	22	12	22	22	21	22	12	12	11	22	22	21	21	12	22	12	22	22	11	21
13	0	3.530	18.298	12	12	11	21	11	11	22	12	12	21	11	12	12	11	11	12	11	12	12	11	12	21	21	12	11	11	22	11	22	12	12	12	12	22	11	21	21	12	21	21	21	21	12	21	11	11	11	11	11	21	11	22	21	11	21	11	21	12	12	11	11	11	22	21	12	11	11	11	22	12	22	22	21	22	12	12	11	22	22	21	21	12	22	12	22	22	11	21
18	0	4.706	18.298	12	12	11	11	11	11	22	12	12	21	11	12	12	11	11	12	11	12	12	11	12	21	21	12	11	11	22	11	22	12	12	12	12	22	11	21	21	12	21	21	21	21	12	21	11	11	11	11	11	21	11	22	21	11	21	11	21	12	12	11	11	11	22	21	12	11	11	11	22	12	22	22	21	22	12	12	11	22	22	21	21	12	22	12	22	22	11	21
19	0	4.706	18.298	12	12	11	11	11	11	22	12	12	21	11	12	12	11	11	12	11	12	12	11	12	21	21	12	11	11	22	11	22	12	12	12	12	22	11	21	21	12	21	21	21	21	12	21	11	11	11	11	11	21	11	22	21	11	21	11	21	12	12	11	11	11	22	21	12	11	11	11	22	12	22	22	21	22	12	12	11	22	22	21	21	12	22	12	22	22	11	21
15	0	4.706	18.298	12	12	11	11	11	11	22	12	12	21	11	12	12	11	11	12	11	12	12	11	12	21	21	12	11	11	22	11	22	12	12	12	12	22	11	21	21	12	21	21	21	21	12	21	11	11	11	11	11	21	11	22	21	11	21	11	21	12	12	11	11	11	22	21	12	11	11	11	22	12	22	22	21	22	12	12	11	22	22	21	21	12	22	12	22	22	11	21
16	0	4.706	18.298	12	12	11	11	11	11	22	12	12	21	11	12	12	11	11	12	11	12	12	11	12	21	21	12	11	11	22	11	22	12	12	12	12	22	11	21	21	12	21	21	21	21	12	21	11	11	11	11	11	21	11	22	21	11	21	11	21	12	12	11	11	11	22	21	12	11	11	11	22	12	22	22	21	22	12	12	11	22	22	21	21	12	22	12	22	22	11	21
17	0	4.706	18.298	12	12	11	11	11	11	22	12	12	21	11	12	12	11	11	12	11	12	12	11	12	21	21	12	11	11	22	11	22	12	12	12	12	22	11	21	21	12	21	21	21	21	12	21	11	11	11	11	11	21	11	22	21	11	21	11	21	12	12	11	11	11	22	21	12	11	11	11	22	12	22	22	21	22	12	12	11	22	22	21	21	12	22	12	22	22	11	21
22	0	8.322	20.679	12	12	11	11	11	11	22	12	12	21	11	12	12	11	11	12	11	11	12	11	12	21	21	12	11	11	22	11	22	12	12	12	12	22	11	21	21	12	21	21	21	21	12	21	11	11	11	11	11	21	11	22	21	11	21	11	21	12	12	11	11	11	22	21	12	11	11	21	22	12	22	22	21	21	12	12	11	12	22	21	21	12	22	22	22	22	11	21
21	0	8.322	20.679	12	12	11	11	11	11	22	12	12	21	11	12	12	11	11	12	11	11	12	11	12	21	21	12	11	11	22	11	22	12	12	12	12	22	11	21	21	12	21	21	21	21	12	21	11	11	11	11	11	21	11	22	21	11	21	11	21	12	12	11	11	11	22	21	12	11	11	21	22	12	22	22	21	21	12	12	11	12	22	21	21	12	22	22	22	22	11	21
20	0	8.322	20.679	12	12	11	11	11	11	22	12	12	21	11	12	12	11	11	12	11	11	12	11	12	21	21	12	11	11	22	11	22	12	12	12	12	22	11	21	21	12	21	21	21	21	12	21	11	11	11	11	11	21	11	22	21	11	21	11	21	12	12	11	11	11	22	21	12	11	11	21	22	12	22	22	21	21	12	12	11	12	22	21	21	12	22	22	22	22	11	21
23	0	8.322	23.060	12	12	11	11	11	11	22	12	12	21	11	12	12	11	11	12	11	11	12	12	12	21	21	12	11	11	22	11	22	12	12	12	12	22	11	21	21	12	21	21	21	21	12	21	11	11	11	11	11	21	11	22	21	11	21	11	21	12	12	11	11	11	22	21	12	11	11	21	21	12	22	22	21	21	12	12	11	12	22	21	21	12	22	22	22	22	11	21
27	0	8.322	24.237	12	12	11	11	11	11	22	12	12	21	11	12	12	11	11	12	11	11	12	12	12	21	21	12	11	11	22	11	22	12	12	12	12	22	11	21	21	12	21	21	21	21	12	21	11	11	11	11	11	21	11	22	21	11	21	11	21	12	12	11	11	11	22	22	12	11	11	21	21	12	22	22	21	21	12	12	11	12	22	21	21	12	22	22	22	22	11	21
24	0	8.322	25.413	12	12	11	11	11	11	22	12	12	21	11	12	12	11	11	12	11	11	12	12	12	21	21	12	11	11	22	11	22	12	12	12	12	22	11	21	21	12	21	21	22	21	12	21	11	11	11	11	11	21	11	22	21	11	21	11	21	12	12	11	11	11	22	22	12	11	11	21	21	12	22	22	21	21	12	12	11	12	22	21	21	12	22	22	22	22	11	21
25	0	8.322	25.413	12	12	11	11	11	11	22	12	12	21	11	12	12	11	11	12	11	11	12	12	12	21	21	12	11	11	22	11	22	12	12	12	12	22	11	21	21	12	21	21	22	21	12	21	11	11	11	11	11	21	11	22	21	11	21	11	21	12	12	11	11	11	22	22	12	11	11	21	21	12	22	22	21	21	12	12	11	12	22	21	21	12	22	22	22	22	11	21
26	0	9.499	25.413	12	12	11	11	11	11	22	12	12	21	11	12	12	11	11	12	11	11	12	12	12	21	21	12	11	11	22	11	22	12	12	12	12	22	11	21	21	12	21	21	12	21	12	21	11	11	11	11	11	21	11	22	21	11	21	11	21	12	12	11	11	11	22	22	12	11	11	21	21	12	22	22	21	21	12	12	11	12	22	21	21	12	22	22	22	22	11	21
28	0	9.499	26.590	12	12	11	11	11	11	22	12	12	21	11	12	12	11	11	12	11	11	12	12	12	21	21	12	11	11	22	11	22	12	12	12	12	22	11	21	21	12	21	21	12	21	12	21	11	11	11	11	11	21	11	22	21	11	21	11	21	12	12	11	11	11	22	22	12	11	11	21	21	12	22	21	21	21	12	12	11	12	22	21	21	12	22	22	22	22	11	21
32	0	11.880	27.766	12	12	11	11	11	11	22	12	12	21	11	12	12	11	11	12	11	11	12	12	12	21	21	12	11	11	22	11	22	12	12	12	22	22	11	21	21	12	21	21	12	21	12	21	11	11	11	11	11	21	11	22	21	11	21	11	21	12	12	11	11	11	22	22	12	11	11	21	21	12	22	21	21	21	12	22	11	12	22	22	21	12	22	22	22	22	11	21
31	0	11.880	27.766	12	12	11	11	11	11	22	12	12	21	11	12	12	11	11	12	11	11	12	12	12	21	21	12	11	11	22	11	22	12	12	12	22	22	11	21	21	12	21	21	12	21	12	21	11	11	11	11	11	21	11	22	21	11	21	11	21	12	12	11	11	11	22	22	12	11	11	21	21	12	22	21	21	21	12	22	11	12	22	22	21	12	22	22	22	22	11	21
33	0	11.880	27.766	12	12	11	11	11	11	22	12	12	21	11	12	12	11	11	12	11	11	12	12	12	21	21	12	11	11	22	11	22	12	12	12	22	22	11	21	21	12	21	21	12	21	12	21	11	11	11	11	11	21	11	22	21	11	21	11	21	12	12	11	11	11	22	22	12	11	11	21	21	12	22	21	21	21	12	22	11	12	22	22	21	12	22	22	22	22	11	21
30	0	11.880	28.943	12	12	11	11	11	11	22	12	12	21	11	12	12	11	11	12	11	11	12	12	12	21	21	12	11	11	22	11	22	12	12	12	22	22	11	21	21	12	21	21	12	21	12	21	11	11	11	11	11	21	11	22	21	11	21	11	21	12	12	11	11	11	22	22	12	11	11	21	21	12	22	21	21	21	12	21	11	12	22	22	21	12	22	22	22	22	11	21
29	0	11.880	28.943	12	12	11	11	11	11	22	12	12	21	11	12	12	11	11	12	11	11	12	12	12	21	21	12	11	11	22	11	22	12	12	12	22	22	11	21	21	12	21	21	12	21	12	21	11	11	11	11	11	21	11	22	21	11	21	11	21	12	12	11	11	11	22	22	12	11	11	21	21	12	22	21	21	21	12	21	11	12	22	22	21	12	22	22	22	22	11	21
34	0	11.880	28.943	12	12	11	11	11	11	22	12	12	21	11	12	12	11	11	12	11	11	12	12	12	21	21	12	11	11	22	11	22	12	12	12	22	22	11	21	21	12	21	21	12	21	12	21	11	11	11	11	11	21	11	22	21	11	21	11	21	12	12	11	11	11	22	22	12	11	11	21	21	12	22	21	21	21	12	21	11	12	22	22	21	12	22	22	22	22	11	21
35	0	11.880	28.943	12	12	11	11	11	11	22	12	12	21	11	12	12	11	11	12	11	11	12	12	12	21	21	12	11	11	22	11	22	12	12	12	22	22	11	21	21	12	21	21	12	21	12	21	11	11	11	11	11	21	11	22	21	11	21	11	21	12	12	11	11	11	22	22	12	11	11	21	21	12	22	21	21	21	12	21	11	12	22	22	21	12	22	22	22	22	11	21
38	0	11.880	30.120	12	12	11	11	11	11	22	12	12	21	11	12	12	11	11	12	11	11	12	12	12	21	21	12	11	11	22	11	22	12	12	12	22	22	11	21	21	12	21	21	12	21	12	21	11	11	11	11	11	21	11	22	21	11	21	12	21	12	12	11	11	11	22	22	12	11	11	21	21	12	22	21	21	21	12	21	11	12	22	22	21	12	22	22	22	22	11	21
43	0	11.880	30.120	12	12	11	11	11	11	22	12	12	21	11	12	12	11	11	12	11	11	12	12	12	21	21	12	11	11	22	11	22	12	12	12	22	22	11	21	21	12	21	21	12	21	12	21	11	11	11	11	11	21	11	22	21	11	21	12	21	12	12	11	11	11	22	22	12	11	11	21	21	12	22	21	21	21	12	21	11	12	22	22	21	12	22	22	22	22	11	21
39	0	11.880	30.120	12	12	11	11	11	11	22	12	12	21	11	12	12	11	11	12	11	11	12	12	12	21	21	12	11	11	22	11	22	12	12	12	22	22	11	21	21	12	21	21	12	21	12	21	11	11	11	11	11	21	11	22	21	11	21	12	21	12	12	11	11	11	22	22	12	11	11	21	21	12	22	21	21	21	12	21	11	12	22	22	21	12	22	22	22	22	11	21
37	0	11.880	30.120	12	12	11	11	11	11	22	12	12	21	11	12	12	11	11	12	11	11	12	12	12	21	21	12	11	11	22	11	22	12	12	12	22	22	11	21	21	12	21	21	12	21	12	21	11	11	11	11	11	21	11	22	21	11	21	12	21	12	12	11	11	11	22	22	12	11	11	21	21	12	22	21	21	21	12	21	11	12	22	22	21	12	22	22	22	22	11	21
36	0	11.880	30.120	12	12	11	11	11	11	22	12	12	21	11	12	12	11	11	12	11	11	12	12	12	21	21	12	11	11	22	11	22	12	12	12	22	22	11	21	21	12	21	21	12	21	12	21	11	11	11	11	11	21	11	22	21	11	21	12	21	12	12	11	11	11	22	22	12	11	11	21	21	12	22	21	21	21	12	21	11	12	22	22	21	12	22	22	22	22	11	21
40	0	11.880	30.120	12	12	11	11	11	11	22	12	12	21	11	12	12	11	11	12	11	11	12	12	12	21	21	12	11	11	22	11	22	12	12	12	22	22	11	21	21	12	21	21	12	21	12	21	11	11	11	11	11	21	11	22	21	11	21	12	21	12	12	11	11	11	22	22	12	11	11	21	21	12	22	21	21	21	12	21	11	12	22	22	21	12	22	22	22	22	11	21
44	0	11.880	30.120	12	12	11	11	11	11	22	12	12	21	11	12	12	11	11	12	11	11	12	12	12	21	21	12	11	11	22	11	22	12	12	12	22	22	11	21	21	12	21	21	12	21	12	21	11	11	11	11	11	21	11	22	21	11	21	12	21	12	12	11	11	11	22	22	12	11	11	21	21	12	22	21	21	21	12	21	11	12	22	22	21	12	22	22	22	22	11	21
41	0	11.880	30.120	12	12	11	11	11	11	22	12	12	21	11	12	12	11	11	12	11	11	12	12	12	21	21	12	11	11	22	11	22	12	12	12	22	22	11	21	21	12	21	21	12	21	12	21	11	11	11	11	11	21	11	22	21	11	21	12	21	12	12	11	11	11	22	22	12	11	11	21	21	12	22	21	21	21	12	21	11	12	22	22	21	12	22	22	22	22	11	21
45	0	11.880	30.120	12	12	11	11	11	11	22	12	12	21	11	12	12	11	11	12	11	11	12	12	12	21	21	12	11	11	22	11	22	12	12	12	22	22	11	21	21	12	21	21	12	21	12	21	11	11	11	11	11	21	11	22	21	11	21	12	21	12	12	11	11	11	22	22	12	11	11	21	21	12	22	21	21	21	12	21	11	12	22	22	21	12	22	22	22	22	11	21
42	0	11.880	30.120	12	12	11	11	11	11	22	12	12	21	11	12	12	11	11	12	11	11	12	12	12	21	21	12	11	11	22	11	22	12	12	12	22	22	11	21	21	12	21	21	12	21	12	21	11	11	11	11	11	21	11	22	21	11	21	12	21	12	12	11	11	11	22	22	12	11	11	21	21	12	22	21	21	21	12	21	11	12	22	22	21	12	22	22	22	22	11	21
47	0	11.880	32.501	12	12	11	11	11	11	22	12	12	21	11	12	12	11	11	12	11	11	12	12	12	21	21	12	11	11	22	11	22	12	12	12	22	22	11	21	21	12	21	21	12	21	12	21	11	11	11	11	11	21	11	22	21	11	21	12	21	12	12	11	11	11	22	22	11	11	12	21	21	12	22	21	21	21	12	21	11	12	22	22	21	12	22	22	22	22	11	21
48	0	11.880	32.501	12	12	11	11	11	11	22	12	12	21	11	12	12	11	11	12	11	11	12	12	12	21	21	12	11	11	22	11	22	12	12	12	22	22	11	21	21	12	21	21	12	21	12	21	11	11	11	11	11	21	11	22	21	11	21	12	21	12	12	11	11	11	22	22	11	11	12	21	21	12	22	21	21	21	12	21	11	12	22	22	21	12	22	22	22	22	11	21
49	0	11.880	32.501	12	12	11	11	11	11	22	12	12	21	11	12	12	11	11	12	11	11	12	12	12	21	21	12	11	11	22	11	22	12	12	12	22	22	11	21	21	12	21	21	12	21	12	21	11	11	11	11	11	21	11	22	21	11	21	12	21	12	12	11	11	11	22	22	11	11	12	21	21	12	22	21	21	21	12	21	11	12	22	22	21	12	22	22	22	22	11	21
46	0	11.880	32.501	12	12	11	11	11	11	22	12	12	21	11	12	12	11	11	12	11	11	12	12	12	21	21	12	11	11	22	11	22	12	12	12	22	22	11	21	21	12	21	21	12	21	12	21	11	11	11	11	11	21	11	22	21	11	21	12	21	12	12	11	11	11	22	22	11	11	12	21	21	12	22	21	21	21	12	21	11	12	22	22	21	12	22	22	22	22	11	21
50	0	11.880	32.501	12	12	11	11	11	11	22	12	12	21	11	12	12	11	11	12	11	11	12	12	12	21	21	12	11	11	22	11	22	12	12	12	22	22	11	21	21	12	21	21	12	21	12	21	11	11	11	11	11	21	11	22	21	11	21	12	21	12	12	11	11	11	22	22	11	11	12	21	21	12	22	21	21	21	12	21	11	12	22	22	21	12	22	22	22	22	11	21
52	0	11.880	33.677	12	12	11	11	11	11	22	12	12	21	11	12	12	11	11	12	11	11	12	12	12	21	21	12	11	11	22	11	22	12	12	12	22	22	11	21	21	11	21	21	12	21	12	21	11	11	11	11	11	21	11	22	21	11	21	12	21	12	12	11	11	11	22	22	11	11	12	21	21	12	22	21	21	21	12	21	11	12	22	22	21	12	22	22	22	22	11	21
51	0	11.880	33.677	12	12	11	11	11	11	22	12	12	21	11	12	12	11	11	12	11	11	12	12	12	21	21	12	11	11	22	11	22	12	12	12	22	22	11	21	21	11	21	21	12	21	12	21	11	11	11	11	11	21	11	22	21	11	21	12	21	12	12	11	11	11	22	22	11	11	12	21	21	12	22	21	21	21	12	21	11	12	22	22	21	12	22	22	22	22	11	21
53	0	11.880	33.677	12	12	11	11	11	11	22	12	12	21	11	12	12	11	11	12	11	11	12	12	12	21	21	12	11	11	22	11	22	12	12	12	22	22	11	21	21	11	21	21	12	21	12	21	11	11	11	11	11	21	11	22	21	11	21	12	21	12	12	11	11	11	22	22	11	11	12	21	21	12	22	21	21	21	12	21	11	12	22	22	21	12	22	22	22	22	11	21
56	0	11.880	33.677	12	12	11	11	11	11	22	12	12	21	11	12	12	11	11	12	11	11	12	12	12	21	21	12	11	11	22	11	22	12	12	12	22	22	11	21	21	11	21	21	12	21	12	21	11	11	11	11	11	21	11	22	21	11	21	12	21	12	12	11	11	11	22	22	11	11	12	21	21	12	22	21	21	21	12	21	11	12	22	22	21	12	22	22	22	22	11	21
55	0	11.880	33.677	12	12	11	11	11	11	22	12	12	21	11	12	12	11	11	12	11	11	12	12	12	21	21	12	11	11	22	11	22	12	12	12	22	22	11	21	21	11	21	21	12	21	12	21	11	11	11	11	11	21	11	22	21	11	21	12	21	12	12	11	11	11	22	22	11	11	12	21	21	12	22	21	21	21	12	21	11	12	22	22	21	12	22	22	22	22	11	21
57	0	11.880	34.854	12	12	11	11	11	11	22	12	12	21	11	12	12	11	11	12	11	11	12	12	12	21	21	12	11	11	22	11	22	12	12	12	22	22	11	21	21	11	21	21	12	21	12	21	11	11	11	11	11	21	11	21	21	11	21	12	21	12	12	11	11	11	22	22	11	11	12	21	21	12	22	21	21	21	12	21	11	12	22	22	21	12	22	22	22	22	11	21
54	0	11.880	36.031	12	12	11	12	11	11	22	12	12	21	11	12	12	11	11	12	11	11	12	12	12	21	21	12	11	11	22	11	22	12	12	12	22	22	11	21	21	11	21	21	12	21	12	21	11	11	11	11	11	21	11	21	21	11	21	12	21	12	12	11	11	11	22	22	11	11	12	21	21	12	22	21	21	21	12	21	11	12	22	22	21	12	22	22	22	22	11	21
58	0	11.880	36.031	12	12	11	12	11	11	22	12	12	21	11	12	12	11	11	12	11	11	12	12	12	21	21	12	11	11	22	11	22	12	12	12	22	22	11	21	21	11	21	21	12	21	12	21	11	11	11	11	11	21	11	21	21	11	21	12	21	12	12	11	11	11	22	22	11	11	12	21	21	12	22	21	21	21	12	21	11	12	22	22	21	12	22	22	22	22	11	21
65	0	11.880	38.412	12	12	12	12	11	11	21	12	12	21	11	12	12	11	11	12	11	11	12	12	12	21	21	12	11	11	22	11	22	12	12	12	22	22	11	21	21	11	21	21	12	21	12	21	11	11	11	11	11	21	11	21	21	11	21	12	21	12	12	11	11	11	22	22	11	11	12	21	21	12	22	21	21	21	12	21	11	12	22	22	21	12	22	22	22	22	11	21
66	0	11.880	38.412	12	12	12	12	11	11	21	12	12	21	11	12	12	11	11	12	11	11	12	12	12	21	21	12	11	11	22	11	22	12	12	12	22	22	11	21	21	11	21	21	12	21	12	21	11	11	11	11	11	21	11	21	21	11	21	12	21	12	12	11	11	11	22	22	11	11	12	21	21	12	22	21	21	21	12	21	11	12	22	22	21	12	22	22	22	22	11	21
64	0	11.880	38.412	12	12	12	12	11	11	21	12	12	21	11	12	12	11	11	12	11	11	12	12	12	21	21	12	11	11	22	11	22	12	12	12	22	22	11	21	21	11	21	21	12	21	12	21	11	11	11	11	11	21	11	21	21	11	21	12	21	12	12	11	11	11	22	22	11	11	12	21	21	12	22	21	21	21	12	21	11	12	22	22	21	12	22	22	22	22	11	21
59	0	11.880	38.412	12	12	12	12	11	11	21	12	12	21	11	12	12	11	11	12	11	11	12	12	12	21	21	12	11	11	22	11	22	12	12	12	22	22	11	21	21	11	21	21	12	21	12	21	11	11	11	11	11	21	11	21	21	11	21	12	21	12	12	11	11	11	22	22	11	11	12	21	21	12	22	21	21	21	12	21	11	12	22	22	21	12	22	22	22	22	11	21
60	0	11.880	38.412	12	12	12	12	11	11	21	12	12	21	11	12	12	11	11	12	11	11	12	12	12	21	21	12	11	11	22	11	22	12	12	12	22	22	11	21	21	11	21	21	12	21	12	21	11	11	11	11	11	21	11	21	21	11	21	12	21	12	12	11	11	11	22	22	11	11	12	21	21	12	22	21	21	21	12	21	11	12	22	22	21	12	22	22	22	22	11	21
63	0	14.261	38.412	12	12	12	12	11	11	21	22	12	21	11	12	12	11	11	12	11	11	12	12	12	21	21	12	11	11	22	11	22	12	12	12	22	22	11	21	21	11	21	21	12	21	12	21	11	11	11	11	11	21	11	21	21	11	21	12	21	12	12	11	11	11	22	22	11	11	12	11	21	12	22	21	21	21	12	21	11	12	22	22	21	12	22	22	22	22	11	21
62	0	14.261	38.412	12	12	12	12	11	11	21	22	12	21	11	12	12	11	11	12	11	11	12	12	12	21	21	12	11	11	22	11	22	12	12	12	22	22	11	21	21	11	21	21	12	21	12	21	11	11	11	11	11	21	11	21	21	11	21	12	21	12	12	11	11	11	22	22	11	11	12	11	21	12	22	21	21	21	12	21	11	12	22	22	21	12	22	22	22	22	11	21
61	0	14.261	38.412	12	12	12	12	11	11	21	22	12	21	11	12	12	11	11	12	11	11	12	12	12	21	21	12	11	11	22	11	22	12	12	12	22	22	11	21	21	11	21	21	12	21	12	21	11	11	11	11	11	21	11	21	21	11	21	12	21	12	12	11	11	11	22	22	11	11	12	11	21	12	22	21	21	21	12	21	11	12	22	22	21	12	22	22	22	22	11	21
69	0	15.438	42.028	12	12	12	12	11	11	21	22	12	21	11	12	12	11	11	12	11	11	12	12	12	21	21	12	11	11	22	11	22	12	12	12	22	22	11	21	21	11	21	21	12	21	12	21	22	11	11	11	11	21	11	21	21	11	21	12	21	12	12	11	11	11	22	22	11	11	12	12	21	12	22	21	21	21	12	21	11	12	22	22	21	12	22	22	22	22	12	21
68	0	15.438	43.204	12	12	12	12	11	11	21	22	12	21	11	12	12	11	11	12	12	11	12	12	12	21	21	12	11	11	22	11	22	12	12	12	22	22	11	21	21	11	21	21	12	21	12	21	22	11	11	11	11	21	11	21	21	11	21	12	21	12	12	11	11	11	22	22	11	11	12	12	21	12	22	21	21	21	12	21	11	12	22	22	21	12	22	22	22	22	12	21
67	0	15.438	43.204	12	12	12	12	11	11	21	22	12	21	11	12	12	11	11	12	12	11	12	12	12	21	21	12	11	11	22	11	22	12	12	12	22	22	11	21	21	11	21	21	12	21	12	21	22	11	11	11	11	21	11	21	21	11	21	12	21	12	12	11	11	11	22	22	11	11	12	12	21	12	22	21	21	21	12	21	11	12	22	22	21	12	22	22	22	22	12	21
72	0	20.320	54.946	12	12	12	12	11	11	21	22	12	21	11	12	12	12	12	12	12	11	12	12	12	21	21	12	11	12	22	11	22	12	12	12	21	22	11	11	21	11	21	21	12	21	12	22	22	11	11	11	12	21	12	21	21	11	22	12	21	12	12	11	11	11	22	22	11	11	22	12	21	12	22	21	21	21	12	11	11	12	12	22	21	12	22	22	22	22	12	22
70	0	20.320	56.123	12	12	12	12	11	11	21	22	12	22	11	12	12	12	12	12	12	11	12	12	12	21	21	12	11	12	22	11	22	12	12	12	21	22	11	11	21	11	21	21	12	21	12	22	22	11	11	11	12	21	12	21	21	11	22	12	21	12	12	11	11	11	22	22	11	11	22	12	21	12	22	21	21	21	12	11	11	12	12	22	21	12	22	22	22	22	12	22
71	0	20.320	56.123	12	12	12	12	11	11	21	22	12	22	11	12	12	12	12	12	12	11	12	12	12	21	21	12	11	12	22	11	22	12	12	12	21	22	11	11	21	11	21	21	12	21	12	22	22	11	11	11	12	21	12	21	21	11	22	12	21	12	12	11	11	11	22	22	11	11	22	12	21	12	22	21	21	21	12	11	11	12	12	22	21	12	22	22	22	22	12	22
74	0	20.320	57.300	12	12	12	12	11	11	21	22	12	22	11	12	12	12	12	12	12	11	12	12	12	21	21	12	12	12	22	11	22	12	12	12	21	22	11	11	21	11	21	21	12	21	12	22	22	11	11	11	12	21	12	21	21	11	22	12	21	12	12	11	11	11	22	22	11	11	22	12	21	12	22	21	21	21	12	11	11	12	12	22	21	12	22	22	22	22	12	22
77	0	20.320	57.300	12	12	12	12	11	11	21	22	12	22	11	12	12	12	12	12	12	11	12	12	12	21	21	12	12	12	22	11	22	12	12	12	21	22	11	11	21	11	21	21	12	21	12	22	22	11	11	11	12	21	12	21	21	11	22	12	21	12	12	11	11	11	22	22	11	11	22	12	21	12	22	21	21	21	12	11	11	12	12	22	21	12	22	22	22	22	12	22
75	0	20.320	57.300	12	12	12	12	11	11	21	22	12	22	11	12	12	12	12	12	12	11	12	12	12	21	21	12	12	12	22	11	22	12	12	12	21	22	11	11	21	11	21	21	12	21	12	22	22	11	11	11	12	21	12	21	21	11	22	12	21	12	12	11	11	11	22	22	11	11	22	12	21	12	22	21	21	21	12	11	11	12	12	22	21	12	22	22	22	22	12	22
76	0	20.320	57.300	12	12	12	12	11	11	21	22	12	22	11	12	12	12	12	12	12	11	12	12	12	21	21	12	12	12	22	11	22	12	12	12	21	22	11	11	21	11	21	21	12	21	12	22	22	11	11	11	12	21	12	21	21	11	22	12	21	12	12	11	11	11	22	22	11	11	22	12	21	12	22	21	21	21	12	11	11	12	12	22	21	12	22	22	22	22	12	22
80	0	21.496	57.300	12	12	12	12	11	11	21	22	12	12	11	12	12	12	12	12	12	11	12	12	12	21	21	12	12	12	22	11	22	12	12	12	21	22	11	11	21	11	21	21	12	21	12	22	22	11	11	11	12	21	12	21	21	11	22	12	21	12	12	11	11	11	22	22	11	11	22	12	21	12	22	21	21	21	12	11	11	12	12	22	21	12	22	22	22	22	12	22
79	0	21.496	57.300	12	12	12	12	11	11	21	22	12	12	11	12	12	12	12	12	12	11	12	12	12	21	21	12	12	12	22	11	22	12	12	12	21	22	11	11	21	11	21	21	12	21	12	22	22	11	11	11	12	21	12	21	21	11	22	12	21	12	12	11	11	11	22	22	11	11	22	12	21	12	22	21	21	21	12	11	11	12	12	22	21	12	22	22	22	22	12	22
73	0	21.496	58.476	12	12	12	12	11	11	21	22	12	12	11	12	12	12	12	12	12	11	12	12	12	21	21	12	12	12	22	11	22	12	12	12	21	22	11	11	21	11	21	21	12	21	12	22	22	11	11	11	12	21	12	21	21	11	22	12	21	12	12	11	11	11	22	22	11	11	22	12	21	12	22	21	21	21	12	11	11	12	12	22	22	12	22	22	22	22	12	22
86	0	21.496	62.092	12	12	12	12	11	11	21	22	12	12	11	12	12	12	12	12	12	11	12	12	12	21	21	12	12	12	22	11	22	12	12	12	21	22	11	11	21	11	21	22	12	21	12	22	22	11	12	11	12	21	12	21	22	11	22	12	21	12	12	11	11	11	22	22	11	11	22	12	21	12	22	21	21	21	12	11	11	12	12	22	22	12	22	22	22	22	12	22
87	0	21.496	62.092	12	12	12	12	11	11	21	22	12	12	11	12	12	12	12	12	12	11	12	12	12	21	21	12	12	12	22	11	22	12	12	12	21	22	11	11	21	11	21	22	12	21	12	22	22	11	12	11	12	21	12	21	22	11	22	12	21	12	12	11	11	11	22	22	11	11	22	12	21	12	22	21	21	21	12	11	11	12	12	22	22	12	22	22	22	22	12	22
85	0	21.496	62.092	12	12	12	12	11	11	21	22	12	12	11	12	12	12	12	12	12	11	12	12	12	21	21	12	12	12	22	11	22	12	12	12	21	22	11	11	21	11	21	22	12	21	12	22	22	11	12	11	12	21	12	21	22	11	22	12	21	12	12	11	11	11	22	22	11	11	22	12	21	12	22	21	21	21	12	11	11	12	12	22	22	12	22	22	22	22	12	22
92	0	23.878	62.092	12	12	12	12	11	11	21	22	12	12	11	12	12	12	12	12	12	11	12	12	12	21	21	12	12	12	22	11	22	12	12	12	21	22	11	11	21	11	21	22	12	21	12	22	22	11	12	11	12	21	12	21	12	11	22	12	21	12	12	11	11	11	22	22	11	11	22	12	21	12	22	21	21	21	12	11	11	12	12	22	12	12	22	22	22	22	12	22
91	0	25.054	62.092	12	12	12	12	11	11	21	22	12	22	11	12	12	12	12	12	12	11	12	12	12	21	21	12	12	12	22	11	22	12	12	12	21	22	11	11	21	11	21	22	12	21	12	22	22	11	12	11	12	21	12	21	12	11	22	12	21	12	12	11	11	11	22	22	11	11	22	12	21	12	22	21	21	21	12	11	11	12	12	22	12	12	22	22	22	22	12	22
89	0	25.054	62.092	12	12	12	12	11	11	21	22	12	22	11	12	12	12	12	12	12	11	12	12	12	21	21	12	12	12	22	11	22	12	12	12	21	22	11	11	21	11	21	22	12	21	12	22	22	11	12	11	12	21	12	21	12	11	22	12	21	12	12	11	11	11	22	22	11	11	22	12	21	12	22	21	21	21	12	11	11	12	12	22	12	12	22	22	22	22	12	22
90	0	25.054	62.092	12	12	12	12	11	11	21	22	12	22	11	12	12	12	12	12	12	11	12	12	12	21	21	12	12	12	22	11	22	12	12	12	21	22	11	11	21	11	21	22	12	21	12	22	22	11	12	11	12	21	12	21	12	11	22	12	21	12	12	11	11	11	22	22	11	11	22	12	21	12	22	21	21	21	12	11	11	12	12	22	12	12	22	22	22	22	12	22
88	0	26.231	62.092	12	12	12	12	11	11	21	22	12	22	11	12	12	12	12	12	12	11	12	12	12	21	21	12	12	12	22	11	22	12	12	12	21	22	11	11	21	11	21	12	12	21	12	22	22	11	12	11	12	21	12	21	12	11	22	12	21	12	12	11	11	11	22	22	11	11	22	12	21	12	22	21	21	21	12	11	11	12	12	22	12	12	22	22	22	22	12	22
83	0	26.231	64.473	12	12	12	12	11	11	21	21	12	22	11	12	12	12	12	12	12	11	12	12	12	21	21	12	12	12	22	11	22	12	12	12	21	22	11	11	21	11	21	12	12	21	12	22	22	11	12	11	12	22	12	21	12	11	22	12	21	12	12	11	11	11	22	22	11	11	22	12	21	12	22	21	21	21	12	11	11	12	12	22	12	12	22	22	22	22	12	22
84	0	26.231	64.473	12	12	12	12	11	11	21	21	12	22	11	12	12	12	12	12	12	11	12	12	12	21	21	12	12	12	22	11	22	12	12	12	21	22	11	11	21	11	21	12	12	21	12	22	22	11	12	11	12	22	12	21	12	11	22	12	21	12	12	11	11	11	22	22	11	11	22	12	21	12	22	21	21	21	12	11	11	12	12	22	12	12	22	22	22	22	12	22
81	0	28.612	64.473	12	12	12	12	11	11	21	21	12	22	11	12	12	12	12	12	12	11	12	12	12	21	21	12	12	12	22	11	22	12	12	12	21	22	11	11	11	11	11	12	12	21	12	22	22	11	12	11	12	22	12	21	12	11	22	12	21	12	12	11	11	11	22	22	11	11	22	12	21	12	22	21	21	21	12	11	11	12	12	22	12	12	22	22	22	22	12	22
82	0	28.612	64.473	12	12	12	12	11	11	21	21	12	22	11	12	12	12	12	12	12	11	12	12	12	21	21	12	12	12	22	11	22	12	12	12	21	22	11	11	11	11	11	12	12	21	12	22	22	11	12	11	12	22	12	21	12	11	22	12	21	12	12	11	11	11	22	22	11	11	22	12	21	12	22	21	21	21	12	11	11	12	12	22	12	12	22	22	22	22	12	22
78	0	29.789	66.855	12	12	12	12	11	11	21	21	12	22	11	12	12	12	12	12	12	11	12	12	12	21	21	12	12	12	22	11	22	12	12	12	21	22	11	11	12	11	12	12	12	21	12	22	22	11	12	11	12	12	12	21	12	11	22	12	21	12	12	11	11	11	22	22	11	11	22	12	21	12	22	21	21	21	12	11	11	12	12	22	12	12	22	22	22	22	12	22
93	0	29.789	68.031	12	12	12	12	11	11	21	21	12	22	11	12	12	12	12	12	12	11	12	12	12	21	21	12	12	12	22	11	22	12	12	12	21	22	11	11	12	11	12	12	12	21	12	22	22	11	12	11	12	12	12	21	12	11	22	12	21	12	12	11	11	11	22	22	11	11	22	12	21	12	22	21	21	21	12	11	11	12	12	22	12	12	22	22	21	22	12	22
95	0	30.965	69.208	12	12	12	12	11	11	21	21	11	22	11	12	12	12	12	12	12	11	12	12	12	21	21	12	12	12	22	11	22	12	12	12	21	22	11	11	12	11	12	12	12	21	12	22	22	11	12	11	12	12	12	21	12	11	22	12	21	12	12	11	11	11	22	22	11	11	22	12	21	12	22	21	21	21	12	11	11	12	12	22	12	12	22	22	21	22	22	22
96	0	30.965	69.208	12	12	12	12	11	11	21	21	11	22	11	12	12	12	12	12	12	11	12	12	12	21	21	12	12	12	22	11	22	12	12	12	21	22	11	11	12	11	12	12	12	21	12	22	22	11	12	11	12	12	12	21	12	11	22	12	21	12	12	11	11	11	22	22	11	11	22	12	21	12	22	21	21	21	12	11	11	12	12	22	12	12	22	22	21	22	22	22
103	0	30.965	69.208	12	12	12	12	11	11	21	21	11	22	11	12	12	12	12	12	12	11	12	12	12	21	21	12	12	12	22	11	22	12	12	12	21	22	11	11	12	11	12	12	12	21	12	22	22	11	12	11	12	12	12	21	12	11	22	12	21	12	12	11	11	11	22	22	11	11	22	12	21	12	22	21	21	21	12	11	11	12	12	22	12	12	22	22	21	22	22	22
102	0	30.965	69.208	12	12	12	12	11	11	21	21	11	22	11	12	12	12	12	12	12	11	12	12	12	21	21	12	12	12	22	11	22	12	12	12	21	22	11	11	12	11	12	12	12	21	12	22	22	11	12	11	12	12	12	21	12	11	22	12	21	12	12	11	11	11	22	22	11	11	22	12	21	12	22	21	21	21	12	11	11	12	12	22	12	12	22	22	21	22	22	22
104	0	30.965	70.384	12	12	12	12	11	11	21	22	11	22	11	12	12	12	12	12	12	11	12	12	12	21	21	12	12	12	22	11	22	12	12	12	21	22	11	11	12	11	12	12	12	21	12	22	22	11	12	11	12	12	12	21	12	11	22	12	21	12	12	11	11	11	22	22	11	11	22	12	21	12	22	21	21	21	12	11	11	12	12	22	12	12	22	22	21	22	22	22
101	0	30.965	70.384	12	12	12	12	11	11	21	22	11	22	11	12	12	12	12	12	12	11	12	12	12	21	21	12	12	12	22	11	22	12	12	12	21	22	11	11	12	11	12	12	12	21	12	22	22	11	12	11	12	12	12	21	12	11	22	12	21	12	12	11	11	11	22	22	11	11	22	12	21	12	22	21	21	21	12	11	11	12	12	22	12	12	22	22	21	22	22	22
100	0	30.965	70.384	12	12	12	12	11	11	21	22	11	22	11	12	12	12	12	12	12	11	12	12	12	21	21	12	12	12	22	11	22	12	12	12	21	22	11	11	12	11	12	12	12	21	12	22	22	11	12	11	12	12	12	21	12	11	22	12	21	12	12	11	11	11	22	22	11	11	22	12	21	12	22	21	21	21	12	11	11	12	12	22	12	12	22	22	21	22	22	22
97	0	30.965	71.561	12	12	12	12	11	11	21	22	11	22	11	12	12	12	12	12	12	11	12	12	12	21	21	12	12	12	22	11	22	12	12	12	21	22	11	11	12	11	12	12	12	21	12	22	22	11	12	11	12	12	12	21	12	11	22	12	21	12	12	11	11	11	22	22	11	11	22	12	21	12	22	21	21	21	12	11	12	12	12	22	12	12	22	22	21	22	22	22
98	0	30.965	71.561	12	12	12	12	11	11	21	22	11	22	11	12	12	12	12	12	12	11	12	12	12	21	21	12	12	12	22	11	22	12	12	12	21	22	11	11	12	11	12	12	12	21	12	22	22	11	12	11	12	12	12	21	12	11	22	12	21	12	12	11	11	11	22	22	11	11	22	12	21	12	22	21	21	21	12	11	12	12	12	22	12	12	22	22	21	22	22	22
109	0	30.965	71.561	12	12	12	12	11	11	21	22	11	22	11	12	12	12	12	12	12	11	12	12	12	21	21	12	12	12	22	11	22	12	12	12	21	22	11	11	12	11	12	12	12	21	12	22	22	11	12	11	12	12	12	21	12	11	22	12	21	12	12	11	11	11	22	22	11	11	22	12	21	12	22	21	21	21	12	11	12	12	12	22	12	12	22	22	21	22	22	22
105	0	32.142	71.561	12	12	12	12	11	11	21	22	11	22	11	12	12	12	12	12	12	11	12	12	12	21	21	12	12	12	22	11	22	12	12	12	11	22	11	11	12	11	12	12	12	21	12	22	22	11	12	11	12	12	12	21	12	11	22	12	21	12	12	11	11	11	22	22	11	11	22	12	21	12	22	21	21	21	12	11	12	12	12	22	12	12	22	22	21	22	22	22
108	0	32.142	71.561	12	12	12	12	11	11	21	22	11	22	11	12	12	12	12	12	12	11	12	12	12	21	21	12	12	12	22	11	22	12	12	12	11	22	11	11	12	11	12	12	12	21	12	22	22	11	12	11	12	12	12	21	12	11	22	12	21	12	12	11	11	11	22	22	11	11	22	12	21	12	22	21	21	21	12	11	12	12	12	22	12	12	22	22	21	22	22	22
99	0	32.142	71.561	12	12	12	12	11	11	21	22	11	22	11	12	12	12	12	12	12	11	12	12	12	21	21	12	12	12	22	11	22	12	12	12	11	22	11	11	12	11	12	12	12	21	12	22	22	11	12	11	12	12	12	21	12	11	22	12	21	12	12	11	11	11	22	22	11	11	22	12	21	12	22	21	21	21	12	11	12	12	12	22	12	12	22	22	21	22	22	22
107	0	32.142	71.561	12	12	12	12	11	11	21	22	11	22	11	12	12	12	12	12	12	11	12	12	12	21	21	12	12	12	22	11	22	12	12	12	11	22	11	11	12	11	12	12	12	21	12	22	22	11	12	11	12	12	12	21	12	11	22	12	21	12	12	11	11	11	22	22	11	11	22	12	21	12	22	21	21	21	12	11	12	12	12	22	12	12	22	22	21	22	22	22
106	0	32.142	71.561	12	12	12	12	11	11	21	22	11	22	11	12	12	12	12	12	12	11	12	12	12	21	21	12	12	12	22	11	22	12	12	12	11	22	11	11	12	11	12	12	12	21	12	22	22	11	12	11	12	12	12	21	12	11	22	12	21	12	12	11	11	11	22	22	11	11	22	12	21	12	22	21	21	21	12	11	12	12	12	22	12	12	22	22	21	22	22	22
111	0	33.318	72.738	12	12	12	12	11	11	21	12	11	22	11	12	12	12	12	12	12	11	12	12	12	21	21	12	12	12	22	11	22	12	12	12	12	22	11	11	12	11	12	12	12	21	12	22	22	11	12	11	12	12	12	21	12	11	22	12	21	12	12	11	11	11	22	22	11	11	22	12	21	12	22	21	21	21	12	11	12	12	12	22	12	12	22	22	21	22	22	22
110	0	33.318	72.738	12	12	12	12	11	11	21	12	11	22	11	12	12	12	12	12	12	11	12	12	12	21	21	12	12	12	22	11	22	12	12	12	12	22	11	11	12	11	12	12	12	21	12	22	22	11	12	11	12	12	12	21	12	11	22	12	21	12	12	11	11	11	22	22	11	11	22	12	21	12	22	21	21	21	12	11	12	12	12	22	12	12	22	22	21	22	22	22
112	0	33.318	75.119	12	12	12	12	11	11	21	12	11	22	11	12	12	12	12	12	12	11	12	12	12	21	21	12	12	12	22	11	22	12	12	12	12	22	11	11	12	11	12	12	12	21	12	22	22	11	12	11	12	12	12	21	12	11	22	12	21	11	12	11	11	11	22	22	11	12	22	12	21	12	22	21	21	21	12	11	12	12	12	22	12	12	22	22	21	22	22	22
113	0	33.318	76.295	12	12	12	12	11	11	21	12	11	22	11	12	12	12	12	12	12	11	12	12	12	21	21	12	12	12	22	11	22	12	12	12	12	22	11	11	12	11	12	12	12	21	12	22	22	11	12	12	12	12	12	21	12	11	22	12	21	11	12	11	11	11	22	22	11	12	22	12	21	12	22	21	21	21	12	11	12	12	12	22	12	12	22	22	21	22	22	22
116	0	34.495	76.295	12	12	12	12	11	11	21	12	11	22	11	12	12	12	12	12	12	11	12	12	12	21	21	12	12	12	22	11	22	12	12	12	12	22	11	11	12	11	12	12	12	21	12	22	22	11	12	12	12	12	12	21	12	11	22	12	21	11	22	11	11	11	22	22	11	12	22	12	21	12	22	21	21	21	12	11	12	12	12	22	12	12	22	22	21	22	22	22
117	0	34.495	76.295	12	12	12	12	11	11	21	12	11	22	11	12	12	12	12	12	12	11	12	12	12	21	21	12	12	12	22	11	22	12	12	12	12	22	11	11	12	11	12	12	12	21	12	22	22	11	12	12	12	12	12	21	12	11	22	12	21	11	22	11	11	11	22	22	11	12	22	12	21	12	22	21	21	21	12	11	12	12	12	22	12	12	22	22	21	22	22	22
115	0	34.495	76.295	12	12	12	12	11	11	21	12	11	22	11	12	12	12	12	12	12	11	12	12	12	21	21	12	12	12	22	11	22	12	12	12	12	22	11	11	12	11	12	12	12	21	12	22	22	11	12	12	12	12	12	21	12	11	22	12	21	11	22	11	11	11	22	22	11	12	22	12	21	12	22	21	21	21	12	11	12	12	12	22	12	12	22	22	21	22	22	22
114	0	34.495	76.295	12	12	12	12	11	11	21	12	11	22	11	12	12	12	12	12	12	11	12	12	12	21	21	12	12	12	22	11	22	12	12	12	12	22	11	11	12	11	12	12	12	21	12	22	22	11	12	12	12	12	12	21	12	11	22	12	21	11	22	11	11	11	22	22	11	12	22	12	21	12	22	21	21	21	12	11	12	12	12	22	12	12	22	22	21	22	22	22
119	0	34.495	79.911	12	12	12	12	11	11	21	12	11	22	11	12	12	12	12	12	12	11	11	12	11	21	21	12	12	12	22	11	22	12	12	12	12	22	11	11	12	11	12	12	12	22	12	22	22	11	12	12	12	12	12	21	12	11	22	12	21	11	22	11	11	11	22	22	11	12	22	12	21	12	22	21	21	21	12	11	12	12	12	22	12	12	22	22	21	22	22	22
118	0	34.495	79.911	12	12	12	12	11	11	21	12	11	22	11	12	12	12	12	12	12	11	11	12	11	21	21	12	12	12	22	11	22	12	12	12	12	22	11	11	12	11	12	12	12	22	12	22	22	11	12	12	12	12	12	21	12	11	22	12	21	11	22	11	11	11	22	22	11	12	22	12	21	12	22	21	21	21	12	11	12	12	12	22	12	12	22	22	21	22	22	22
120	0	35.671	82.293	12	12	12	12	11	11	21	12	11	22	11	12	12	12	12	12	12	11	11	12	11	22	21	12	12	12	22	11	22	12	12	12	12	22	11	11	12	11	12	12	12	22	12	22	22	11	12	12	12	12	22	21	12	11	22	12	21	11	22	11	11	12	22	22	11	12	22	12	21	12	22	21	21	21	12	11	12	12	12	22	12	12	22	22	21	22	22	22
