MARKER	CHR	MALE_POS	FEMALE_POS	P1xP2	P1xP2	P1xP2	P1xP2	P1xP2	P1xP2	P1xP2	P1xP2	P1xP2	P1xP2	P1xP2	P1xP2	P1xP2	P1xP2	P1xP2	P1xP2	P1xP2	P1xP2	P1xP2	P1xP2	P1xP2	P1xP2	P1xP2	P1xP2	P1xP2	P1xP2	P1xP2	P1xP2	P1xP2	P1xP2	P1xP2	P1xP2	P1xP2	P1xP2	P1xP2	P1xP2	P1xP2	P1xP2	P1xP2	P1xP2	P1xP2	P1xP2	P1xP2	P1xP2	P1xP2	P1xP2	P1xP2	P1xP2	P1xP2	P1xP2	P1xP2	P1xP2	P1xP2	P1xP2	P1xP2	P1xP2	P1xP2	P1xP2	P1xP2	P1xP2	P1xP2	P1xP2	P1xP2	P1xP2	P1xP2	P1xP2	P1xP2	P1xP2	P1xP2	P1xP2	P1xP2	P1xP2	P1xP2	P1xP2	P1xP2	P1xP2	P1xP2	P1xP2	P1xP2	P1xP2	P1xP2	P1xP2	P1xP2	P1xP2	P1xP2	P1xP2	P1xP2	P1xP2
MARKER	CHR	MALE_POS	FEMALE_POS	P1	P2	C1	C2	C3	C4	C5	C6	C7	C8	C9	C10	C11	C12	C13	C14	C15	C16	C17	C18	C19	C20	C21	C22	C23	C24	C25	C26	C27	C28	C29	C30	C31	C32	C33	C34	C35	C36	C37	C38	C39	C40	C41	C42	C43	C44	C45	C46	C47	C48	C49	C50	C51	C52	C53	C54	C55	C56	C57	C58	C59	C60	C61	C62	C63	C64	C65	C66	C67	C68	C69	C70	C71	C72	C73	C74	C75	C76	C77	C78	C79	C80	C81	C82	C83	C84	C85	C86
MARKER	CHR	MALE_POS	FEMALE_POS	0	0	P1	P1	P1	P1	P1	P1	P1	P1	P1	P1	P1	P1	P1	P1	P1	P1	P1	P1	P1	P1	P1	P1	P1	P1	P1	P1	P1	P1	P1	P1	P1	P1	P1	P1	P1	P1	P1	P1	P1	P1	P1	P1	P1	P1	P1	P1	P1	P1	P1	P1	P1	P1	P1	P1	P1	P1	P1	P1	P1	P1	P1	P1	P1	P1	P1	P1	P1	P1	P1	P1	P1	P1	P1	P1	P1	P1	P1	P1	P1	P1	P1	P1	P1	P1	P1	P1
MARKER	CHR	MALE_POS	FEMALE_POS	0	0	P2	P2	P2	P2	P2	P2	P2	P2	P2	P2	P2	P2	P2	P2	P2	P2	P2	P2	P2	P2	P2	P2	P2	P2	P2	P2	P2	P2	P2	P2	P2	P2	P2	P2	P2	P2	P2	P2	P2	P2	P2	P2	P2	P2	P2	P2	P2	P2	P2	P2	P2	P2	P2	P2	P2	P2	P2	P2	P2	P2	P2	P2	P2	P2	P2	P2	P2	P2	P2	P2	P2	P2	P2	P2	P2	P2	P2	P2	P2	P2	P2	P2	P2	P2	P2	P2
MARKER	CHR	MALE_POS	FEMALE_POS	1	2	0	0	0	0	0	0	0	0	0	0	0	0	0	0	0	0	0	0	0	0	0	0	0	0	0	0	0	0	0	0	0	0	0	0	0	0	0	0	0	0	0	0	0	0	0	0	0	0	0	0	0	0	0	0	0	0	0	0	0	0	0	0	0	0	0	0	0	0	0	0	0	0	0	0	0	0	0	0	0	0	0	0	0	0	0	0
MARKER	CHR	MALE_POS	FEMALE_POS	0	0	0	0	0	0	0	0	0	0	0	0	0	0	0	0	0	0	0	0	0	0	0	0	0	0	0	0	0	0	0	0	0	0	0	0	0	0	0	0	0	0	0	0	0	0	0	0	0	0	0	0	0	0	0	0	0	0	0	0	0	0	0	0	0	0	0	0	0	0	0	0	0	0	0	0	0	0	0	0	0	0	0	0	0	0	0	0
183	0	0.000	0.000	12	12	11	12	22	22	11	21	12	22	11	21	12	11	22	21	12	21	12	21	12	12	21	12	12	11	22	11	21	12	12	11	22	21	11	21	22	22	21	22	21	22	11	11	21	12	21	11	11	11	11	21	22	11	11	21	21	22	11	11	12	11	22	22	11	11	11	11	11	21	22	12	12	11	21	22	22	21	12	12	22	22	12	21	11	21	12	22
182	0	0.000	0.000	12	12	11	12	22	22	11	21	12	22	11	21	12	11	22	21	12	21	12	21	12	12	21	12	12	11	22	11	21	12	12	11	22	21	11	21	22	22	21	22	21	22	11	11	21	12	21	11	11	11	11	21	22	11	11	21	21	22	11	11	12	11	22	22	11	11	11	11	11	21	22	12	12	11	21	22	22	21	12	12	22	22	12	21	11	21	12	22
184	0	0.000	0.000	12	12	11	12	22	22	11	21	12	22	11	21	12	11	22	21	12	21	12	21	12	12	21	12	12	11	22	11	21	12	12	11	22	21	11	21	22	22	21	22	21	22	11	11	21	12	21	11	11	11	11	21	22	11	11	21	21	22	11	11	12	11	22	22	11	11	11	11	11	21	22	12	12	11	21	22	22	21	12	12	22	22	12	21	11	21	12	22
185	0	0.000	0.000	12	12	11	12	22	22	11	21	12	22	11	21	12	11	22	21	12	21	12	21	12	12	21	12	12	11	22	11	21	12	12	11	22	21	11	21	22	22	21	22	21	22	11	11	21	12	21	11	11	11	11	21	22	11	11	21	21	22	11	11	12	11	22	22	11	11	11	11	11	21	22	12	12	11	21	22	22	21	12	12	22	22	12	21	11	21	12	22
186	0	0.000	1.177	12	12	11	12	22	22	11	21	12	22	11	21	12	11	22	21	12	21	12	21	12	12	21	12	12	11	22	11	21	12	12	11	22	21	11	21	22	22	21	22	21	22	11	11	22	12	21	11	11	11	11	21	22	11	11	21	21	22	11	11	12	11	22	22	11	11	11	11	11	21	22	12	12	11	21	22	22	21	12	12	22	22	12	21	11	21	12	22
196	0	0.000	6.058	12	12	11	12	22	22	11	21	12	22	11	21	12	11	22	22	12	21	12	21	12	12	21	12	12	11	22	11	21	12	12	11	21	21	11	21	22	21	21	22	21	22	11	11	22	12	21	11	11	11	11	21	22	11	11	21	21	22	11	11	12	11	22	22	11	11	11	11	11	21	21	12	12	11	21	22	22	21	12	12	22	22	12	21	11	21	12	22
198	0	0.000	6.058	12	12	11	12	22	22	11	21	12	22	11	21	12	11	22	22	12	21	12	21	12	12	21	12	12	11	22	11	21	12	12	11	21	21	11	21	22	21	21	22	21	22	11	11	22	12	21	11	11	11	11	21	22	11	11	21	21	22	11	11	12	11	22	22	11	11	11	11	11	21	21	12	12	11	21	22	22	21	12	12	22	22	12	21	11	21	12	22
197	0	0.000	6.058	12	12	11	12	22	22	11	21	12	22	11	21	12	11	22	22	12	21	12	21	12	12	21	12	12	11	22	11	21	12	12	11	21	21	11	21	22	21	21	22	21	22	11	11	22	12	21	11	11	11	11	21	22	11	11	21	21	22	11	11	12	11	22	22	11	11	11	11	11	21	21	12	12	11	21	22	22	21	12	12	22	22	12	21	11	21	12	22
193	0	0.000	6.058	12	12	11	12	22	22	11	21	12	22	11	21	12	11	22	22	12	21	12	21	12	12	21	12	12	11	22	11	21	12	12	11	21	21	11	21	22	21	21	22	21	22	11	11	22	12	21	11	11	11	11	21	22	11	11	21	21	22	11	11	12	11	22	22	11	11	11	11	11	21	21	12	12	11	21	22	22	21	12	12	22	22	12	21	11	21	12	22
194	0	1.177	6.058	12	12	11	12	22	12	11	21	12	22	11	21	12	11	22	22	12	21	12	21	12	12	21	12	12	11	22	11	21	12	12	11	21	21	11	21	22	21	21	22	21	22	11	11	22	12	21	11	11	11	11	21	22	11	11	21	21	22	11	11	12	11	22	22	11	11	11	11	11	21	21	12	12	11	21	22	22	21	12	12	22	22	12	21	11	21	12	22
190	0	1.177	6.058	12	12	11	12	22	12	11	21	12	22	11	21	12	11	22	22	12	21	12	21	12	12	21	12	12	11	22	11	21	12	12	11	21	21	11	21	22	21	21	22	21	22	11	11	22	12	21	11	11	11	11	21	22	11	11	21	21	22	11	11	12	11	22	22	11	11	11	11	11	21	21	12	12	11	21	22	22	21	12	12	22	22	12	21	11	21	12	22
189	0	2.353	6.058	12	12	11	12	22	12	11	21	12	22	11	21	12	11	22	22	12	21	12	21	12	12	21	12	12	11	22	11	21	12	12	11	21	21	11	21	22	21	21	22	21	22	11	11	12	12	21	11	11	11	11	21	22	11	11	21	21	22	11	11	12	11	22	22	11	11	11	11	11	21	21	12	12	11	21	22	22	21	12	12	22	22	12	21	11	21	12	22
195	0	2.353	6.058	12	12	11	12	22	12	11	21	12	22	11	21	12	11	22	22	12	21	12	21	12	12	21	12	12	11	22	11	21	12	12	11	21	21	11	21	22	21	21	22	21	22	11	11	12	12	21	11	11	11	11	21	22	11	11	21	21	22	11	11	12	11	22	22	11	11	11	11	11	21	21	12	12	11	21	22	22	21	12	12	22	22	12	21	11	21	12	22
200	0	2.353	6.058	12	12	11	12	22	12	11	21	12	22	11	21	12	11	22	22	12	21	12	21	12	12	21	12	12	11	22	11	21	12	12	11	21	21	11	21	22	21	21	22	21	22	11	11	12	12	21	11	11	11	11	21	22	11	11	21	21	22	11	11	12	11	22	22	11	11	11	11	11	21	21	12	12	11	21	22	22	21	12	12	22	22	12	21	11	21	12	22
199	0	2.353	7.235	12	12	11	11	22	12	11	21	12	22	11	21	12	11	22	22	12	21	12	21	12	12	21	12	12	11	22	11	21	12	12	11	21	21	11	21	22	21	21	22	21	22	11	11	12	12	21	11	11	11	11	21	22	11	11	21	21	22	11	11	12	11	22	22	11	11	11	11	11	21	21	12	12	11	21	22	22	21	12	12	22	22	12	21	11	21	12	22
192	0	2.353	7.235	12	12	11	11	22	12	11	21	12	22	11	21	12	11	22	22	12	21	12	21	12	12	21	12	12	11	22	11	21	12	12	11	21	21	11	21	22	21	21	22	21	22	11	11	12	12	21	11	11	11	11	21	22	11	11	21	21	22	11	11	12	11	22	22	11	11	11	11	11	21	21	12	12	11	21	22	22	21	12	12	22	22	12	21	11	21	12	22
203	0	2.353	8.411	12	12	11	11	22	12	11	21	12	22	11	21	12	11	22	22	12	21	12	21	12	12	21	12	12	11	22	11	21	12	12	12	21	21	11	21	22	21	21	22	21	22	11	11	12	12	21	11	11	11	11	21	22	11	11	21	21	22	11	11	12	11	22	22	11	11	11	11	11	21	21	12	12	11	21	22	22	21	12	12	22	22	12	21	11	21	12	22
211	0	2.353	8.411	12	12	11	11	22	12	11	21	12	22	11	21	12	11	22	22	12	21	12	21	12	12	21	12	12	11	22	11	21	12	12	12	21	21	11	21	22	21	21	22	21	22	11	11	12	12	21	11	11	11	11	21	22	11	11	21	21	22	11	11	12	11	22	22	11	11	11	11	11	21	21	12	12	11	21	22	22	21	12	12	22	22	12	21	11	21	12	22
212	0	2.353	8.411	12	12	11	11	22	12	11	21	12	22	11	21	12	11	22	22	12	21	12	21	12	12	21	12	12	11	22	11	21	12	12	12	21	21	11	21	22	21	21	22	21	22	11	11	12	12	21	11	11	11	11	21	22	11	11	21	21	22	11	11	12	11	22	22	11	11	11	11	11	21	21	12	12	11	21	22	22	21	12	12	22	22	12	21	11	21	12	22
207	0	2.353	9.588	12	12	11	11	22	12	11	21	12	21	11	21	12	11	22	22	12	21	12	21	12	12	21	12	12	11	22	11	21	12	12	12	21	21	11	21	22	21	21	22	21	22	11	11	12	12	21	11	11	11	11	21	22	11	11	21	21	22	11	11	12	11	22	22	11	11	11	11	11	21	21	12	12	11	21	22	22	21	12	12	22	22	12	21	11	21	12	22
204	0	2.353	9.588	12	12	11	11	22	12	11	21	12	21	11	21	12	11	22	22	12	21	12	21	12	12	21	12	12	11	22	11	21	12	12	12	21	21	11	21	22	21	21	22	21	22	11	11	12	12	21	11	11	11	11	21	22	11	11	21	21	22	11	11	12	11	22	22	11	11	11	11	11	21	21	12	12	11	21	22	22	21	12	12	22	22	12	21	11	21	12	22
210	0	2.353	9.588	12	12	11	11	22	12	11	21	12	21	11	21	12	11	22	22	12	21	12	21	12	12	21	12	12	11	22	11	21	12	12	12	21	21	11	21	22	21	21	22	21	22	11	11	12	12	21	11	11	11	11	21	22	11	11	21	21	22	11	11	12	11	22	22	11	11	11	11	11	21	21	12	12	11	21	22	22	21	12	12	22	22	12	21	11	21	12	22
209	0	2.353	9.588	12	12	11	11	22	12	11	21	12	21	11	21	12	11	22	22	12	21	12	21	12	12	21	12	12	11	22	11	21	12	12	12	21	21	11	21	22	21	21	22	21	22	11	11	12	12	21	11	11	11	11	21	22	11	11	21	21	22	11	11	12	11	22	22	11	11	11	11	11	21	21	12	12	11	21	22	22	21	12	12	22	22	12	21	11	21	12	22
206	0	2.353	9.588	12	12	11	11	22	12	11	21	12	21	11	21	12	11	22	22	12	21	12	21	12	12	21	12	12	11	22	11	21	12	12	12	21	21	11	21	22	21	21	22	21	22	11	11	12	12	21	11	11	11	11	21	22	11	11	21	21	22	11	11	12	11	22	22	11	11	11	11	11	21	21	12	12	11	21	22	22	21	12	12	22	22	12	21	11	21	12	22
205	0	2.353	9.588	12	12	11	11	22	12	11	21	12	21	11	21	12	11	22	22	12	21	12	21	12	12	21	12	12	11	22	11	21	12	12	12	21	21	11	21	22	21	21	22	21	22	11	11	12	12	21	11	11	11	11	21	22	11	11	21	21	22	11	11	12	11	22	22	11	11	11	11	11	21	21	12	12	11	21	22	22	21	12	12	22	22	12	21	11	21	12	22
201	0	2.353	9.588	12	12	11	11	22	12	11	21	12	21	11	21	12	11	22	22	12	21	12	21	12	12	21	12	12	11	22	11	21	12	12	12	21	21	11	21	22	21	21	22	21	22	11	11	12	12	21	11	11	11	11	21	22	11	11	21	21	22	11	11	12	11	22	22	11	11	11	11	11	21	21	12	12	11	21	22	22	21	12	12	22	22	12	21	11	21	12	22
208	0	2.353	9.588	12	12	11	11	22	12	11	21	12	21	11	21	12	11	22	22	12	21	12	21	12	12	21	12	12	11	22	11	21	12	12	12	21	21	11	21	22	21	21	22	21	22	11	11	12	12	21	11	11	11	11	21	22	11	11	21	21	22	11	11	12	11	22	22	11	11	11	11	11	21	21	12	12	11	21	22	22	21	12	12	22	22	12	21	11	21	12	22
202	0	2.353	9.588	12	12	11	11	22	12	11	21	12	21	11	21	12	11	22	22	12	21	12	21	12	12	21	12	12	11	22	11	21	12	12	12	21	21	11	21	22	21	21	22	21	22	11	11	12	12	21	11	11	11	11	21	22	11	11	21	21	22	11	11	12	11	22	22	11	11	11	11	11	21	21	12	12	11	21	22	22	21	12	12	22	22	12	21	11	21	12	22
187	0	2.353	10.765	12	12	11	11	22	12	11	21	12	21	11	21	12	11	22	22	12	21	12	21	12	12	21	12	12	11	22	11	21	12	12	11	21	21	11	21	22	21	21	22	21	22	11	11	12	12	21	11	11	11	11	21	22	11	11	21	21	22	11	11	12	11	22	22	11	11	11	11	11	21	21	12	12	11	21	22	22	21	12	12	22	22	12	21	11	21	12	22
188	0	2.353	10.765	12	12	11	11	22	12	11	21	12	21	11	21	12	11	22	22	12	21	12	21	12	12	21	12	12	11	22	11	21	12	12	11	21	21	11	21	22	21	21	22	21	22	11	11	12	12	21	11	11	11	11	21	22	11	11	21	21	22	11	11	12	11	22	22	11	11	11	11	11	21	21	12	12	11	21	22	22	21	12	12	22	22	12	21	11	21	12	22
191	0	3.530	10.765	12	12	11	11	22	12	11	21	12	21	11	21	12	11	22	22	12	21	12	21	12	12	21	12	12	11	22	11	21	12	12	11	21	21	11	21	22	21	21	22	21	22	11	11	12	12	21	11	11	11	11	21	22	11	21	21	21	22	11	11	12	11	22	22	11	11	11	11	11	21	21	12	12	11	21	22	22	21	12	12	22	22	12	21	11	21	12	22
181	0	4.706	11.941	12	12	11	11	22	12	11	21	11	21	11	21	12	11	22	12	12	21	12	21	12	12	21	12	12	11	22	11	21	12	12	11	21	21	11	21	22	21	21	22	21	22	11	11	12	12	21	11	11	11	11	21	22	11	21	21	21	22	11	11	12	11	22	22	11	11	11	11	11	21	21	12	12	11	21	22	22	21	12	12	22	22	12	21	11	21	12	22
179	0	4.706	11.941	12	12	11	11	22	12	11	21	11	21	11	21	12	11	22	12	12	21	12	21	12	12	21	12	12	11	22	11	21	12	12	11	21	21	11	21	22	21	21	22	21	22	11	11	12	12	21	11	11	11	11	21	22	11	21	21	21	22	11	11	12	11	22	22	11	11	11	11	11	21	21	12	12	11	21	22	22	21	12	12	22	22	12	21	11	21	12	22
180	0	5.883	11.941	12	12	11	11	22	12	11	21	11	21	11	21	12	11	22	12	12	21	12	21	12	12	21	12	12	11	22	11	21	12	12	11	21	21	11	21	22	21	21	22	21	22	11	11	12	12	21	11	11	11	11	21	22	11	21	21	21	22	11	11	12	11	22	22	11	11	11	11	11	21	11	12	12	11	21	22	22	21	12	12	22	22	12	21	11	21	12	22
166	0	5.883	14.322	12	12	11	11	22	12	11	21	11	21	11	21	12	11	22	12	11	21	12	21	12	12	21	12	12	11	22	11	21	12	12	11	21	21	11	22	22	21	21	22	21	22	11	11	12	12	21	11	11	11	11	21	22	11	21	21	21	22	11	11	12	11	22	22	11	11	11	11	11	21	11	12	12	11	21	22	22	21	12	12	22	22	12	21	11	21	12	22
163	0	5.883	14.322	12	12	11	11	22	12	11	21	11	21	11	21	12	11	22	12	11	21	12	21	12	12	21	12	12	11	22	11	21	12	12	11	21	21	11	22	22	21	21	22	21	22	11	11	12	12	21	11	11	11	11	21	22	11	21	21	21	22	11	11	12	11	22	22	11	11	11	11	11	21	11	12	12	11	21	22	22	21	12	12	22	22	12	21	11	21	12	22
164	0	5.883	14.322	12	12	11	11	22	12	11	21	11	21	11	21	12	11	22	12	11	21	12	21	12	12	21	12	12	11	22	11	21	12	12	11	21	21	11	22	22	21	21	22	21	22	11	11	12	12	21	11	11	11	11	21	22	11	21	21	21	22	11	11	12	11	22	22	11	11	11	11	11	21	11	12	12	11	21	22	22	21	12	12	22	22	12	21	11	21	12	22
165	0	5.883	14.322	12	12	11	11	22	12	11	21	11	21	11	21	12	11	22	12	11	21	12	21	12	12	21	12	12	11	22	11	21	12	12	11	21	21	11	22	22	21	21	22	21	22	11	11	12	12	21	11	11	11	11	21	22	11	21	21	21	22	11	11	12	11	22	22	11	11	11	11	11	21	11	12	12	11	21	22	22	21	12	12	22	22	12	21	11	21	12	22
170	0	5.883	15.499	12	12	11	11	22	12	11	21	11	21	11	21	12	11	22	12	11	21	12	21	12	12	21	12	12	11	22	11	21	12	12	11	21	21	11	22	22	21	21	22	21	22	11	11	12	12	21	11	11	11	11	21	22	11	21	21	21	22	11	11	12	11	22	22	11	11	11	11	11	21	12	12	12	11	21	22	22	21	12	12	22	22	12	21	11	21	12	22
172	0	7.059	16.676	12	12	11	11	22	12	11	21	11	21	11	21	12	11	22	12	11	21	12	21	12	12	21	12	11	11	22	11	21	12	12	11	21	21	11	22	22	21	21	22	21	22	11	11	12	12	21	11	11	11	11	21	22	11	21	21	21	22	11	11	12	11	22	22	11	11	11	11	11	21	12	12	12	11	21	22	22	21	12	12	22	22	12	21	11	11	12	22
173	0	7.059	16.676	12	12	11	11	22	12	11	21	11	21	11	21	12	11	22	12	11	21	12	21	12	12	21	12	11	11	22	11	21	12	12	11	21	21	11	22	22	21	21	22	21	22	11	11	12	12	21	11	11	11	11	21	22	11	21	21	21	22	11	11	12	11	22	22	11	11	11	11	11	21	12	12	12	11	21	22	22	21	12	12	22	22	12	21	11	11	12	22
174	0	7.059	16.676	12	12	11	11	22	12	11	21	11	21	11	21	12	11	22	12	11	21	12	21	12	12	21	12	11	11	22	11	21	12	12	11	21	21	11	22	22	21	21	22	21	22	11	11	12	12	21	11	11	11	11	21	22	11	21	21	21	22	11	11	12	11	22	22	11	11	11	11	11	21	12	12	12	11	21	22	22	21	12	12	22	22	12	21	11	11	12	22
175	0	7.059	16.676	12	12	11	11	22	12	11	21	11	21	11	21	12	11	22	12	11	21	12	21	12	12	21	12	11	11	22	11	21	12	12	11	21	21	11	22	22	21	21	22	21	22	11	11	12	12	21	11	11	11	11	21	22	11	21	21	21	22	11	11	12	11	22	22	11	11	11	11	11	21	12	12	12	11	21	22	22	21	12	12	22	22	12	21	11	11	12	22
171	0	8.236	17.852	12	12	11	11	22	12	11	21	11	21	11	21	12	11	22	12	11	21	12	21	12	12	21	12	21	11	22	11	21	12	12	11	21	21	11	22	22	21	21	22	21	22	11	11	12	12	21	11	11	11	11	21	22	11	21	21	21	22	11	11	12	11	22	22	11	11	11	11	11	21	12	12	12	11	21	22	22	21	12	12	22	22	12	21	11	12	12	22
169	0	9.412	17.852	12	12	11	21	22	12	11	21	11	21	11	21	12	11	22	12	11	21	12	21	12	12	21	12	21	11	22	11	21	12	12	11	21	21	11	22	22	21	21	22	21	22	11	11	12	12	21	11	11	11	11	21	22	11	21	21	21	22	11	11	12	11	22	22	11	11	11	11	11	21	12	12	12	11	21	22	22	21	12	12	22	22	12	21	11	12	12	22
176	0	9.412	17.852	12	12	11	21	22	12	11	21	11	21	11	21	12	11	22	12	11	21	12	21	12	12	21	12	21	11	22	11	21	12	12	11	21	21	11	22	22	21	21	22	21	22	11	11	12	12	21	11	11	11	11	21	22	11	21	21	21	22	11	11	12	11	22	22	11	11	11	11	11	21	12	12	12	11	21	22	22	21	12	12	22	22	12	21	11	12	12	22
168	0	9.412	17.852	12	12	11	21	22	12	11	21	11	21	11	21	12	11	22	12	11	21	12	21	12	12	21	12	21	11	22	11	21	12	12	11	21	21	11	22	22	21	21	22	21	22	11	11	12	12	21	11	11	11	11	21	22	11	21	21	21	22	11	11	12	11	22	22	11	11	11	11	11	21	12	12	12	11	21	22	22	21	12	12	22	22	12	21	11	12	12	22
167	0	9.412	17.852	12	12	11	21	22	12	11	21	11	21	11	21	12	11	22	12	11	21	12	21	12	12	21	12	21	11	22	11	21	12	12	11	21	21	11	22	22	21	21	22	21	22	11	11	12	12	21	11	11	11	11	21	22	11	21	21	21	22	11	11	12	11	22	22	11	11	11	11	11	21	12	12	12	11	21	22	22	21	12	12	22	22	12	21	11	12	12	22
178	0	9.412	17.852	12	12	11	21	22	12	11	21	11	21	11	21	12	11	22	12	11	21	12	21	12	12	21	12	21	11	22	11	21	12	12	11	21	21	11	22	22	21	21	22	21	22	11	11	12	12	21	11	11	11	11	21	22	11	21	21	21	22	11	11	12	11	22	22	11	11	11	11	11	21	12	12	12	11	21	22	22	21	12	12	22	22	12	21	11	12	12	22
177	0	9.412	17.852	12	12	11	21	22	12	11	21	11	21	11	21	12	11	22	12	11	21	12	21	12	12	21	12	21	11	22	11	21	12	12	11	21	21	11	22	22	21	21	22	21	22	11	11	12	12	21	11	11	11	11	21	22	11	21	21	21	22	11	11	12	11	22	22	11	11	11	11	11	21	12	12	12	11	21	22	22	21	12	12	22	22	12	21	11	12	12	22
153	0	11.794	17.852	12	12	11	21	22	12	11	21	11	21	11	21	12	11	22	12	11	21	12	21	12	12	21	12	21	11	22	11	11	12	12	11	21	21	11	22	22	21	21	22	21	22	11	11	12	12	21	11	11	11	11	21	22	11	21	21	11	22	11	11	12	11	22	22	11	11	11	11	11	21	12	12	12	11	21	22	22	21	12	12	22	22	12	21	11	12	12	22
152	0	11.794	17.852	12	12	11	21	22	12	11	21	11	21	11	21	12	11	22	12	11	21	12	21	12	12	21	12	21	11	22	11	11	12	12	11	21	21	11	22	22	21	21	22	21	22	11	11	12	12	21	11	11	11	11	21	22	11	21	21	11	22	11	11	12	11	22	22	11	11	11	11	11	21	12	12	12	11	21	22	22	21	12	12	22	22	12	21	11	12	12	22
151	0	11.794	17.852	12	12	11	21	22	12	11	21	11	21	11	21	12	11	22	12	11	21	12	21	12	12	21	12	21	11	22	11	11	12	12	11	21	21	11	22	22	21	21	22	21	22	11	11	12	12	21	11	11	11	11	21	22	11	21	21	11	22	11	11	12	11	22	22	11	11	11	11	11	21	12	12	12	11	21	22	22	21	12	12	22	22	12	21	11	12	12	22
162	0	11.794	19.029	12	12	11	21	22	12	11	21	11	21	11	21	12	11	22	12	11	21	12	21	12	12	21	12	21	11	22	11	12	12	12	11	21	21	11	22	22	21	21	22	21	22	11	11	12	12	21	11	11	11	11	21	22	11	21	21	11	22	11	11	12	11	22	22	11	11	11	11	11	21	12	12	12	11	21	22	22	21	12	12	22	22	12	21	11	12	12	22
161	0	11.794	20.205	12	12	11	21	22	12	11	21	11	21	11	21	12	11	22	12	11	21	12	21	12	12	21	12	21	11	22	11	12	12	12	11	21	21	11	22	22	21	21	22	21	22	11	11	12	12	21	11	11	11	11	21	22	11	21	21	11	22	11	11	12	11	22	22	12	11	11	11	11	21	12	12	12	11	21	22	22	21	12	12	22	22	12	21	11	12	12	22
156	0	11.794	20.205	12	12	11	21	22	12	11	21	11	21	11	21	12	11	22	12	11	21	12	21	12	12	21	12	21	11	22	11	12	12	12	11	21	21	11	22	22	21	21	22	21	22	11	11	12	12	21	11	11	11	11	21	22	11	21	21	11	22	11	11	12	11	22	22	12	11	11	11	11	21	12	12	12	11	21	22	22	21	12	12	22	22	12	21	11	12	12	22
160	0	11.794	20.205	12	12	11	21	22	12	11	21	11	21	11	21	12	11	22	12	11	21	12	21	12	12	21	12	21	11	22	11	12	12	12	11	21	21	11	22	22	21	21	22	21	22	11	11	12	12	21	11	11	11	11	21	22	11	21	21	11	22	11	11	12	11	22	22	12	11	11	11	11	21	12	12	12	11	21	22	22	21	12	12	22	22	12	21	11	12	12	22
150	0	12.970	20.205	12	12	11	11	22	12	11	21	11	21	11	21	12	11	22	12	11	21	12	21	12	12	21	12	21	11	22	11	12	12	12	11	21	21	11	22	22	21	21	22	21	22	11	11	12	12	21	11	11	11	11	21	22	11	21	21	11	22	11	11	12	11	22	22	12	11	11	11	11	21	12	12	12	11	21	22	22	21	12	12	22	22	12	21	11	12	12	22
155	0	12.970	20.205	12	12	11	11	22	12	11	21	11	21	11	21	12	11	22	12	11	21	12	21	12	12	21	12	21	11	22	11	12	12	12	11	21	21	11	22	22	21	21	22	21	22	11	11	12	12	21	11	11	11	11	21	22	11	21	21	11	22	11	11	12	11	22	22	12	11	11	11	11	21	12	12	12	11	21	22	22	21	12	12	22	22	12	21	11	12	12	22
159	0	12.970	20.205	12	12	11	11	22	12	11	21	11	21	11	21	12	11	22	12	11	21	12	21	12	12	21	12	21	11	22	11	12	12	12	11	21	21	11	22	22	21	21	22	21	22	11	11	12	12	21	11	11	11	11	21	22	11	21	21	11	22	11	11	12	11	22	22	12	11	11	11	11	21	12	12	12	11	21	22	22	21	12	12	22	22	12	21	11	12	12	22
154	0	12.970	20.205	12	12	11	11	22	12	11	21	11	21	11	21	12	11	22	12	11	21	12	21	12	12	21	12	21	11	22	11	12	12	12	11	21	21	11	22	22	21	21	22	21	22	11	11	12	12	21	11	11	11	11	21	22	11	21	21	11	22	11	11	12	11	22	22	12	11	11	11	11	21	12	12	12	11	21	22	22	21	12	12	22	22	12	21	11	12	12	22
157	0	12.970	21.382	12	12	11	11	22	12	11	21	11	21	11	21	12	11	22	12	11	21	12	21	12	12	21	12	21	11	22	11	12	12	12	11	21	21	11	22	22	21	21	22	21	22	11	11	12	12	21	11	11	11	11	21	22	11	21	21	11	22	11	11	12	11	22	22	12	11	11	11	11	21	12	12	12	11	21	22	22	21	12	12	22	22	12	22	11	12	12	22
158	0	12.970	21.382	12	12	11	11	22	12	11	21	11	21	11	21	12	11	22	12	11	21	12	21	12	12	21	12	21	11	22	11	12	12	12	11	21	21	11	22	22	21	21	22	21	22	11	11	12	12	21	11	11	11	11	21	22	11	21	21	11	22	11	11	12	11	22	22	12	11	11	11	11	21	12	12	12	11	21	22	22	21	12	12	22	22	12	22	11	12	12	22
147	0	14.147	24.998	12	12	11	11	22	22	11	21	11	21	12	21	12	11	22	12	11	21	12	21	12	12	21	12	21	11	22	11	12	12	12	11	21	22	11	22	22	21	21	22	21	22	11	11	12	12	21	11	11	11	11	21	22	11	21	21	11	22	11	11	12	11	22	22	12	11	11	11	12	21	12	12	12	11	21	22	22	21	12	12	22	22	12	22	11	12	12	22
146	0	14.147	24.998	12	12	11	11	22	22	11	21	11	21	12	21	12	11	22	12	11	21	12	21	12	12	21	12	21	11	22	11	12	12	12	11	21	22	11	22	22	21	21	22	21	22	11	11	12	12	21	11	11	11	11	21	22	11	21	21	11	22	11	11	12	11	22	22	12	11	11	11	12	21	12	12	12	11	21	22	22	21	12	12	22	22	12	22	11	12	12	22
148	0	14.147	24.998	12	12	11	11	22	22	11	21	11	21	12	21	12	11	22	12	11	21	12	21	12	12	21	12	21	11	22	11	12	12	12	11	21	22	11	22	22	21	21	22	21	22	11	11	12	12	21	11	11	11	11	21	22	11	21	21	11	22	11	11	12	11	22	22	12	11	11	11	12	21	12	12	12	11	21	22	22	21	12	12	22	22	12	22	11	12	12	22
149	0	14.147	27.379	12	12	11	11	22	22	11	21	11	21	12	21	12	11	22	12	11	21	12	21	12	12	21	12	21	11	21	11	12	12	12	11	21	22	11	22	22	21	21	22	21	22	11	11	12	12	21	11	11	12	11	21	22	11	21	21	11	22	11	11	12	11	22	22	12	11	11	11	12	21	12	12	12	11	21	22	22	21	12	12	22	22	12	22	11	12	12	22
145	0	14.147	28.556	12	12	11	11	22	22	11	21	11	21	12	21	12	11	22	12	11	21	12	21	12	12	21	12	21	11	21	11	12	12	12	11	21	22	11	22	22	21	21	22	21	22	11	11	12	12	21	11	11	12	11	21	22	11	21	21	11	22	11	11	12	12	22	22	12	11	11	11	12	21	12	12	12	11	21	22	22	21	12	12	22	22	12	22	11	12	12	22
140	0	14.147	30.937	12	12	11	11	22	22	11	21	11	21	12	21	12	11	22	12	11	21	12	21	12	12	21	12	21	11	21	11	12	12	12	11	21	22	11	22	22	21	21	22	21	22	11	11	12	12	22	11	11	12	11	21	22	11	21	21	11	22	11	11	12	12	22	22	12	11	11	11	12	21	12	12	12	11	21	22	22	22	12	12	22	22	12	22	11	12	12	22
144	0	14.147	30.937	12	12	11	11	22	22	11	21	11	21	12	21	12	11	22	12	11	21	12	21	12	12	21	12	21	11	21	11	12	12	12	11	21	22	11	22	22	21	21	22	21	22	11	11	12	12	22	11	11	12	11	21	22	11	21	21	11	22	11	11	12	12	22	22	12	11	11	11	12	21	12	12	12	11	21	22	22	22	12	12	22	22	12	22	11	12	12	22
139	0	14.147	30.937	12	12	11	11	22	22	11	21	11	21	12	21	12	11	22	12	11	21	12	21	12	12	21	12	21	11	21	11	12	12	12	11	21	22	11	22	22	21	21	22	21	22	11	11	12	12	22	11	11	12	11	21	22	11	21	21	11	22	11	11	12	12	22	22	12	11	11	11	12	21	12	12	12	11	21	22	22	22	12	12	22	22	12	22	11	12	12	22
141	0	14.147	30.937	12	12	11	11	22	22	11	21	11	21	12	21	12	11	22	12	11	21	12	21	12	12	21	12	21	11	21	11	12	12	12	11	21	22	11	22	22	21	21	22	21	22	11	11	12	12	22	11	11	12	11	21	22	11	21	21	11	22	11	11	12	12	22	22	12	11	11	11	12	21	12	12	12	11	21	22	22	22	12	12	22	22	12	22	11	12	12	22
143	0	14.147	32.114	12	12	11	11	22	22	11	21	11	21	12	21	12	11	22	12	11	21	12	21	12	12	21	12	21	11	21	11	12	12	12	11	21	22	11	22	22	21	21	22	21	22	11	11	12	12	22	11	11	12	11	21	22	11	21	21	11	21	11	11	12	12	22	22	12	11	11	11	12	21	12	12	12	11	21	22	22	22	12	12	22	22	12	22	11	12	12	22
142	0	14.147	32.114	12	12	11	11	22	22	11	21	11	21	12	21	12	11	22	12	11	21	12	21	12	12	21	12	21	11	21	11	12	12	12	11	21	22	11	22	22	21	21	22	21	22	11	11	12	12	22	11	11	12	11	21	22	11	21	21	11	21	11	11	12	12	22	22	12	11	11	11	12	21	12	12	12	11	21	22	22	22	12	12	22	22	12	22	11	12	12	22
138	0	15.323	32.114	12	12	11	11	22	22	11	21	11	21	12	11	12	11	22	12	11	21	12	21	12	12	21	12	21	11	21	11	12	12	12	11	21	22	11	22	22	21	21	22	21	22	11	11	12	12	22	11	11	12	11	21	22	11	21	21	11	21	11	11	12	12	22	22	12	11	11	11	12	21	12	12	12	11	21	22	22	22	12	12	22	22	12	22	11	12	12	22
137	0	15.323	33.290	12	12	11	11	22	22	11	21	11	21	12	11	12	11	22	12	11	21	12	21	12	12	21	12	21	11	21	11	12	12	12	11	21	22	11	22	22	21	21	22	21	22	11	11	12	12	22	11	11	12	11	21	22	11	21	21	11	21	11	12	12	12	22	22	12	11	11	11	12	21	12	12	12	11	21	22	22	22	12	12	22	22	12	22	11	12	12	22
136	0	15.323	33.290	12	12	11	11	22	22	11	21	11	21	12	11	12	11	22	12	11	21	12	21	12	12	21	12	21	11	21	11	12	12	12	11	21	22	11	22	22	21	21	22	21	22	11	11	12	12	22	11	11	12	11	21	22	11	21	21	11	21	11	12	12	12	22	22	12	11	11	11	12	21	12	12	12	11	21	22	22	22	12	12	22	22	12	22	11	12	12	22
135	0	16.500	33.290	12	12	11	11	22	22	11	21	11	21	12	11	12	11	22	12	21	21	12	21	12	12	21	12	21	11	21	11	12	12	12	11	21	22	11	22	22	21	21	22	21	22	11	11	12	12	22	11	11	12	11	21	22	11	21	21	11	21	11	12	12	12	22	22	12	11	11	11	12	21	12	12	12	11	21	22	22	22	12	12	22	22	12	22	11	12	12	22
134	0	17.676	38.172	12	12	11	11	22	22	11	21	11	21	12	11	12	11	22	12	21	22	12	21	12	12	21	12	21	11	21	11	12	12	12	11	11	22	11	22	22	21	21	22	21	22	11	11	12	12	22	11	11	12	12	21	22	11	21	21	11	21	11	12	12	12	22	22	12	11	11	12	12	21	12	12	12	11	21	22	22	22	11	12	22	22	12	22	11	12	12	22
131	0	18.853	39.348	12	12	11	11	22	22	11	21	11	21	12	12	12	11	22	12	21	22	12	21	12	12	21	12	21	11	21	11	12	12	12	11	11	22	11	22	22	21	21	22	21	22	11	11	12	12	22	11	11	12	12	21	22	11	21	21	11	21	11	12	12	12	22	22	12	11	11	12	12	21	12	12	12	11	11	22	22	22	11	12	22	22	12	22	11	12	12	22
133	0	18.853	39.348	12	12	11	11	22	22	11	21	11	21	12	12	12	11	22	12	21	22	12	21	12	12	21	12	21	11	21	11	12	12	12	11	11	22	11	22	22	21	21	22	21	22	11	11	12	12	22	11	11	12	12	21	22	11	21	21	11	21	11	12	12	12	22	22	12	11	11	12	12	21	12	12	12	11	11	22	22	22	11	12	22	22	12	22	11	12	12	22
130	0	18.853	39.348	12	12	11	11	22	22	11	21	11	21	12	12	12	11	22	12	21	22	12	21	12	12	21	12	21	11	21	11	12	12	12	11	11	22	11	22	22	21	21	22	21	22	11	11	12	12	22	11	11	12	12	21	22	11	21	21	11	21	11	12	12	12	22	22	12	11	11	12	12	21	12	12	12	11	11	22	22	22	11	12	22	22	12	22	11	12	12	22
132	0	18.853	39.348	12	12	11	11	22	22	11	21	11	21	12	12	12	11	22	12	21	22	12	21	12	12	21	12	21	11	21	11	12	12	12	11	11	22	11	22	22	21	21	22	21	22	11	11	12	12	22	11	11	12	12	21	22	11	21	21	11	21	11	12	12	12	22	22	12	11	11	12	12	21	12	12	12	11	11	22	22	22	11	12	22	22	12	22	11	12	12	22
126	0	18.853	40.525	12	12	11	11	22	22	11	21	11	21	12	12	12	11	22	12	21	22	12	21	12	12	21	12	21	11	21	11	12	12	12	11	11	22	11	22	22	21	21	22	21	22	11	12	12	12	22	11	11	12	12	21	22	11	21	21	11	21	11	12	12	12	22	22	12	11	11	12	12	21	12	12	12	11	11	22	22	22	11	12	22	22	12	22	11	12	12	22
129	0	18.853	40.525	12	12	11	11	22	22	11	21	11	21	12	12	12	11	22	12	21	22	12	21	12	12	21	12	21	11	21	11	12	12	12	11	11	22	11	22	22	21	21	22	21	22	11	12	12	12	22	11	11	12	12	21	22	11	21	21	11	21	11	12	12	12	22	22	12	11	11	12	12	21	12	12	12	11	11	22	22	22	11	12	22	22	12	22	11	12	12	22
127	0	18.853	40.525	12	12	11	11	22	22	11	21	11	21	12	12	12	11	22	12	21	22	12	21	12	12	21	12	21	11	21	11	12	12	12	11	11	22	11	22	22	21	21	22	21	22	11	12	12	12	22	11	11	12	12	21	22	11	21	21	11	21	11	12	12	12	22	22	12	11	11	12	12	21	12	12	12	11	11	22	22	22	11	12	22	22	12	22	11	12	12	22
128	0	18.853	40.525	12	12	11	11	22	22	11	21	11	21	12	12	12	11	22	12	21	22	12	21	12	12	21	12	21	11	21	11	12	12	12	11	11	22	11	22	22	21	21	22	21	22	11	12	12	12	22	11	11	12	12	21	22	11	21	21	11	21	11	12	12	12	22	22	12	11	11	12	12	21	12	12	12	11	11	22	22	22	11	12	22	22	12	22	11	12	12	22
123	0	18.853	41.702	12	12	11	11	22	22	12	21	11	21	12	12	12	11	22	12	21	22	12	21	12	12	21	12	21	11	21	11	12	12	12	11	11	22	11	22	22	21	21	22	21	22	11	12	12	12	22	11	11	12	12	21	22	11	21	21	11	21	11	12	12	12	22	22	12	11	11	12	12	21	12	12	12	11	11	22	22	22	11	12	22	22	12	22	11	12	12	22
117	0	18.853	41.702	12	12	11	11	22	22	12	21	11	21	12	12	12	11	22	12	21	22	12	21	12	12	21	12	21	11	21	11	12	12	12	11	11	22	11	22	22	21	21	22	21	22	11	12	12	12	22	11	11	12	12	21	22	11	21	21	11	21	11	12	12	12	22	22	12	11	11	12	12	21	12	12	12	11	11	22	22	22	11	12	22	22	12	22	11	12	12	22
121	0	18.853	41.702	12	12	11	11	22	22	12	21	11	21	12	12	12	11	22	12	21	22	12	21	12	12	21	12	21	11	21	11	12	12	12	11	11	22	11	22	22	21	21	22	21	22	11	12	12	12	22	11	11	12	12	21	22	11	21	21	11	21	11	12	12	12	22	22	12	11	11	12	12	21	12	12	12	11	11	22	22	22	11	12	22	22	12	22	11	12	12	22
122	0	18.853	41.702	12	12	11	11	22	22	12	21	11	21	12	12	12	11	22	12	21	22	12	21	12	12	21	12	21	11	21	11	12	12	12	11	11	22	11	22	22	21	21	22	21	22	11	12	12	12	22	11	11	12	12	21	22	11	21	21	11	21	11	12	12	12	22	22	12	11	11	12	12	21	12	12	12	11	11	22	22	22	11	12	22	22	12	22	11	12	12	22
124	0	18.853	41.702	12	12	11	11	22	22	12	21	11	21	12	12	12	11	22	12	21	22	12	21	12	12	21	12	21	11	21	11	12	12	12	11	11	22	11	22	22	21	21	22	21	22	11	12	12	12	22	11	11	12	12	21	22	11	21	21	11	21	11	12	12	12	22	22	12	11	11	12	12	21	12	12	12	11	11	22	22	22	11	12	22	22	12	22	11	12	12	22
118	0	18.853	41.702	12	12	11	11	22	22	12	21	11	21	12	12	12	11	22	12	21	22	12	21	12	12	21	12	21	11	21	11	12	12	12	11	11	22	11	22	22	21	21	22	21	22	11	12	12	12	22	11	11	12	12	21	22	11	21	21	11	21	11	12	12	12	22	22	12	11	11	12	12	21	12	12	12	11	11	22	22	22	11	12	22	22	12	22	11	12	12	22
125	0	18.853	41.702	12	12	11	11	22	22	12	21	11	21	12	12	12	11	22	12	21	22	12	21	12	12	21	12	21	11	21	11	12	12	12	11	11	22	11	22	22	21	21	22	21	22	11	12	12	12	22	11	11	12	12	21	22	11	21	21	11	21	11	12	12	12	22	22	12	11	11	12	12	21	12	12	12	11	11	22	22	22	11	12	22	22	12	22	11	12	12	22
120	0	18.853	41.702	12	12	11	11	22	22	12	21	11	21	12	12	12	11	22	12	21	22	12	21	12	12	21	12	21	11	21	11	12	12	12	11	11	22	11	22	22	21	21	22	21	22	11	12	12	12	22	11	11	12	12	21	22	11	21	21	11	21	11	12	12	12	22	22	12	11	11	12	12	21	12	12	12	11	11	22	22	22	11	12	22	22	12	22	11	12	12	22
116	0	20.029	41.702	12	12	11	11	22	22	12	21	11	21	12	12	12	11	22	12	21	22	12	21	12	12	21	12	21	11	21	11	12	12	12	11	11	22	11	22	22	21	21	22	21	22	11	12	12	12	22	11	11	12	12	21	22	11	21	21	11	21	11	12	12	22	22	22	12	11	11	12	12	21	12	12	12	11	11	22	22	22	11	12	22	22	12	22	11	12	12	22
112	0	20.029	41.702	12	12	11	11	22	22	12	21	11	21	12	12	12	11	22	12	21	22	12	21	12	12	21	12	21	11	21	11	12	12	12	11	11	22	11	22	22	21	21	22	21	22	11	12	12	12	22	11	11	12	12	21	22	11	21	21	11	21	11	12	12	22	22	22	12	11	11	12	12	21	12	12	12	11	11	22	22	22	11	12	22	22	12	22	11	12	12	22
110	0	20.029	41.702	12	12	11	11	22	22	12	21	11	21	12	12	12	11	22	12	21	22	12	21	12	12	21	12	21	11	21	11	12	12	12	11	11	22	11	22	22	21	21	22	21	22	11	12	12	12	22	11	11	12	12	21	22	11	21	21	11	21	11	12	12	22	22	22	12	11	11	12	12	21	12	12	12	11	11	22	22	22	11	12	22	22	12	22	11	12	12	22
115	0	20.029	41.702	12	12	11	11	22	22	12	21	11	21	12	12	12	11	22	12	21	22	12	21	12	12	21	12	21	11	21	11	12	12	12	11	11	22	11	22	22	21	21	22	21	22	11	12	12	12	22	11	11	12	12	21	22	11	21	21	11	21	11	12	12	22	22	22	12	11	11	12	12	21	12	12	12	11	11	22	22	22	11	12	22	22	12	22	11	12	12	22
113	0	20.029	41.702	12	12	11	11	22	22	12	21	11	21	12	12	12	11	22	12	21	22	12	21	12	12	21	12	21	11	21	11	12	12	12	11	11	22	11	22	22	21	21	22	21	22	11	12	12	12	22	11	11	12	12	21	22	11	21	21	11	21	11	12	12	22	22	22	12	11	11	12	12	21	12	12	12	11	11	22	22	22	11	12	22	22	12	22	11	12	12	22
109	0	20.029	41.702	12	12	11	11	22	22	12	21	11	21	12	12	12	11	22	12	21	22	12	21	12	12	21	12	21	11	21	11	12	12	12	11	11	22	11	22	22	21	21	22	21	22	11	12	12	12	22	11	11	12	12	21	22	11	21	21	11	21	11	12	12	22	22	22	12	11	11	12	12	21	12	12	12	11	11	22	22	22	11	12	22	22	12	22	11	12	12	22
114	0	20.029	41.702	12	12	11	11	22	22	12	21	11	21	12	12	12	11	22	12	21	22	12	21	12	12	21	12	21	11	21	11	12	12	12	11	11	22	11	22	22	21	21	22	21	22	11	12	12	12	22	11	11	12	12	21	22	11	21	21	11	21	11	12	12	22	22	22	12	11	11	12	12	21	12	12	12	11	11	22	22	22	11	12	22	22	12	22	11	12	12	22
111	0	20.029	41.702	12	12	11	11	22	22	12	21	11	21	12	12	12	11	22	12	21	22	12	21	12	12	21	12	21	11	21	11	12	12	12	11	11	22	11	22	22	21	21	22	21	22	11	12	12	12	22	11	11	12	12	21	22	11	21	21	11	21	11	12	12	22	22	22	12	11	11	12	12	21	12	12	12	11	11	22	22	22	11	12	22	22	12	22	11	12	12	22
119	0	20.029	41.702	12	12	11	11	22	22	12	21	11	21	12	12	12	11	22	12	21	22	12	21	12	12	21	12	21	11	21	11	12	12	12	11	11	22	11	22	22	21	21	22	21	22	11	12	12	12	22	11	11	12	12	21	22	11	21	21	11	21	11	12	12	22	22	22	12	11	11	12	12	21	12	12	12	11	11	22	22	22	11	12	22	22	12	22	11	12	12	22
108	0	21.206	42.878	12	12	11	11	22	22	12	21	11	21	12	12	11	11	22	12	21	22	12	21	12	12	21	12	21	11	21	11	12	12	12	11	11	22	11	22	22	21	21	22	21	22	11	12	12	12	22	11	11	12	12	21	22	11	21	21	11	11	11	12	12	22	22	22	12	11	11	12	12	21	12	12	12	11	11	22	22	22	11	12	22	22	12	22	11	12	12	22
107	0	21.206	42.878	12	12	11	11	22	22	12	21	11	21	12	12	11	11	22	12	21	22	12	21	12	12	21	12	21	11	21	11	12	12	12	11	11	22	11	22	22	21	21	22	21	22	11	12	12	12	22	11	11	12	12	21	22	11	21	21	11	11	11	12	12	22	22	22	12	11	11	12	12	21	12	12	12	11	11	22	22	22	11	12	22	22	12	22	11	12	12	22
105	0	21.206	44.055	12	12	11	11	22	22	12	21	11	21	12	12	11	11	22	12	21	22	12	21	12	12	21	12	21	11	21	11	12	12	12	11	11	22	11	22	22	21	21	22	21	22	11	12	12	12	22	11	11	12	12	21	22	11	21	22	11	11	11	12	12	22	22	22	12	11	11	12	12	21	12	12	12	11	11	22	22	22	11	12	22	22	12	22	11	12	12	22
106	0	21.206	44.055	12	12	11	11	22	22	12	21	11	21	12	12	11	11	22	12	21	22	12	21	12	12	21	12	21	11	21	11	12	12	12	11	11	22	11	22	22	21	21	22	21	22	11	12	12	12	22	11	11	12	12	21	22	11	21	22	11	11	11	12	12	22	22	22	12	11	11	12	12	21	12	12	12	11	11	22	22	22	11	12	22	22	12	22	11	12	12	22
104	0	21.206	45.231	12	12	11	11	22	22	12	21	11	21	12	12	11	11	22	12	21	22	12	21	12	12	21	12	21	11	21	11	12	12	12	11	11	22	11	22	22	21	21	22	21	22	12	12	12	12	22	11	11	12	12	21	22	11	21	22	11	11	11	12	12	22	22	22	12	11	11	12	12	21	12	12	12	11	11	22	22	22	11	12	22	22	12	22	11	12	12	22
102	0	21.206	45.231	12	12	11	11	22	22	12	21	11	21	12	12	11	11	22	12	21	22	12	21	12	12	21	12	21	11	21	11	12	12	12	11	11	22	11	22	22	21	21	22	21	22	12	12	12	12	22	11	11	12	12	21	22	11	21	22	11	11	11	12	12	22	22	22	12	11	11	12	12	21	12	12	12	11	11	22	22	22	11	12	22	22	12	22	11	12	12	22
103	0	21.206	45.231	12	12	11	11	22	22	12	21	11	21	12	12	11	11	22	12	21	22	12	21	12	12	21	12	21	11	21	11	12	12	12	11	11	22	11	22	22	21	21	22	21	22	12	12	12	12	22	11	11	12	12	21	22	11	21	22	11	11	11	12	12	22	22	22	12	11	11	12	12	21	12	12	12	11	11	22	22	22	11	12	22	22	12	22	11	12	12	22
101	0	21.206	46.408	12	12	11	11	22	22	12	21	11	21	12	12	11	11	22	12	21	22	12	22	12	12	21	12	21	11	21	11	12	12	12	11	11	22	11	22	22	21	21	22	21	22	12	12	12	12	22	11	11	12	12	21	22	11	21	22	11	11	11	12	12	22	22	22	12	11	11	12	12	21	12	12	12	11	11	22	22	22	11	12	22	22	12	22	11	12	12	22
100	0	21.206	46.408	12	12	11	11	22	22	12	21	11	21	12	12	11	11	22	12	21	22	12	22	12	12	21	12	21	11	21	11	12	12	12	11	11	22	11	22	22	21	21	22	21	22	12	12	12	12	22	11	11	12	12	21	22	11	21	22	11	11	11	12	12	22	22	22	12	11	11	12	12	21	12	12	12	11	11	22	22	22	11	12	22	22	12	22	11	12	12	22
99	0	21.206	46.408	12	12	11	11	22	22	12	21	11	21	12	12	11	11	22	12	21	22	12	22	12	12	21	12	21	11	21	11	12	12	12	11	11	22	11	22	22	21	21	22	21	22	12	12	12	12	22	11	11	12	12	21	22	11	21	22	11	11	11	12	12	22	22	22	12	11	11	12	12	21	12	12	12	11	11	22	22	22	11	12	22	22	12	22	11	12	12	22
98	0	21.206	46.408	12	12	11	11	22	22	12	21	11	21	12	12	11	11	22	12	21	22	12	22	12	12	21	12	21	11	21	11	12	12	12	11	11	22	11	22	22	21	21	22	21	22	12	12	12	12	22	11	11	12	12	21	22	11	21	22	11	11	11	12	12	22	22	22	12	11	11	12	12	21	12	12	12	11	11	22	22	22	11	12	22	22	12	22	11	12	12	22
94	0	22.382	47.584	12	12	11	11	22	22	12	21	11	21	12	12	11	11	22	12	21	22	12	22	12	12	21	12	21	11	21	11	12	12	12	11	11	22	11	22	22	21	21	22	21	22	12	12	12	22	22	11	11	12	12	21	22	11	21	22	11	11	11	12	12	22	22	22	12	11	11	12	12	21	12	12	12	11	11	21	22	22	11	12	22	22	12	22	11	12	12	22
97	0	22.382	47.584	12	12	11	11	22	22	12	21	11	21	12	12	11	11	22	12	21	22	12	22	12	12	21	12	21	11	21	11	12	12	12	11	11	22	11	22	22	21	21	22	21	22	12	12	12	22	22	11	11	12	12	21	22	11	21	22	11	11	11	12	12	22	22	22	12	11	11	12	12	21	12	12	12	11	11	21	22	22	11	12	22	22	12	22	11	12	12	22
96	0	22.382	47.584	12	12	11	11	22	22	12	21	11	21	12	12	11	11	22	12	21	22	12	22	12	12	21	12	21	11	21	11	12	12	12	11	11	22	11	22	22	21	21	22	21	22	12	12	12	22	22	11	11	12	12	21	22	11	21	22	11	11	11	12	12	22	22	22	12	11	11	12	12	21	12	12	12	11	11	21	22	22	11	12	22	22	12	22	11	12	12	22
95	0	22.382	47.584	12	12	11	11	22	22	12	21	11	21	12	12	11	11	22	12	21	22	12	22	12	12	21	12	21	11	21	11	12	12	12	11	11	22	11	22	22	21	21	22	21	22	12	12	12	22	22	11	11	12	12	21	22	11	21	22	11	11	11	12	12	22	22	22	12	11	11	12	12	21	12	12	12	11	11	21	22	22	11	12	22	22	12	22	11	12	12	22
92	0	24.764	48.761	12	12	11	11	22	22	12	21	11	21	12	12	11	11	22	12	21	22	12	22	12	12	21	12	21	11	21	11	12	12	12	11	11	22	11	22	22	21	21	22	21	22	12	12	12	22	12	11	11	12	12	21	22	11	11	22	11	11	11	12	12	22	22	22	12	11	11	12	12	21	12	12	12	11	11	21	21	22	11	12	22	22	12	22	11	12	12	22
93	0	24.764	48.761	12	12	11	11	22	22	12	21	11	21	12	12	11	11	22	12	21	22	12	22	12	12	21	12	21	11	21	11	12	12	12	11	11	22	11	22	22	21	21	22	21	22	12	12	12	22	12	11	11	12	12	21	22	11	11	22	11	11	11	12	12	22	22	22	12	11	11	12	12	21	12	12	12	11	11	21	21	22	11	12	22	22	12	22	11	12	12	22
86	0	24.764	51.142	12	12	11	11	22	22	12	21	11	21	12	12	11	11	22	12	21	22	12	22	12	12	21	12	21	11	21	11	12	12	12	11	11	22	11	22	22	21	22	22	22	22	12	12	12	22	12	11	11	12	12	21	22	11	11	22	11	11	11	12	12	22	22	22	12	11	11	12	12	21	12	12	12	11	11	21	21	22	11	12	22	22	12	22	11	12	12	22
91	0	24.764	51.142	12	12	11	11	22	22	12	21	11	21	12	12	11	11	22	12	21	22	12	22	12	12	21	12	21	11	21	11	12	12	12	11	11	22	11	22	22	21	22	22	22	22	12	12	12	22	12	11	11	12	12	21	22	11	11	22	11	11	11	12	12	22	22	22	12	11	11	12	12	21	12	12	12	11	11	21	21	22	11	12	22	22	12	22	11	12	12	22
90	0	24.764	52.319	12	12	11	11	22	21	12	21	11	21	12	12	11	11	22	12	21	22	12	22	12	12	21	12	21	11	21	11	12	12	12	11	11	22	11	22	22	21	22	22	22	22	12	12	12	22	12	11	11	12	12	21	22	11	11	22	11	11	11	12	12	22	22	22	12	11	11	12	12	21	12	12	12	11	11	21	21	22	11	12	22	22	12	22	11	12	12	22
89	0	24.764	52.319	12	12	11	11	22	21	12	21	11	21	12	12	11	11	22	12	21	22	12	22	12	12	21	12	21	11	21	11	12	12	12	11	11	22	11	22	22	21	22	22	22	22	12	12	12	22	12	11	11	12	12	21	22	11	11	22	11	11	11	12	12	22	22	22	12	11	11	12	12	21	12	12	12	11	11	21	21	22	11	12	22	22	12	22	11	12	12	22
88	0	24.764	52.319	12	12	11	11	22	21	12	21	11	21	12	12	11	11	22	12	21	22	12	22	12	12	21	12	21	11	21	11	12	12	12	11	11	22	11	22	22	21	22	22	22	22	12	12	12	22	12	11	11	12	12	21	22	11	11	22	11	11	11	12	12	22	22	22	12	11	11	12	12	21	12	12	12	11	11	21	21	22	11	12	22	22	12	22	11	12	12	22
87	0	24.764	52.319	12	12	11	11	22	21	12	21	11	21	12	12	11	11	22	12	21	22	12	22	12	12	21	12	21	11	21	11	12	12	12	11	11	22	11	22	22	21	22	22	22	22	12	12	12	22	12	11	11	12	12	21	22	11	11	22	11	11	11	12	12	22	22	22	12	11	11	12	12	21	12	12	12	11	11	21	21	22	11	12	22	22	12	22	11	12	12	22
85	0	25.940	52.319	12	12	11	11	22	21	12	21	11	21	12	12	11	11	22	12	21	22	12	22	12	12	21	12	21	11	21	11	12	12	12	11	11	22	11	22	22	21	22	22	22	22	12	12	12	22	12	11	11	12	12	21	22	11	11	22	11	11	11	12	12	22	22	22	12	11	11	12	12	21	12	12	12	11	11	21	21	22	11	12	22	22	12	12	11	12	12	22
84	0	25.940	52.319	12	12	11	11	22	21	12	21	11	21	12	12	11	11	22	12	21	22	12	22	12	12	21	12	21	11	21	11	12	12	12	11	11	22	11	22	22	21	22	22	22	22	12	12	12	22	12	11	11	12	12	21	22	11	11	22	11	11	11	12	12	22	22	22	12	11	11	12	12	21	12	12	12	11	11	21	21	22	11	12	22	22	12	12	11	12	12	22
83	0	25.940	53.495	12	12	11	11	22	21	12	21	11	21	12	12	11	11	22	12	21	22	12	22	12	12	21	12	21	11	21	11	12	12	12	11	12	22	11	22	22	21	22	22	22	22	12	12	12	22	12	11	11	12	12	21	22	11	11	22	11	11	11	12	12	22	22	22	12	11	11	12	12	21	12	12	12	11	11	21	21	22	11	12	22	22	12	12	11	12	12	22
77	0	25.940	55.877	12	12	11	11	21	21	12	21	11	21	12	12	11	11	22	12	21	22	12	22	12	12	21	12	21	11	21	11	12	12	12	11	12	22	11	22	22	21	22	22	22	22	12	12	12	21	12	11	11	12	12	21	22	11	11	22	11	11	11	12	12	22	22	22	12	11	11	12	12	21	12	12	12	11	11	21	21	22	11	12	22	22	12	12	11	12	12	22
82	0	25.940	55.877	12	12	11	11	21	21	12	21	11	21	12	12	11	11	22	12	21	22	12	22	12	12	21	12	21	11	21	11	12	12	12	11	12	22	11	22	22	21	22	22	22	22	12	12	12	21	12	11	11	12	12	21	22	11	11	22	11	11	11	12	12	22	22	22	12	11	11	12	12	21	12	12	12	11	11	21	21	22	11	12	22	22	12	12	11	12	12	22
79	0	25.940	55.877	12	12	11	11	21	21	12	21	11	21	12	12	11	11	22	12	21	22	12	22	12	12	21	12	21	11	21	11	12	12	12	11	12	22	11	22	22	21	22	22	22	22	12	12	12	21	12	11	11	12	12	21	22	11	11	22	11	11	11	12	12	22	22	22	12	11	11	12	12	21	12	12	12	11	11	21	21	22	11	12	22	22	12	12	11	12	12	22
78	0	25.940	55.877	12	12	11	11	21	21	12	21	11	21	12	12	11	11	22	12	21	22	12	22	12	12	21	12	21	11	21	11	12	12	12	11	12	22	11	22	22	21	22	22	22	22	12	12	12	21	12	11	11	12	12	21	22	11	11	22	11	11	11	12	12	22	22	22	12	11	11	12	12	21	12	12	12	11	11	21	21	22	11	12	22	22	12	12	11	12	12	22
76	0	25.940	55.877	12	12	11	11	21	21	12	21	11	21	12	12	11	11	22	12	21	22	12	22	12	12	21	12	21	11	21	11	12	12	12	11	12	22	11	22	22	21	22	22	22	22	12	12	12	21	12	11	11	12	12	21	22	11	11	22	11	11	11	12	12	22	22	22	12	11	11	12	12	21	12	12	12	11	11	21	21	22	11	12	22	22	12	12	11	12	12	22
81	0	25.940	55.877	12	12	11	11	21	21	12	21	11	21	12	12	11	11	22	12	21	22	12	22	12	12	21	12	21	11	21	11	12	12	12	11	12	22	11	22	22	21	22	22	22	22	12	12	12	21	12	11	11	12	12	21	22	11	11	22	11	11	11	12	12	22	22	22	12	11	11	12	12	21	12	12	12	11	11	21	21	22	11	12	22	22	12	12	11	12	12	22
80	0	25.940	55.877	12	12	11	11	21	21	12	21	11	21	12	12	11	11	22	12	21	22	12	22	12	12	21	12	21	11	21	11	12	12	12	11	12	22	11	22	22	21	22	22	22	22	12	12	12	21	12	11	11	12	12	21	22	11	11	22	11	11	11	12	12	22	22	22	12	11	11	12	12	21	12	12	12	11	11	21	21	22	11	12	22	22	12	12	11	12	12	22
75	0	25.940	57.053	12	12	11	11	21	21	12	21	11	21	12	12	11	11	22	12	21	22	12	22	12	12	21	12	21	11	21	11	12	12	12	11	12	22	11	22	22	21	22	22	22	22	12	12	12	21	12	11	11	12	12	21	22	11	11	22	11	11	12	12	12	22	22	22	12	11	11	12	12	21	12	12	12	11	11	21	21	22	11	12	22	22	12	12	11	12	12	22
74	0	25.940	57.053	12	12	11	11	21	21	12	21	11	21	12	12	11	11	22	12	21	22	12	22	12	12	21	12	21	11	21	11	12	12	12	11	12	22	11	22	22	21	22	22	22	22	12	12	12	21	12	11	11	12	12	21	22	11	11	22	11	11	12	12	12	22	22	22	12	11	11	12	12	21	12	12	12	11	11	21	21	22	11	12	22	22	12	12	11	12	12	22
73	0	28.322	57.053	12	12	11	11	21	21	12	21	11	21	12	12	11	11	22	12	21	22	12	22	12	12	21	12	21	11	21	11	12	12	12	11	12	22	11	22	22	21	12	22	12	22	12	12	12	21	12	11	11	12	12	21	22	11	11	22	11	11	12	12	12	22	22	22	12	11	11	12	12	21	12	12	12	11	11	21	21	22	11	12	22	22	12	12	11	12	12	22
72	0	28.322	57.053	12	12	11	11	21	21	12	21	11	21	12	12	11	11	22	12	21	22	12	22	12	12	21	12	21	11	21	11	12	12	12	11	12	22	11	22	22	21	12	22	12	22	12	12	12	21	12	11	11	12	12	21	22	11	11	22	11	11	12	12	12	22	22	22	12	11	11	12	12	21	12	12	12	11	11	21	21	22	11	12	22	22	12	12	11	12	12	22
63	0	28.322	58.230	12	12	11	11	21	21	12	21	11	21	12	12	11	11	22	12	21	22	12	22	12	12	21	12	21	11	21	11	12	12	12	11	12	22	11	22	22	21	12	22	12	22	12	12	12	21	12	11	11	12	12	21	22	11	11	22	11	11	12	12	12	22	22	22	12	11	11	12	12	21	12	12	12	11	11	21	21	22	11	12	21	22	12	12	11	12	12	22
59	0	28.322	58.230	12	12	11	11	21	21	12	21	11	21	12	12	11	11	22	12	21	22	12	22	12	12	21	12	21	11	21	11	12	12	12	11	12	22	11	22	22	21	12	22	12	22	12	12	12	21	12	11	11	12	12	21	22	11	11	22	11	11	12	12	12	22	22	22	12	11	11	12	12	21	12	12	12	11	11	21	21	22	11	12	21	22	12	12	11	12	12	22
69	0	28.322	58.230	12	12	11	11	21	21	12	21	11	21	12	12	11	11	22	12	21	22	12	22	12	12	21	12	21	11	21	11	12	12	12	11	12	22	11	22	22	21	12	22	12	22	12	12	12	21	12	11	11	12	12	21	22	11	11	22	11	11	12	12	12	22	22	22	12	11	11	12	12	21	12	12	12	11	11	21	21	22	11	12	21	22	12	12	11	12	12	22
70	0	28.322	58.230	12	12	11	11	21	21	12	21	11	21	12	12	11	11	22	12	21	22	12	22	12	12	21	12	21	11	21	11	12	12	12	11	12	22	11	22	22	21	12	22	12	22	12	12	12	21	12	11	11	12	12	21	22	11	11	22	11	11	12	12	12	22	22	22	12	11	11	12	12	21	12	12	12	11	11	21	21	22	11	12	21	22	12	12	11	12	12	22
68	0	28.322	58.230	12	12	11	11	21	21	12	21	11	21	12	12	11	11	22	12	21	22	12	22	12	12	21	12	21	11	21	11	12	12	12	11	12	22	11	22	22	21	12	22	12	22	12	12	12	21	12	11	11	12	12	21	22	11	11	22	11	11	12	12	12	22	22	22	12	11	11	12	12	21	12	12	12	11	11	21	21	22	11	12	21	22	12	12	11	12	12	22
67	0	28.322	58.230	12	12	11	11	21	21	12	21	11	21	12	12	11	11	22	12	21	22	12	22	12	12	21	12	21	11	21	11	12	12	12	11	12	22	11	22	22	21	12	22	12	22	12	12	12	21	12	11	11	12	12	21	22	11	11	22	11	11	12	12	12	22	22	22	12	11	11	12	12	21	12	12	12	11	11	21	21	22	11	12	21	22	12	12	11	12	12	22
64	0	28.322	58.230	12	12	11	11	21	21	12	21	11	21	12	12	11	11	22	12	21	22	12	22	12	12	21	12	21	11	21	11	12	12	12	11	12	22	11	22	22	21	12	22	12	22	12	12	12	21	12	11	11	12	12	21	22	11	11	22	11	11	12	12	12	22	22	22	12	11	11	12	12	21	12	12	12	11	11	21	21	22	11	12	21	22	12	12	11	12	12	22
66	0	29.498	58.230	12	12	11	11	21	21	12	11	11	21	12	12	11	11	22	12	21	22	12	22	12	12	21	12	21	11	21	11	12	12	12	11	12	22	11	22	22	21	12	22	12	22	12	12	12	21	12	11	11	12	12	21	22	11	11	22	11	11	12	12	12	22	22	22	12	11	11	12	12	21	12	12	12	11	11	21	21	22	11	12	21	22	12	12	11	12	12	22
71	0	29.498	58.230	12	12	11	11	21	21	12	11	11	21	12	12	11	11	22	12	21	22	12	22	12	12	21	12	21	11	21	11	12	12	12	11	12	22	11	22	22	21	12	22	12	22	12	12	12	21	12	11	11	12	12	21	22	11	11	22	11	11	12	12	12	22	22	22	12	11	11	12	12	21	12	12	12	11	11	21	21	22	11	12	21	22	12	12	11	12	12	22
60	0	29.498	58.230	12	12	11	11	21	21	12	11	11	21	12	12	11	11	22	12	21	22	12	22	12	12	21	12	21	11	21	11	12	12	12	11	12	22	11	22	22	21	12	22	12	22	12	12	12	21	12	11	11	12	12	21	22	11	11	22	11	11	12	12	12	22	22	22	12	11	11	12	12	21	12	12	12	11	11	21	21	22	11	12	21	22	12	12	11	12	12	22
61	0	30.675	58.230	12	12	11	11	11	21	12	11	11	21	12	12	11	11	22	12	21	22	12	22	12	12	21	12	21	11	21	11	12	12	12	11	12	22	11	22	22	21	12	22	12	22	12	12	12	21	12	11	11	12	12	21	22	11	11	22	11	11	12	12	12	22	22	22	12	11	11	12	12	21	12	12	12	11	11	21	21	22	11	12	21	22	12	12	11	12	12	22
62	0	30.675	58.230	12	12	11	11	11	21	12	11	11	21	12	12	11	11	22	12	21	22	12	22	12	12	21	12	21	11	21	11	12	12	12	11	12	22	11	22	22	21	12	22	12	22	12	12	12	21	12	11	11	12	12	21	22	11	11	22	11	11	12	12	12	22	22	22	12	11	11	12	12	21	12	12	12	11	11	21	21	22	11	12	21	22	12	12	11	12	12	22
65	0	31.851	58.230	12	12	11	11	11	21	12	11	11	11	12	12	11	11	22	12	21	22	12	22	12	12	21	12	21	11	21	11	12	12	12	11	12	22	11	22	22	21	12	22	12	22	12	12	12	21	12	11	11	12	12	21	22	11	11	22	11	11	12	12	12	22	22	22	12	11	11	12	12	21	12	12	12	11	11	21	21	22	11	12	21	22	12	12	11	12	12	22
57	0	33.028	60.611	12	12	11	11	11	21	12	21	11	11	12	12	11	11	22	12	21	22	12	22	12	12	21	12	21	11	21	11	12	12	12	11	12	22	11	22	22	21	12	22	12	22	12	12	12	21	12	12	11	12	12	21	22	11	11	22	11	11	12	12	12	22	22	22	12	11	11	12	12	22	12	12	12	11	11	21	21	22	11	12	21	22	12	12	11	12	12	22
58	0	33.028	60.611	12	12	11	11	11	21	12	21	11	11	12	12	11	11	22	12	21	22	12	22	12	12	21	12	21	11	21	11	12	12	12	11	12	22	11	22	22	21	12	22	12	22	12	12	12	21	12	12	11	12	12	21	22	11	11	22	11	11	12	12	12	22	22	22	12	11	11	12	12	22	12	12	12	11	11	21	21	22	11	12	21	22	12	12	11	12	12	22
55	0	34.204	61.788	12	12	11	11	11	21	12	21	11	11	12	12	11	11	22	12	21	22	12	22	12	12	21	12	11	11	21	11	12	12	12	11	12	22	11	22	22	21	12	22	12	22	12	12	12	21	12	12	11	12	12	21	22	11	11	22	11	11	12	12	12	22	22	22	12	11	11	12	12	22	12	12	12	11	11	21	21	22	11	12	21	22	12	12	11	12	12	21
56	0	34.204	61.788	12	12	11	11	11	21	12	21	11	11	12	12	11	11	22	12	21	22	12	22	12	12	21	12	11	11	21	11	12	12	12	11	12	22	11	22	22	21	12	22	12	22	12	12	12	21	12	12	11	12	12	21	22	11	11	22	11	11	12	12	12	22	22	22	12	11	11	12	12	22	12	12	12	11	11	21	21	22	11	12	21	22	12	12	11	12	12	21
54	0	34.204	62.964	12	12	11	11	11	21	12	21	11	11	12	12	11	11	22	12	21	22	12	22	12	12	21	12	11	11	21	11	12	12	12	11	12	22	11	22	22	21	12	22	12	21	12	12	12	21	12	12	11	12	12	21	22	11	11	22	11	11	12	12	12	22	22	22	12	11	11	12	12	22	12	12	12	11	11	21	21	22	11	12	21	22	12	12	11	12	12	21
46	0	35.381	64.141	12	12	11	11	11	21	12	21	11	11	12	12	11	11	22	12	21	22	12	22	12	12	11	12	11	11	21	11	12	12	12	11	12	22	11	22	22	21	12	22	12	21	12	12	12	21	12	12	11	12	12	21	22	11	11	22	12	11	12	12	12	22	22	22	12	11	11	12	12	22	12	12	12	11	11	21	21	22	11	12	21	22	12	12	11	12	12	21
47	0	35.381	64.141	12	12	11	11	11	21	12	21	11	11	12	12	11	11	22	12	21	22	12	22	12	12	11	12	11	11	21	11	12	12	12	11	12	22	11	22	22	21	12	22	12	21	12	12	12	21	12	12	11	12	12	21	22	11	11	22	12	11	12	12	12	22	22	22	12	11	11	12	12	22	12	12	12	11	11	21	21	22	11	12	21	22	12	12	11	12	12	21
48	0	35.381	64.141	12	12	11	11	11	21	12	21	11	11	12	12	11	11	22	12	21	22	12	22	12	12	11	12	11	11	21	11	12	12	12	11	12	22	11	22	22	21	12	22	12	21	12	12	12	21	12	12	11	12	12	21	22	11	11	22	12	11	12	12	12	22	22	22	12	11	11	12	12	22	12	12	12	11	11	21	21	22	11	12	21	22	12	12	11	12	12	21
49	0	35.381	64.141	12	12	11	11	11	21	12	21	11	11	12	12	11	11	22	12	21	22	12	22	12	12	11	12	11	11	21	11	12	12	12	11	12	22	11	22	22	21	12	22	12	21	12	12	12	21	12	12	11	12	12	21	22	11	11	22	12	11	12	12	12	22	22	22	12	11	11	12	12	22	12	12	12	11	11	21	21	22	11	12	21	22	12	12	11	12	12	21
50	0	35.381	65.317	12	12	11	11	11	21	12	21	11	11	12	12	11	11	22	12	21	22	12	22	12	12	12	12	11	11	21	11	12	12	12	11	12	22	11	22	22	21	12	22	12	21	12	12	12	21	12	12	11	12	12	21	22	11	11	22	12	11	12	12	12	22	22	22	12	11	11	12	12	22	12	12	12	11	11	21	21	22	11	12	21	22	12	12	11	12	12	21
53	0	35.381	65.317	12	12	11	11	11	21	12	21	11	11	12	12	11	11	22	12	21	22	12	22	12	12	12	12	11	11	21	11	12	12	12	11	12	22	11	22	22	21	12	22	12	21	12	12	12	21	12	12	11	12	12	21	22	11	11	22	12	11	12	12	12	22	22	22	12	11	11	12	12	22	12	12	12	11	11	21	21	22	11	12	21	22	12	12	11	12	12	21
45	0	35.381	65.317	12	12	11	11	11	21	12	21	11	11	12	12	11	11	22	12	21	22	12	22	12	12	12	12	11	11	21	11	12	12	12	11	12	22	11	22	22	21	12	22	12	21	12	12	12	21	12	12	11	12	12	21	22	11	11	22	12	11	12	12	12	22	22	22	12	11	11	12	12	22	12	12	12	11	11	21	21	22	11	12	21	22	12	12	11	12	12	21
51	0	35.381	65.317	12	12	11	11	11	21	12	21	11	11	12	12	11	11	22	12	21	22	12	22	12	12	12	12	11	11	21	11	12	12	12	11	12	22	11	22	22	21	12	22	12	21	12	12	12	21	12	12	11	12	12	21	22	11	11	22	12	11	12	12	12	22	22	22	12	11	11	12	12	22	12	12	12	11	11	21	21	22	11	12	21	22	12	12	11	12	12	21
52	0	35.381	65.317	12	12	11	11	11	21	12	21	11	11	12	12	11	11	22	12	21	22	12	22	12	12	12	12	11	11	21	11	12	12	12	11	12	22	11	22	22	21	12	22	12	21	12	12	12	21	12	12	11	12	12	21	22	11	11	22	12	11	12	12	12	22	22	22	12	11	11	12	12	22	12	12	12	11	11	21	21	22	11	12	21	22	12	12	11	12	12	21
43	0	35.381	67.698	12	12	11	11	11	21	12	21	11	11	11	12	11	11	22	12	21	22	12	22	12	12	12	12	11	11	21	11	12	12	12	11	12	22	11	22	22	22	12	22	12	21	12	12	12	21	12	12	11	12	12	21	22	11	11	22	12	11	12	12	12	22	22	22	12	11	11	12	12	22	12	12	12	11	11	21	21	22	11	12	21	22	12	12	11	12	12	21
42	0	35.381	67.698	12	12	11	11	11	21	12	21	11	11	11	12	11	11	22	12	21	22	12	22	12	12	12	12	11	11	21	11	12	12	12	11	12	22	11	22	22	22	12	22	12	21	12	12	12	21	12	12	11	12	12	21	22	11	11	22	12	11	12	12	12	22	22	22	12	11	11	12	12	22	12	12	12	11	11	21	21	22	11	12	21	22	12	12	11	12	12	21
44	0	35.381	67.698	12	12	11	11	11	21	12	21	11	11	11	12	11	11	22	12	21	22	12	22	12	12	12	12	11	11	21	11	12	12	12	11	12	22	11	22	22	22	12	22	12	21	12	12	12	21	12	12	11	12	12	21	22	11	11	22	12	11	12	12	12	22	22	22	12	11	11	12	12	22	12	12	12	11	11	21	21	22	11	12	21	22	12	12	11	12	12	21
39	0	36.557	70.080	12	12	11	11	11	21	12	22	11	12	11	12	11	11	22	12	21	22	12	22	12	12	12	12	11	11	21	11	12	12	12	11	12	22	11	22	22	22	12	22	12	21	12	12	12	11	12	12	11	12	12	21	22	11	11	22	12	11	12	12	12	22	22	22	12	11	11	12	12	22	12	12	12	11	11	21	21	22	11	12	21	22	12	12	11	12	12	21
41	0	36.557	70.080	12	12	11	11	11	21	12	22	11	12	11	12	11	11	22	12	21	22	12	22	12	12	12	12	11	11	21	11	12	12	12	11	12	22	11	22	22	22	12	22	12	21	12	12	12	11	12	12	11	12	12	21	22	11	11	22	12	11	12	12	12	22	22	22	12	11	11	12	12	22	12	12	12	11	11	21	21	22	11	12	21	22	12	12	11	12	12	21
36	0	36.557	71.256	12	12	11	11	11	21	12	22	11	12	11	12	11	11	22	12	21	22	12	22	12	12	12	12	11	11	21	11	12	12	12	11	12	22	11	22	22	22	12	21	12	21	12	12	12	11	12	12	11	12	12	21	22	11	11	22	12	11	12	12	12	22	22	22	12	11	11	12	12	22	12	12	12	11	11	21	21	22	11	12	21	22	12	12	11	12	12	21
38	0	36.557	71.256	12	12	11	11	11	21	12	22	11	12	11	12	11	11	22	12	21	22	12	22	12	12	12	12	11	11	21	11	12	12	12	11	12	22	11	22	22	22	12	21	12	21	12	12	12	11	12	12	11	12	12	21	22	11	11	22	12	11	12	12	12	22	22	22	12	11	11	12	12	22	12	12	12	11	11	21	21	22	11	12	21	22	12	12	11	12	12	21
40	0	36.557	71.256	12	12	11	11	11	21	12	22	11	12	11	12	11	11	22	12	21	22	12	22	12	12	12	12	11	11	21	11	12	12	12	11	12	22	11	22	22	22	12	21	12	21	12	12	12	11	12	12	11	12	12	21	22	11	11	22	12	11	12	12	12	22	22	22	12	11	11	12	12	22	12	12	12	11	11	21	21	22	11	12	21	22	12	12	11	12	12	21
37	0	36.557	71.256	12	12	11	11	11	21	12	22	11	12	11	12	11	11	22	12	21	22	12	22	12	12	12	12	11	11	21	11	12	12	12	11	12	22	11	22	22	22	12	21	12	21	12	12	12	11	12	12	11	12	12	21	22	11	11	22	12	11	12	12	12	22	22	22	12	11	11	12	12	22	12	12	12	11	11	21	21	22	11	12	21	22	12	12	11	12	12	21
31	0	38.939	76.138	12	12	11	11	11	11	12	12	11	12	11	12	11	11	21	12	21	22	12	22	12	12	12	12	11	11	21	12	12	12	12	11	12	22	11	22	21	22	12	21	12	21	12	12	12	11	12	12	11	12	12	21	22	11	11	22	12	11	12	12	12	22	22	22	11	11	11	12	12	22	12	12	12	11	11	21	21	22	11	12	21	22	12	12	11	12	12	21
33	0	38.939	76.138	12	12	11	11	11	11	12	12	11	12	11	12	11	11	21	12	21	22	12	22	12	12	12	12	11	11	21	12	12	12	12	11	12	22	11	22	21	22	12	21	12	21	12	12	12	11	12	12	11	12	12	21	22	11	11	22	12	11	12	12	12	22	22	22	11	11	11	12	12	22	12	12	12	11	11	21	21	22	11	12	21	22	12	12	11	12	12	21
32	0	38.939	76.138	12	12	11	11	11	11	12	12	11	12	11	12	11	11	21	12	21	22	12	22	12	12	12	12	11	11	21	12	12	12	12	11	12	22	11	22	21	22	12	21	12	21	12	12	12	11	12	12	11	12	12	21	22	11	11	22	12	11	12	12	12	22	22	22	11	11	11	12	12	22	12	12	12	11	11	21	21	22	11	12	21	22	12	12	11	12	12	21
34	0	40.115	77.315	12	12	11	11	11	11	12	12	11	12	11	12	11	11	21	12	21	22	12	22	12	12	12	12	11	11	21	22	12	12	12	11	12	22	11	22	21	22	12	21	12	21	12	12	12	11	12	12	11	12	12	21	22	11	11	22	12	11	12	12	12	22	22	22	11	11	11	12	12	22	12	12	12	11	11	21	21	22	11	12	22	22	12	12	11	12	12	21
35	0	40.115	77.315	12	12	11	11	11	11	12	12	11	12	11	12	11	11	21	12	21	22	12	22	12	12	12	12	11	11	21	22	12	12	12	11	12	22	11	22	21	22	12	21	12	21	12	12	12	11	12	12	11	12	12	21	22	11	11	22	12	11	12	12	12	22	22	22	11	11	11	12	12	22	12	12	12	11	11	21	21	22	11	12	22	22	12	12	11	12	12	21
25	0	40.115	78.491	12	12	11	11	11	11	12	12	11	12	11	12	11	11	21	12	21	22	12	22	12	12	12	12	11	11	21	22	12	12	12	11	12	22	11	22	21	22	12	21	12	22	12	12	12	11	12	12	11	12	12	21	22	11	11	22	12	11	12	12	12	22	22	22	11	11	11	12	12	22	12	12	12	11	11	21	21	22	11	12	22	22	12	12	11	12	12	21
24	0	40.115	78.491	12	12	11	11	11	11	12	12	11	12	11	12	11	11	21	12	21	22	12	22	12	12	12	12	11	11	21	22	12	12	12	11	12	22	11	22	21	22	12	21	12	22	12	12	12	11	12	12	11	12	12	21	22	11	11	22	12	11	12	12	12	22	22	22	11	11	11	12	12	22	12	12	12	11	11	21	21	22	11	12	22	22	12	12	11	12	12	21
26	0	40.115	78.491	12	12	11	11	11	11	12	12	11	12	11	12	11	11	21	12	21	22	12	22	12	12	12	12	11	11	21	22	12	12	12	11	12	22	11	22	21	22	12	21	12	22	12	12	12	11	12	12	11	12	12	21	22	11	11	22	12	11	12	12	12	22	22	22	11	11	11	12	12	22	12	12	12	11	11	21	21	22	11	12	22	22	12	12	11	12	12	21
30	0	41.292	78.491	12	12	11	11	11	11	12	12	11	12	11	12	11	11	21	12	21	22	12	22	12	12	12	12	11	11	21	22	12	12	12	11	12	22	11	22	21	22	12	21	12	22	12	12	12	11	12	12	11	12	12	21	22	11	11	22	12	11	12	12	12	22	22	22	11	11	11	12	12	22	12	12	12	11	11	21	21	22	11	12	12	22	12	12	11	12	12	21
27	0	41.292	78.491	12	12	11	11	11	11	12	12	11	12	11	12	11	11	21	12	21	22	12	22	12	12	12	12	11	11	21	22	12	12	12	11	12	22	11	22	21	22	12	21	12	22	12	12	12	11	12	12	11	12	12	21	22	11	11	22	12	11	12	12	12	22	22	22	11	11	11	12	12	22	12	12	12	11	11	21	21	22	11	12	12	22	12	12	11	12	12	21
29	0	41.292	78.491	12	12	11	11	11	11	12	12	11	12	11	12	11	11	21	12	21	22	12	22	12	12	12	12	11	11	21	22	12	12	12	11	12	22	11	22	21	22	12	21	12	22	12	12	12	11	12	12	11	12	12	21	22	11	11	22	12	11	12	12	12	22	22	22	11	11	11	12	12	22	12	12	12	11	11	21	21	22	11	12	12	22	12	12	11	12	12	21
23	0	41.292	78.491	12	12	11	11	11	11	12	12	11	12	11	12	11	11	21	12	21	22	12	22	12	12	12	12	11	11	21	22	12	12	12	11	12	22	11	22	21	22	12	21	12	22	12	12	12	11	12	12	11	12	12	21	22	11	11	22	12	11	12	12	12	22	22	22	11	11	11	12	12	22	12	12	12	11	11	21	21	22	11	12	12	22	12	12	11	12	12	21
28	0	41.292	78.491	12	12	11	11	11	11	12	12	11	12	11	12	11	11	21	12	21	22	12	22	12	12	12	12	11	11	21	22	12	12	12	11	12	22	11	22	21	22	12	21	12	22	12	12	12	11	12	12	11	12	12	21	22	11	11	22	12	11	12	12	12	22	22	22	11	11	11	12	12	22	12	12	12	11	11	21	21	22	11	12	12	22	12	12	11	12	12	21
22	0	43.673	78.491	12	12	11	11	11	11	12	12	11	12	11	12	11	11	21	12	21	22	12	22	12	12	12	12	11	11	21	22	12	12	12	11	12	22	11	12	21	22	12	21	12	22	12	12	12	11	12	12	11	12	12	21	22	11	11	22	12	11	12	12	12	22	22	22	11	11	11	12	12	12	12	12	12	11	11	21	21	22	11	12	12	22	12	12	11	12	12	21
21	0	43.673	78.491	12	12	11	11	11	11	12	12	11	12	11	12	11	11	21	12	21	22	12	22	12	12	12	12	11	11	21	22	12	12	12	11	12	22	11	12	21	22	12	21	12	22	12	12	12	11	12	12	11	12	12	21	22	11	11	22	12	11	12	12	12	22	22	22	11	11	11	12	12	12	12	12	12	11	11	21	21	22	11	12	12	22	12	12	11	12	12	21
20	0	43.673	78.491	12	12	11	11	11	11	12	12	11	12	11	12	11	11	21	12	21	22	12	22	12	12	12	12	11	11	21	22	12	12	12	11	12	22	11	12	21	22	12	21	12	22	12	12	12	11	12	12	11	12	12	21	22	11	11	22	12	11	12	12	12	22	22	22	11	11	11	12	12	12	12	12	12	11	11	21	21	22	11	12	12	22	12	12	11	12	12	21
19	0	43.673	79.668	12	12	11	11	11	11	12	12	11	12	11	12	11	11	21	12	21	22	12	22	12	12	12	12	11	11	21	22	12	12	12	11	12	22	11	12	21	22	12	21	12	22	12	12	12	11	12	12	11	12	12	21	22	11	11	22	12	11	12	12	12	22	22	22	11	11	11	12	12	12	12	12	12	11	11	21	22	22	11	12	12	22	12	12	11	12	12	21
17	0	44.850	80.844	12	12	11	11	11	11	12	12	11	12	11	12	11	11	21	12	21	22	12	22	12	12	12	12	11	11	21	22	12	12	12	11	12	22	11	12	21	22	12	21	12	22	22	12	12	11	12	12	11	12	12	21	22	11	11	22	12	11	12	12	12	22	22	22	11	11	12	12	12	12	12	12	12	11	11	21	22	22	11	12	12	22	12	12	11	12	12	21
16	0	44.850	80.844	12	12	11	11	11	11	12	12	11	12	11	12	11	11	21	12	21	22	12	22	12	12	12	12	11	11	21	22	12	12	12	11	12	22	11	12	21	22	12	21	12	22	22	12	12	11	12	12	11	12	12	21	22	11	11	22	12	11	12	12	12	22	22	22	11	11	12	12	12	12	12	12	12	11	11	21	22	22	11	12	12	22	12	12	11	12	12	21
18	0	44.850	80.844	12	12	11	11	11	11	12	12	11	12	11	12	11	11	21	12	21	22	12	22	12	12	12	12	11	11	21	22	12	12	12	11	12	22	11	12	21	22	12	21	12	22	22	12	12	11	12	12	11	12	12	21	22	11	11	22	12	11	12	12	12	22	22	22	11	11	12	12	12	12	12	12	12	11	11	21	22	22	11	12	12	22	12	12	11	12	12	21
14	0	44.850	82.021	12	12	11	11	11	11	12	12	11	12	11	12	11	12	21	12	21	22	12	22	12	12	12	12	11	11	21	22	12	12	12	11	12	22	11	12	21	22	12	21	12	22	22	12	12	11	12	12	11	12	12	21	22	11	11	22	12	11	12	12	12	22	22	22	11	11	12	12	12	12	12	12	12	11	11	21	22	22	11	12	12	22	12	12	11	12	12	21
15	0	44.850	82.021	12	12	11	11	11	11	12	12	11	12	11	12	11	12	21	12	21	22	12	22	12	12	12	12	11	11	21	22	12	12	12	11	12	22	11	12	21	22	12	21	12	22	22	12	12	11	12	12	11	12	12	21	22	11	11	22	12	11	12	12	12	22	22	22	11	11	12	12	12	12	12	12	12	11	11	21	22	22	11	12	12	22	12	12	11	12	12	21
13	0	44.850	82.021	12	12	11	11	11	11	12	12	11	12	11	12	11	12	21	12	21	22	12	22	12	12	12	12	11	11	21	22	12	12	12	11	12	22	11	12	21	22	12	21	12	22	22	12	12	11	12	12	11	12	12	21	22	11	11	22	12	11	12	12	12	22	22	22	11	11	12	12	12	12	12	12	12	11	11	21	22	22	11	12	12	22	12	12	11	12	12	21
11	0	46.026	83.197	12	12	11	11	11	11	12	12	11	12	11	12	11	12	21	12	21	22	12	22	12	12	12	12	11	11	21	22	12	12	12	11	12	22	11	12	21	22	12	21	12	22	22	12	12	11	22	12	11	12	12	21	22	11	11	22	12	11	12	12	12	22	22	22	11	11	12	12	12	12	12	12	12	11	12	21	22	22	11	12	12	22	12	12	11	12	12	21
12	0	46.026	83.197	12	12	11	11	11	11	12	12	11	12	11	12	11	12	21	12	21	22	12	22	12	12	12	12	11	11	21	22	12	12	12	11	12	22	11	12	21	22	12	21	12	22	22	12	12	11	22	12	11	12	12	21	22	11	11	22	12	11	12	12	12	22	22	22	11	11	12	12	12	12	12	12	12	11	12	21	22	22	11	12	12	22	12	12	11	12	12	21
9	0	48.408	85.579	12	12	11	11	11	11	12	12	11	12	11	12	11	12	21	22	11	22	12	22	12	12	12	12	11	11	21	22	12	12	12	11	12	22	11	12	21	22	12	21	12	22	22	12	12	12	22	12	11	12	12	22	22	11	11	22	12	11	12	12	12	22	22	22	11	11	12	12	12	12	12	12	12	11	12	21	22	22	11	12	12	22	12	12	11	12	12	21
10	0	48.408	85.579	12	12	11	11	11	11	12	12	11	12	11	12	11	12	21	22	11	22	12	22	12	12	12	12	11	11	21	22	12	12	12	11	12	22	11	12	21	22	12	21	12	22	22	12	12	12	22	12	11	12	12	22	22	11	11	22	12	11	12	12	12	22	22	22	11	11	12	12	12	12	12	12	12	11	12	21	22	22	11	12	12	22	12	12	11	12	12	21
8	0	49.584	87.960	12	12	11	11	11	11	12	12	11	12	11	12	11	12	21	22	11	22	12	22	12	11	12	12	11	11	21	22	12	12	12	11	22	22	11	12	21	22	12	21	12	22	22	12	12	12	22	12	11	12	12	22	22	11	11	22	12	12	12	12	12	22	22	22	11	11	12	12	12	12	12	12	12	11	12	21	22	22	11	12	12	22	12	12	11	12	12	21
7	0	49.584	87.960	12	12	11	11	11	11	12	12	11	12	11	12	11	12	21	22	11	22	12	22	12	11	12	12	11	11	21	22	12	12	12	11	22	22	11	12	21	22	12	21	12	22	22	12	12	12	22	12	11	12	12	22	22	11	11	22	12	12	12	12	12	22	22	22	11	11	12	12	12	12	12	12	12	11	12	21	22	22	11	12	12	22	12	12	11	12	12	21
5	0	49.584	90.342	12	12	11	11	11	11	12	12	11	12	11	12	11	12	21	22	11	22	12	22	12	11	12	12	11	11	21	22	12	12	12	11	22	22	11	12	21	22	12	21	12	22	22	12	12	12	22	12	11	11	12	22	22	11	12	22	12	12	12	12	12	22	22	22	11	11	12	12	12	12	12	12	12	11	12	21	22	22	11	12	12	22	12	12	11	12	12	21
4	0	49.584	90.342	12	12	11	11	11	11	12	12	11	12	11	12	11	12	21	22	11	22	12	22	12	11	12	12	11	11	21	22	12	12	12	11	22	22	11	12	21	22	12	21	12	22	22	12	12	12	22	12	11	11	12	22	22	11	12	22	12	12	12	12	12	22	22	22	11	11	12	12	12	12	12	12	12	11	12	21	22	22	11	12	12	22	12	12	11	12	12	21
3	0	49.584	90.342	12	12	11	11	11	11	12	12	11	12	11	12	11	12	21	22	11	22	12	22	12	11	12	12	11	11	21	22	12	12	12	11	22	22	11	12	21	22	12	21	12	22	22	12	12	12	22	12	11	11	12	22	22	11	12	22	12	12	12	12	12	22	22	22	11	11	12	12	12	12	12	12	12	11	12	21	22	22	11	12	12	22	12	12	11	12	12	21
6	0	49.584	90.342	12	12	11	11	11	11	12	12	11	12	11	12	11	12	21	22	11	22	12	22	12	11	12	12	11	11	21	22	12	12	12	11	22	22	11	12	21	22	12	21	12	22	22	12	12	12	22	12	11	11	12	22	22	11	12	22	12	12	12	12	12	22	22	22	11	11	12	12	12	12	12	12	12	11	12	21	22	22	11	12	12	22	12	12	11	12	12	21
1	0	50.761	90.342	12	12	11	11	11	11	12	12	11	12	11	12	11	12	21	22	11	22	12	12	12	11	12	12	11	11	21	22	12	12	12	11	22	22	11	12	21	22	12	21	12	22	22	12	12	12	22	12	11	11	12	22	22	11	12	22	12	12	12	12	12	22	22	22	11	11	12	12	12	12	12	12	12	11	12	21	22	22	11	12	12	22	12	12	11	12	12	21
2	0	50.761	90.342	12	12	11	11	11	11	12	12	11	12	11	12	11	12	21	22	11	22	12	12	12	11	12	12	11	11	21	22	12	12	12	11	22	22	11	12	21	22	12	21	12	22	22	12	12	12	22	12	11	11	12	22	22	11	12	22	12	12	12	12	12	22	22	22	11	11	12	12	12	12	12	12	12	11	12	21	22	22	11	12	12	22	12	12	11	12	12	21
