MARKER	CHR	MALE_POS	FEMALE_POS	P1xP2	P1xP2	P1xP2	P1xP2	P1xP2	P1xP2	P1xP2	P1xP2	P1xP2	P1xP2	P1xP2	P1xP2	P1xP2	P1xP2	P1xP2	P1xP2	P1xP2	P1xP2	P1xP2	P1xP2	P1xP2	P1xP2	P1xP2	P1xP2	P1xP2	P1xP2	P1xP2	P1xP2	P1xP2	P1xP2	P1xP2	P1xP2	P1xP2	P1xP2	P1xP2	P1xP2	P1xP2	P1xP2	P1xP2	P1xP2	P1xP2	P1xP2	P1xP2	P1xP2	P1xP2	P1xP2	P1xP2	P1xP2	P1xP2	P1xP2	P1xP2	P1xP2	P1xP2	P1xP2	P1xP2	P1xP2	P1xP2	P1xP2	P1xP2	P1xP2	P1xP2	P1xP2	P1xP2	P1xP2	P1xP2	P1xP2	P1xP2	P1xP2	P1xP2	P1xP2	P1xP2	P1xP2	P1xP2	P1xP2	P1xP2	P1xP2	P1xP2	P1xP2	P1xP2	P1xP2	P1xP2	P1xP2	P1xP2	P1xP2	P1xP2	P1xP2	P1xP2	P1xP2
MARKER	CHR	MALE_POS	FEMALE_POS	P1	P2	C1	C2	C3	C4	C5	C6	C7	C8	C9	C10	C11	C12	C13	C14	C15	C16	C17	C18	C19	C20	C21	C22	C23	C24	C25	C26	C27	C28	C29	C30	C31	C32	C33	C34	C35	C36	C37	C38	C39	C40	C41	C42	C43	C44	C45	C46	C47	C48	C49	C50	C51	C52	C53	C54	C55	C56	C57	C58	C59	C60	C61	C62	C63	C64	C65	C66	C67	C68	C69	C70	C71	C72	C73	C74	C75	C76	C77	C78	C79	C80	C81	C82	C83	C84	C85	C86
MARKER	CHR	MALE_POS	FEMALE_POS	0	0	P1	P1	P1	P1	P1	P1	P1	P1	P1	P1	P1	P1	P1	P1	P1	P1	P1	P1	P1	P1	P1	P1	P1	P1	P1	P1	P1	P1	P1	P1	P1	P1	P1	P1	P1	P1	P1	P1	P1	P1	P1	P1	P1	P1	P1	P1	P1	P1	P1	P1	P1	P1	P1	P1	P1	P1	P1	P1	P1	P1	P1	P1	P1	P1	P1	P1	P1	P1	P1	P1	P1	P1	P1	P1	P1	P1	P1	P1	P1	P1	P1	P1	P1	P1	P1	P1
MARKER	CHR	MALE_POS	FEMALE_POS	0	0	P2	P2	P2	P2	P2	P2	P2	P2	P2	P2	P2	P2	P2	P2	P2	P2	P2	P2	P2	P2	P2	P2	P2	P2	P2	P2	P2	P2	P2	P2	P2	P2	P2	P2	P2	P2	P2	P2	P2	P2	P2	P2	P2	P2	P2	P2	P2	P2	P2	P2	P2	P2	P2	P2	P2	P2	P2	P2	P2	P2	P2	P2	P2	P2	P2	P2	P2	P2	P2	P2	P2	P2	P2	P2	P2	P2	P2	P2	P2	P2	P2	P2	P2	P2	P2	P2
MARKER	CHR	MALE_POS	FEMALE_POS	1	2	0	0	0	0	0	0	0	0	0	0	0	0	0	0	0	0	0	0	0	0	0	0	0	0	0	0	0	0	0	0	0	0	0	0	0	0	0	0	0	0	0	0	0	0	0	0	0	0	0	0	0	0	0	0	0	0	0	0	0	0	0	0	0	0	0	0	0	0	0	0	0	0	0	0	0	0	0	0	0	0	0	0	0	0	0	0
MARKER	CHR	MALE_POS	FEMALE_POS	0	0	0	0	0	0	0	0	0	0	0	0	0	0	0	0	0	0	0	0	0	0	0	0	0	0	0	0	0	0	0	0	0	0	0	0	0	0	0	0	0	0	0	0	0	0	0	0	0	0	0	0	0	0	0	0	0	0	0	0	0	0	0	0	0	0	0	0	0	0	0	0	0	0	0	0	0	0	0	0	0	0	0	0	0	0	0	0
3	0	0.000	0.000	12	12	12	12	22	22	22	21	11	22	11	22	12	11	12	21	21	21	22	21	22	22	21	12	22	21	22	21	21	12	12	22	11	22	11	22	12	21	22	22	22	22	22	12	11	12	22	12	11	11	11	22	21	11	21	21	11	12	21	21	12	21	22	12	21	21	12	11	12	21	12	22	22	22	21	21	22	21	22	21	11	12	12	12	12	21	22	11
4	0	0.000	0.000	12	12	12	12	22	22	22	21	11	22	11	22	12	11	12	21	21	21	22	21	22	22	21	12	22	21	22	21	21	12	12	22	11	22	11	22	12	21	22	22	22	22	22	12	11	12	22	12	11	11	11	22	21	11	21	21	11	12	21	21	12	21	22	12	21	21	12	11	12	21	12	22	22	22	21	21	22	21	22	21	11	12	12	12	12	21	22	11
1	0	0.000	1.177	12	12	12	12	22	22	22	21	11	22	12	22	12	11	12	21	21	21	22	21	22	22	21	12	22	21	22	21	21	12	12	22	11	22	11	22	12	21	22	22	22	22	22	12	11	12	22	12	11	11	11	22	21	11	21	21	11	12	21	21	12	21	22	12	21	21	12	11	12	21	12	22	22	22	21	21	22	21	22	21	11	12	12	12	12	21	22	11
2	0	0.000	1.177	12	12	12	12	22	22	22	21	11	22	12	22	12	11	12	21	21	21	22	21	22	22	21	12	22	21	22	21	21	12	12	22	11	22	11	22	12	21	22	22	22	22	22	12	11	12	22	12	11	11	11	22	21	11	21	21	11	12	21	21	12	21	22	12	21	21	12	11	12	21	12	22	22	22	21	21	22	21	22	21	11	12	12	12	12	21	22	11
5	0	1.177	1.177	12	12	12	12	22	22	22	11	11	22	12	22	12	11	12	21	21	21	22	21	22	22	21	12	22	21	22	21	21	12	12	22	11	22	11	22	12	21	22	22	22	22	22	12	11	12	22	12	11	11	11	22	21	11	21	21	11	12	21	21	12	21	22	12	21	21	12	11	12	21	12	22	22	22	21	21	22	21	22	21	11	12	12	12	12	21	22	11
6	0	1.177	2.353	12	12	12	12	22	22	22	11	12	22	12	22	12	11	12	21	21	21	22	21	22	22	21	12	22	21	22	21	21	12	12	22	11	22	11	22	12	21	22	22	22	22	22	12	11	12	22	12	11	11	11	22	21	11	21	21	11	12	21	21	12	21	22	12	21	21	12	11	12	21	12	22	22	22	21	21	22	21	22	21	11	12	12	12	12	21	22	11
7	0	1.177	2.353	12	12	12	12	22	22	22	11	12	22	12	22	12	11	12	21	21	21	22	21	22	22	21	12	22	21	22	21	21	12	12	22	11	22	11	22	12	21	22	22	22	22	22	12	11	12	22	12	11	11	11	22	21	11	21	21	11	12	21	21	12	21	22	12	21	21	12	11	12	21	12	22	22	22	21	21	22	21	22	21	11	12	12	12	12	21	22	11
9	0	2.353	3.530	12	12	12	12	22	22	22	11	12	22	12	22	12	11	12	21	21	21	22	21	22	22	21	12	22	21	22	21	21	12	12	22	11	22	11	22	12	21	22	22	22	22	22	12	11	12	22	12	11	11	11	22	21	11	21	21	11	12	21	21	12	21	22	12	11	22	12	11	12	21	12	22	22	22	21	21	22	21	22	21	11	12	12	12	12	21	22	11
8	0	2.353	3.530	12	12	12	12	22	22	22	11	12	22	12	22	12	11	12	21	21	21	22	21	22	22	21	12	22	21	22	21	21	12	12	22	11	22	11	22	12	21	22	22	22	22	22	12	11	12	22	12	11	11	11	22	21	11	21	21	11	12	21	21	12	21	22	12	11	22	12	11	12	21	12	22	22	22	21	21	22	21	22	21	11	12	12	12	12	21	22	11
11	0	2.353	7.146	12	12	12	12	22	22	22	11	12	22	12	22	12	11	12	21	21	21	22	21	22	22	21	12	22	21	22	21	21	11	12	22	11	22	11	22	12	21	22	22	22	22	22	12	11	12	22	12	11	11	12	22	21	11	21	21	11	12	21	21	12	21	22	12	11	22	12	11	12	21	12	22	21	22	21	21	22	21	22	21	11	12	12	12	12	21	22	11
10	0	2.353	7.146	12	12	12	12	22	22	22	11	12	22	12	22	12	11	12	21	21	21	22	21	22	22	21	12	22	21	22	21	21	11	12	22	11	22	11	22	12	21	22	22	22	22	22	12	11	12	22	12	11	11	12	22	21	11	21	21	11	12	21	21	12	21	22	12	11	22	12	11	12	21	12	22	21	22	21	21	22	21	22	21	11	12	12	12	12	21	22	11
12	0	2.353	10.762	12	12	12	12	22	22	22	11	12	22	12	22	12	12	12	21	21	21	22	21	22	22	21	12	22	21	22	21	21	11	12	22	11	22	11	22	12	21	22	22	22	22	22	12	11	12	22	12	11	11	12	22	21	12	21	21	11	12	21	22	12	21	22	12	11	22	12	11	12	21	12	22	21	22	21	21	22	21	22	21	11	12	12	12	12	21	22	11
14	0	3.530	14.378	12	12	12	12	22	22	22	11	12	22	12	22	12	12	12	21	21	21	22	21	22	22	21	12	22	21	22	21	21	11	12	22	11	22	11	22	11	21	22	22	22	22	22	12	11	12	22	12	11	11	12	21	21	12	21	21	11	12	11	22	12	21	22	12	11	22	12	11	12	21	12	21	21	22	21	21	22	21	22	21	11	12	12	12	12	21	22	11
13	0	3.530	14.378	12	12	12	12	22	22	22	11	12	22	12	22	12	12	12	21	21	21	22	21	22	22	21	12	22	21	22	21	21	11	12	22	11	22	11	22	11	21	22	22	22	22	22	12	11	12	22	12	11	11	12	21	21	12	21	21	11	12	11	22	12	21	22	12	11	22	12	11	12	21	12	21	21	22	21	21	22	21	22	21	11	12	12	12	12	21	22	11
15	0	3.530	14.378	12	12	12	12	22	22	22	11	12	22	12	22	12	12	12	21	21	21	22	21	22	22	21	12	22	21	22	21	21	11	12	22	11	22	11	22	11	21	22	22	22	22	22	12	11	12	22	12	11	11	12	21	21	12	21	21	11	12	11	22	12	21	22	12	11	22	12	11	12	21	12	21	21	22	21	21	22	21	22	21	11	12	12	12	12	21	22	11
18	0	3.530	15.554	12	12	12	12	22	22	22	11	12	22	12	22	12	12	12	21	21	21	22	21	22	22	21	12	22	21	22	21	21	11	12	22	11	22	11	21	11	21	22	22	22	22	22	12	11	12	22	12	11	11	12	21	21	12	21	21	11	12	11	22	12	21	22	12	11	22	12	11	12	21	12	21	21	22	21	21	22	21	22	21	11	12	12	12	12	21	22	11
20	0	3.530	15.554	12	12	12	12	22	22	22	11	12	22	12	22	12	12	12	21	21	21	22	21	22	22	21	12	22	21	22	21	21	11	12	22	11	22	11	21	11	21	22	22	22	22	22	12	11	12	22	12	11	11	12	21	21	12	21	21	11	12	11	22	12	21	22	12	11	22	12	11	12	21	12	21	21	22	21	21	22	21	22	21	11	12	12	12	12	21	22	11
17	0	3.530	15.554	12	12	12	12	22	22	22	11	12	22	12	22	12	12	12	21	21	21	22	21	22	22	21	12	22	21	22	21	21	11	12	22	11	22	11	21	11	21	22	22	22	22	22	12	11	12	22	12	11	11	12	21	21	12	21	21	11	12	11	22	12	21	22	12	11	22	12	11	12	21	12	21	21	22	21	21	22	21	22	21	11	12	12	12	12	21	22	11
21	0	3.530	15.554	12	12	12	12	22	22	22	11	12	22	12	22	12	12	12	21	21	21	22	21	22	22	21	12	22	21	22	21	21	11	12	22	11	22	11	21	11	21	22	22	22	22	22	12	11	12	22	12	11	11	12	21	21	12	21	21	11	12	11	22	12	21	22	12	11	22	12	11	12	21	12	21	21	22	21	21	22	21	22	21	11	12	12	12	12	21	22	11
19	0	3.530	15.554	12	12	12	12	22	22	22	11	12	22	12	22	12	12	12	21	21	21	22	21	22	22	21	12	22	21	22	21	21	11	12	22	11	22	11	21	11	21	22	22	22	22	22	12	11	12	22	12	11	11	12	21	21	12	21	21	11	12	11	22	12	21	22	12	11	22	12	11	12	21	12	21	21	22	21	21	22	21	22	21	11	12	12	12	12	21	22	11
16	0	3.530	15.554	12	12	12	12	22	22	22	11	12	22	12	22	12	12	12	21	21	21	22	21	22	22	21	12	22	21	22	21	21	11	12	22	11	22	11	21	11	21	22	22	22	22	22	12	11	12	22	12	11	11	12	21	21	12	21	21	11	12	11	22	12	21	22	12	11	22	12	11	12	21	12	21	21	22	21	21	22	21	22	21	11	12	12	12	12	21	22	11
24	0	4.706	15.554	12	12	12	12	22	22	22	11	12	22	12	22	12	12	12	21	21	21	22	21	22	22	21	12	22	21	22	21	21	11	12	22	11	22	11	21	11	21	22	22	22	22	22	12	11	12	22	12	11	11	12	21	21	12	21	21	11	12	11	22	12	21	22	12	11	22	22	11	12	21	12	21	21	22	21	21	22	21	22	21	11	12	12	12	12	21	22	11
25	0	4.706	15.554	12	12	12	12	22	22	22	11	12	22	12	22	12	12	12	21	21	21	22	21	22	22	21	12	22	21	22	21	21	11	12	22	11	22	11	21	11	21	22	22	22	22	22	12	11	12	22	12	11	11	12	21	21	12	21	21	11	12	11	22	12	21	22	12	11	22	22	11	12	21	12	21	21	22	21	21	22	21	22	21	11	12	12	12	12	21	22	11
32	0	4.706	15.554	12	12	12	12	22	22	22	11	12	22	12	22	12	12	12	21	21	21	22	21	22	22	21	12	22	21	22	21	21	11	12	22	11	22	11	21	11	21	22	22	22	22	22	12	11	12	22	12	11	11	12	21	21	12	21	21	11	12	11	22	12	21	22	12	11	22	22	11	12	21	12	21	21	22	21	21	22	21	22	21	11	12	12	12	12	21	22	11
28	0	4.706	15.554	12	12	12	12	22	22	22	11	12	22	12	22	12	12	12	21	21	21	22	21	22	22	21	12	22	21	22	21	21	11	12	22	11	22	11	21	11	21	22	22	22	22	22	12	11	12	22	12	11	11	12	21	21	12	21	21	11	12	11	22	12	21	22	12	11	22	22	11	12	21	12	21	21	22	21	21	22	21	22	21	11	12	12	12	12	21	22	11
26	0	4.706	15.554	12	12	12	12	22	22	22	11	12	22	12	22	12	12	12	21	21	21	22	21	22	22	21	12	22	21	22	21	21	11	12	22	11	22	11	21	11	21	22	22	22	22	22	12	11	12	22	12	11	11	12	21	21	12	21	21	11	12	11	22	12	21	22	12	11	22	22	11	12	21	12	21	21	22	21	21	22	21	22	21	11	12	12	12	12	21	22	11
23	0	4.706	15.554	12	12	12	12	22	22	22	11	12	22	12	22	12	12	12	21	21	21	22	21	22	22	21	12	22	21	22	21	21	11	12	22	11	22	11	21	11	21	22	22	22	22	22	12	11	12	22	12	11	11	12	21	21	12	21	21	11	12	11	22	12	21	22	12	11	22	22	11	12	21	12	21	21	22	21	21	22	21	22	21	11	12	12	12	12	21	22	11
31	0	4.706	15.554	12	12	12	12	22	22	22	11	12	22	12	22	12	12	12	21	21	21	22	21	22	22	21	12	22	21	22	21	21	11	12	22	11	22	11	21	11	21	22	22	22	22	22	12	11	12	22	12	11	11	12	21	21	12	21	21	11	12	11	22	12	21	22	12	11	22	22	11	12	21	12	21	21	22	21	21	22	21	22	21	11	12	12	12	12	21	22	11
22	0	4.706	15.554	12	12	12	12	22	22	22	11	12	22	12	22	12	12	12	21	21	21	22	21	22	22	21	12	22	21	22	21	21	11	12	22	11	22	11	21	11	21	22	22	22	22	22	12	11	12	22	12	11	11	12	21	21	12	21	21	11	12	11	22	12	21	22	12	11	22	22	11	12	21	12	21	21	22	21	21	22	21	22	21	11	12	12	12	12	21	22	11
30	0	4.706	15.554	12	12	12	12	22	22	22	11	12	22	12	22	12	12	12	21	21	21	22	21	22	22	21	12	22	21	22	21	21	11	12	22	11	22	11	21	11	21	22	22	22	22	22	12	11	12	22	12	11	11	12	21	21	12	21	21	11	12	11	22	12	21	22	12	11	22	22	11	12	21	12	21	21	22	21	21	22	21	22	21	11	12	12	12	12	21	22	11
33	0	4.706	15.554	12	12	12	12	22	22	22	11	12	22	12	22	12	12	12	21	21	21	22	21	22	22	21	12	22	21	22	21	21	11	12	22	11	22	11	21	11	21	22	22	22	22	22	12	11	12	22	12	11	11	12	21	21	12	21	21	11	12	11	22	12	21	22	12	11	22	22	11	12	21	12	21	21	22	21	21	22	21	22	21	11	12	12	12	12	21	22	11
29	0	4.706	15.554	12	12	12	12	22	22	22	11	12	22	12	22	12	12	12	21	21	21	22	21	22	22	21	12	22	21	22	21	21	11	12	22	11	22	11	21	11	21	22	22	22	22	22	12	11	12	22	12	11	11	12	21	21	12	21	21	11	12	11	22	12	21	22	12	11	22	22	11	12	21	12	21	21	22	21	21	22	21	22	21	11	12	12	12	12	21	22	11
27	0	4.706	15.554	12	12	12	12	22	22	22	11	12	22	12	22	12	12	12	21	21	21	22	21	22	22	21	12	22	21	22	21	21	11	12	22	11	22	11	21	11	21	22	22	22	22	22	12	11	12	22	12	11	11	12	21	21	12	21	21	11	12	11	22	12	21	22	12	11	22	22	11	12	21	12	21	21	22	21	21	22	21	22	21	11	12	12	12	12	21	22	11
37	0	4.706	17.936	12	12	12	12	22	22	22	11	12	22	12	22	12	12	12	21	21	21	22	21	22	22	22	12	22	21	22	21	21	11	12	22	11	22	11	21	11	21	22	22	22	22	22	12	11	12	22	12	11	11	12	21	21	12	21	21	11	12	11	22	12	21	22	12	11	22	22	11	11	21	12	21	21	22	21	21	22	21	22	21	11	12	12	12	12	21	22	11
35	0	4.706	17.936	12	12	12	12	22	22	22	11	12	22	12	22	12	12	12	21	21	21	22	21	22	22	22	12	22	21	22	21	21	11	12	22	11	22	11	21	11	21	22	22	22	22	22	12	11	12	22	12	11	11	12	21	21	12	21	21	11	12	11	22	12	21	22	12	11	22	22	11	11	21	12	21	21	22	21	21	22	21	22	21	11	12	12	12	12	21	22	11
38	0	4.706	17.936	12	12	12	12	22	22	22	11	12	22	12	22	12	12	12	21	21	21	22	21	22	22	22	12	22	21	22	21	21	11	12	22	11	22	11	21	11	21	22	22	22	22	22	12	11	12	22	12	11	11	12	21	21	12	21	21	11	12	11	22	12	21	22	12	11	22	22	11	11	21	12	21	21	22	21	21	22	21	22	21	11	12	12	12	12	21	22	11
36	0	4.706	17.936	12	12	12	12	22	22	22	11	12	22	12	22	12	12	12	21	21	21	22	21	22	22	22	12	22	21	22	21	21	11	12	22	11	22	11	21	11	21	22	22	22	22	22	12	11	12	22	12	11	11	12	21	21	12	21	21	11	12	11	22	12	21	22	12	11	22	22	11	11	21	12	21	21	22	21	21	22	21	22	21	11	12	12	12	12	21	22	11
34	0	5.883	17.936	12	12	12	12	22	22	22	11	12	22	12	22	12	12	12	21	21	21	22	21	22	22	12	12	22	21	22	21	21	11	12	22	11	22	11	21	11	21	22	22	22	22	22	12	11	12	22	12	11	11	12	21	21	12	21	21	11	12	11	22	12	21	22	12	11	22	22	11	11	21	12	21	21	22	21	21	22	21	22	21	11	12	12	12	12	21	22	11
39	0	5.883	17.936	12	12	12	12	22	22	22	11	12	22	12	22	12	12	12	21	21	21	22	21	22	22	12	12	22	21	22	21	21	11	12	22	11	22	11	21	11	21	22	22	22	22	22	12	11	12	22	12	11	11	12	21	21	12	21	21	11	12	11	22	12	21	22	12	11	22	22	11	11	21	12	21	21	22	21	21	22	21	22	21	11	12	12	12	12	21	22	11
40	0	7.059	19.112	12	12	12	12	22	22	22	11	12	22	12	22	12	12	12	21	21	21	22	21	22	22	12	12	22	11	22	21	21	11	12	22	11	22	11	21	11	21	22	22	22	22	22	12	11	12	22	12	11	11	12	21	21	12	22	21	11	12	11	22	12	21	22	12	11	22	22	11	11	21	12	21	21	22	21	21	22	21	22	21	11	12	12	12	12	21	22	11
42	0	7.059	19.112	12	12	12	12	22	22	22	11	12	22	12	22	12	12	12	21	21	21	22	21	22	22	12	12	22	11	22	21	21	11	12	22	11	22	11	21	11	21	22	22	22	22	22	12	11	12	22	12	11	11	12	21	21	12	22	21	11	12	11	22	12	21	22	12	11	22	22	11	11	21	12	21	21	22	21	21	22	21	22	21	11	12	12	12	12	21	22	11
43	0	7.059	19.112	12	12	12	12	22	22	22	11	12	22	12	22	12	12	12	21	21	21	22	21	22	22	12	12	22	11	22	21	21	11	12	22	11	22	11	21	11	21	22	22	22	22	22	12	11	12	22	12	11	11	12	21	21	12	22	21	11	12	11	22	12	21	22	12	11	22	22	11	11	21	12	21	21	22	21	21	22	21	22	21	11	12	12	12	12	21	22	11
41	0	7.059	19.112	12	12	12	12	22	22	22	11	12	22	12	22	12	12	12	21	21	21	22	21	22	22	12	12	22	11	22	21	21	11	12	22	11	22	11	21	11	21	22	22	22	22	22	12	11	12	22	12	11	11	12	21	21	12	22	21	11	12	11	22	12	21	22	12	11	22	22	11	11	21	12	21	21	22	21	21	22	21	22	21	11	12	12	12	12	21	22	11
44	0	7.059	20.289	12	12	12	12	22	22	22	11	12	22	12	22	12	12	12	21	21	21	22	21	22	22	12	12	21	11	22	21	21	11	12	22	11	22	11	21	11	21	22	22	22	22	22	12	11	12	22	12	11	11	12	21	21	12	22	21	11	12	11	22	12	21	22	12	11	22	22	11	11	21	12	21	21	22	21	21	22	21	22	21	11	12	12	12	12	21	22	11
48	0	7.059	23.905	12	12	12	12	22	22	22	11	12	22	12	22	12	12	12	21	21	21	21	21	21	22	12	12	21	11	22	21	21	11	12	22	11	22	11	21	11	21	22	22	22	22	22	12	11	12	22	12	11	11	12	21	21	12	22	21	11	12	11	22	11	21	22	12	11	22	22	11	11	21	12	21	21	22	21	21	22	21	22	21	11	12	12	12	12	21	22	11
50	0	7.059	23.905	12	12	12	12	22	22	22	11	12	22	12	22	12	12	12	21	21	21	21	21	21	22	12	12	21	11	22	21	21	11	12	22	11	22	11	21	11	21	22	22	22	22	22	12	11	12	22	12	11	11	12	21	21	12	22	21	11	12	11	22	11	21	22	12	11	22	22	11	11	21	12	21	21	22	21	21	22	21	22	21	11	12	12	12	12	21	22	11
49	0	7.059	25.081	12	12	12	12	22	22	22	11	12	21	12	22	12	12	12	21	21	21	21	21	21	22	12	12	21	11	22	21	21	11	12	22	11	22	11	21	11	21	22	22	22	22	22	12	11	12	22	12	11	11	12	21	21	12	22	21	11	12	11	22	11	21	22	12	11	22	22	11	11	21	12	21	21	22	21	21	22	21	22	21	11	12	12	12	12	21	22	11
45	0	7.059	25.081	12	12	12	12	22	22	22	11	12	21	12	22	12	12	12	21	21	21	21	21	21	22	12	12	21	11	22	21	21	11	12	22	11	22	11	21	11	21	22	22	22	22	22	12	11	12	22	12	11	11	12	21	21	12	22	21	11	12	11	22	11	21	22	12	11	22	22	11	11	21	12	21	21	22	21	21	22	21	22	21	11	12	12	12	12	21	22	11
46	0	7.059	25.081	12	12	12	12	22	22	22	11	12	21	12	22	12	12	12	21	21	21	21	21	21	22	12	12	21	11	22	21	21	11	12	22	11	22	11	21	11	21	22	22	22	22	22	12	11	12	22	12	11	11	12	21	21	12	22	21	11	12	11	22	11	21	22	12	11	22	22	11	11	21	12	21	21	22	21	21	22	21	22	21	11	12	12	12	12	21	22	11
47	0	7.059	25.081	12	12	12	12	22	22	22	11	12	21	12	22	12	12	12	21	21	21	21	21	21	22	12	12	21	11	22	21	21	11	12	22	11	22	11	21	11	21	22	22	22	22	22	12	11	12	22	12	11	11	12	21	21	12	22	21	11	12	11	22	11	21	22	12	11	22	22	11	11	21	12	21	21	22	21	21	22	21	22	21	11	12	12	12	12	21	22	11
51	0	8.236	27.463	12	12	12	12	22	22	22	11	12	21	12	22	12	12	12	21	21	21	21	21	21	22	12	12	21	11	22	21	21	11	11	22	11	22	11	11	11	21	22	22	22	22	22	12	11	12	22	12	11	11	12	21	21	12	22	21	11	12	11	22	11	21	22	12	11	22	22	11	11	21	11	21	21	22	21	21	22	21	22	21	11	12	12	12	12	21	22	11
52	0	8.236	28.639	12	12	12	12	22	22	21	11	12	21	12	22	12	12	12	21	21	21	21	21	21	22	12	12	21	11	22	21	21	11	11	22	11	22	11	11	11	21	22	22	22	22	22	12	11	12	22	12	11	11	12	21	21	12	22	21	11	12	11	22	11	21	22	12	11	22	22	11	11	21	11	21	21	22	21	21	22	21	22	21	11	12	12	12	12	21	22	11
56	0	8.236	28.639	12	12	12	12	22	22	21	11	12	21	12	22	12	12	12	21	21	21	21	21	21	22	12	12	21	11	22	21	21	11	11	22	11	22	11	11	11	21	22	22	22	22	22	12	11	12	22	12	11	11	12	21	21	12	22	21	11	12	11	22	11	21	22	12	11	22	22	11	11	21	11	21	21	22	21	21	22	21	22	21	11	12	12	12	12	21	22	11
53	0	8.236	28.639	12	12	12	12	22	22	21	11	12	21	12	22	12	12	12	21	21	21	21	21	21	22	12	12	21	11	22	21	21	11	11	22	11	22	11	11	11	21	22	22	22	22	22	12	11	12	22	12	11	11	12	21	21	12	22	21	11	12	11	22	11	21	22	12	11	22	22	11	11	21	11	21	21	22	21	21	22	21	22	21	11	12	12	12	12	21	22	11
54	0	8.236	28.639	12	12	12	12	22	22	21	11	12	21	12	22	12	12	12	21	21	21	21	21	21	22	12	12	21	11	22	21	21	11	11	22	11	22	11	11	11	21	22	22	22	22	22	12	11	12	22	12	11	11	12	21	21	12	22	21	11	12	11	22	11	21	22	12	11	22	22	11	11	21	11	21	21	22	21	21	22	21	22	21	11	12	12	12	12	21	22	11
55	0	8.236	28.639	12	12	12	12	22	22	21	11	12	21	12	22	12	12	12	21	21	21	21	21	21	22	12	12	21	11	22	21	21	11	11	22	11	22	11	11	11	21	22	22	22	22	22	12	11	12	22	12	11	11	12	21	21	12	22	21	11	12	11	22	11	21	22	12	11	22	22	11	11	21	11	21	21	22	21	21	22	21	22	21	11	12	12	12	12	21	22	11
58	0	10.617	28.639	12	12	12	12	22	22	21	11	12	21	12	22	12	12	12	21	21	21	21	21	21	22	12	12	21	11	22	21	21	11	11	22	11	22	11	11	11	21	22	22	22	22	22	12	11	12	22	12	11	11	12	11	21	12	22	21	11	12	11	22	21	21	22	12	11	22	22	11	11	21	11	21	21	22	21	21	22	21	22	21	11	12	12	12	12	21	22	11
59	0	10.617	28.639	12	12	12	12	22	22	21	11	12	21	12	22	12	12	12	21	21	21	21	21	21	22	12	12	21	11	22	21	21	11	11	22	11	22	11	11	11	21	22	22	22	22	22	12	11	12	22	12	11	11	12	11	21	12	22	21	11	12	11	22	21	21	22	12	11	22	22	11	11	21	11	21	21	22	21	21	22	21	22	21	11	12	12	12	12	21	22	11
57	0	10.617	28.639	12	12	12	12	22	22	21	11	12	21	12	22	12	12	12	21	21	21	21	21	21	22	12	12	21	11	22	21	21	11	11	22	11	22	11	11	11	21	22	22	22	22	22	12	11	12	22	12	11	11	12	11	21	12	22	21	11	12	11	22	21	21	22	12	11	22	22	11	11	21	11	21	21	22	21	21	22	21	22	21	11	12	12	12	12	21	22	11
60	0	11.794	31.021	12	12	12	12	22	22	21	11	12	21	12	22	12	12	12	21	21	21	21	21	21	22	12	12	21	11	22	21	21	11	11	22	11	22	11	11	11	21	22	22	22	22	22	12	11	12	22	12	11	21	12	11	21	12	22	21	11	12	12	22	21	21	22	12	11	22	22	11	11	22	11	21	21	22	21	21	22	21	22	21	11	12	12	12	12	21	22	11
62	0	11.794	33.402	12	12	12	12	22	22	21	11	12	21	12	22	12	12	12	21	21	21	21	21	21	22	12	12	21	12	22	21	21	11	11	22	11	22	11	11	11	21	22	22	22	22	22	12	11	12	22	12	11	21	12	11	21	12	22	21	11	11	12	22	21	21	22	12	11	22	22	11	11	22	11	21	21	22	21	21	22	21	22	21	11	12	12	12	12	21	22	11
61	0	11.794	33.402	12	12	12	12	22	22	21	11	12	21	12	22	12	12	12	21	21	21	21	21	21	22	12	12	21	12	22	21	21	11	11	22	11	22	11	11	11	21	22	22	22	22	22	12	11	12	22	12	11	21	12	11	21	12	22	21	11	11	12	22	21	21	22	12	11	22	22	11	11	22	11	21	21	22	21	21	22	21	22	21	11	12	12	12	12	21	22	11
63	0	11.794	33.402	12	12	12	12	22	22	21	11	12	21	12	22	12	12	12	21	21	21	21	21	21	22	12	12	21	12	22	21	21	11	11	22	11	22	11	11	11	21	22	22	22	22	22	12	11	12	22	12	11	21	12	11	21	12	22	21	11	11	12	22	21	21	22	12	11	22	22	11	11	22	11	21	21	22	21	21	22	21	22	21	11	12	12	12	12	21	22	11
66	0	11.794	33.402	12	12	12	12	22	22	21	11	12	21	12	22	12	12	12	21	21	21	21	21	21	22	12	12	21	12	22	21	21	11	11	22	11	22	11	11	11	21	22	22	22	22	22	12	11	12	22	12	11	21	12	11	21	12	22	21	11	11	12	22	21	21	22	12	11	22	22	11	11	22	11	21	21	22	21	21	22	21	22	21	11	12	12	12	12	21	22	11
65	0	11.794	34.578	12	12	12	12	22	22	21	11	12	21	12	22	12	12	12	21	21	21	21	21	21	22	12	12	21	12	22	21	21	11	11	22	11	22	11	11	11	21	22	22	22	22	22	12	11	12	22	12	11	21	12	11	21	12	22	21	11	11	12	22	21	21	22	12	11	22	22	11	11	22	11	21	21	22	21	22	22	21	22	21	11	12	12	12	12	21	22	11
64	0	11.794	34.578	12	12	12	12	22	22	21	11	12	21	12	22	12	12	12	21	21	21	21	21	21	22	12	12	21	12	22	21	21	11	11	22	11	22	11	11	11	21	22	22	22	22	22	12	11	12	22	12	11	21	12	11	21	12	22	21	11	11	12	22	21	21	22	12	11	22	22	11	11	22	11	21	21	22	21	22	22	21	22	21	11	12	12	12	12	21	22	11
74	0	11.794	36.960	12	12	12	12	22	22	21	11	12	21	12	22	12	12	12	21	21	21	21	21	21	22	12	12	21	12	22	21	21	11	11	22	11	22	11	11	11	21	22	22	22	22	22	12	11	12	22	12	11	21	12	11	21	12	22	21	11	11	12	22	21	21	22	12	11	22	22	11	11	22	11	21	21	22	22	22	22	21	22	21	11	12	12	12	12	21	21	11
75	0	11.794	36.960	12	12	12	12	22	22	21	11	12	21	12	22	12	12	12	21	21	21	21	21	21	22	12	12	21	12	22	21	21	11	11	22	11	22	11	11	11	21	22	22	22	22	22	12	11	12	22	12	11	21	12	11	21	12	22	21	11	11	12	22	21	21	22	12	11	22	22	11	11	22	11	21	21	22	22	22	22	21	22	21	11	12	12	12	12	21	21	11
72	0	11.794	36.960	12	12	12	12	22	22	21	11	12	21	12	22	12	12	12	21	21	21	21	21	21	22	12	12	21	12	22	21	21	11	11	22	11	22	11	11	11	21	22	22	22	22	22	12	11	12	22	12	11	21	12	11	21	12	22	21	11	11	12	22	21	21	22	12	11	22	22	11	11	22	11	21	21	22	22	22	22	21	22	21	11	12	12	12	12	21	21	11
69	0	11.794	36.960	12	12	12	12	22	22	21	11	12	21	12	22	12	12	12	21	21	21	21	21	21	22	12	12	21	12	22	21	21	11	11	22	11	22	11	11	11	21	22	22	22	22	22	12	11	12	22	12	11	21	12	11	21	12	22	21	11	11	12	22	21	21	22	12	11	22	22	11	11	22	11	21	21	22	22	22	22	21	22	21	11	12	12	12	12	21	21	11
68	0	11.794	36.960	12	12	12	12	22	22	21	11	12	21	12	22	12	12	12	21	21	21	21	21	21	22	12	12	21	12	22	21	21	11	11	22	11	22	11	11	11	21	22	22	22	22	22	12	11	12	22	12	11	21	12	11	21	12	22	21	11	11	12	22	21	21	22	12	11	22	22	11	11	22	11	21	21	22	22	22	22	21	22	21	11	12	12	12	12	21	21	11
70	0	11.794	36.960	12	12	12	12	22	22	21	11	12	21	12	22	12	12	12	21	21	21	21	21	21	22	12	12	21	12	22	21	21	11	11	22	11	22	11	11	11	21	22	22	22	22	22	12	11	12	22	12	11	21	12	11	21	12	22	21	11	11	12	22	21	21	22	12	11	22	22	11	11	22	11	21	21	22	22	22	22	21	22	21	11	12	12	12	12	21	21	11
67	0	11.794	36.960	12	12	12	12	22	22	21	11	12	21	12	22	12	12	12	21	21	21	21	21	21	22	12	12	21	12	22	21	21	11	11	22	11	22	11	11	11	21	22	22	22	22	22	12	11	12	22	12	11	21	12	11	21	12	22	21	11	11	12	22	21	21	22	12	11	22	22	11	11	22	11	21	21	22	22	22	22	21	22	21	11	12	12	12	12	21	21	11
71	0	11.794	36.960	12	12	12	12	22	22	21	11	12	21	12	22	12	12	12	21	21	21	21	21	21	22	12	12	21	12	22	21	21	11	11	22	11	22	11	11	11	21	22	22	22	22	22	12	11	12	22	12	11	21	12	11	21	12	22	21	11	11	12	22	21	21	22	12	11	22	22	11	11	22	11	21	21	22	22	22	22	21	22	21	11	12	12	12	12	21	21	11
73	0	11.794	36.960	12	12	12	12	22	22	21	11	12	21	12	22	12	12	12	21	21	21	21	21	21	22	12	12	21	12	22	21	21	11	11	22	11	22	11	11	11	21	22	22	22	22	22	12	11	12	22	12	11	21	12	11	21	12	22	21	11	11	12	22	21	21	22	12	11	22	22	11	11	22	11	21	21	22	22	22	22	21	22	21	11	12	12	12	12	21	21	11
77	0	11.794	38.136	12	12	12	12	22	22	21	11	12	21	12	22	12	12	12	21	21	21	21	21	21	22	12	12	21	12	22	21	21	11	11	22	11	22	11	11	11	21	22	22	22	21	22	12	11	12	22	12	11	21	12	11	21	12	22	21	11	11	12	22	21	21	22	12	11	22	22	11	11	22	11	21	21	22	22	22	22	21	22	21	11	12	12	12	12	21	21	11
76	0	11.794	38.136	12	12	12	12	22	22	21	11	12	21	12	22	12	12	12	21	21	21	21	21	21	22	12	12	21	12	22	21	21	11	11	22	11	22	11	11	11	21	22	22	22	21	22	12	11	12	22	12	11	21	12	11	21	12	22	21	11	11	12	22	21	21	22	12	11	22	22	11	11	22	11	21	21	22	22	22	22	21	22	21	11	12	12	12	12	21	21	11
82	0	14.175	41.752	12	12	12	12	22	22	21	11	12	21	12	22	12	12	12	21	22	21	21	21	21	22	12	12	21	12	22	21	21	11	11	22	11	22	11	11	11	21	22	22	22	21	22	12	11	12	22	12	11	21	12	11	21	12	22	21	11	11	12	22	21	21	22	12	11	22	22	12	11	22	11	11	21	22	22	22	22	11	22	21	11	12	12	12	12	22	21	11
84	0	14.175	41.752	12	12	12	12	22	22	21	11	12	21	12	22	12	12	12	21	22	21	21	21	21	22	12	12	21	12	22	21	21	11	11	22	11	22	11	11	11	21	22	22	22	21	22	12	11	12	22	12	11	21	12	11	21	12	22	21	11	11	12	22	21	21	22	12	11	22	22	12	11	22	11	11	21	22	22	22	22	11	22	21	11	12	12	12	12	22	21	11
83	0	15.352	41.752	12	12	12	12	22	22	21	21	12	21	12	22	12	12	12	21	22	21	21	21	21	22	12	12	21	12	22	21	21	11	11	22	11	22	11	11	11	21	22	22	22	21	22	12	11	12	22	12	11	21	12	11	21	12	22	21	11	11	12	22	21	21	22	12	11	22	22	12	11	22	11	11	21	22	22	22	22	11	22	21	11	12	12	12	12	22	21	11
78	0	15.352	41.752	12	12	12	12	22	22	21	21	12	21	12	22	12	12	12	21	22	21	21	21	21	22	12	12	21	12	22	21	21	11	11	22	11	22	11	11	11	21	22	22	22	21	22	12	11	12	22	12	11	21	12	11	21	12	22	21	11	11	12	22	21	21	22	12	11	22	22	12	11	22	11	11	21	22	22	22	22	11	22	21	11	12	12	12	12	22	21	11
80	0	15.352	41.752	12	12	12	12	22	22	21	21	12	21	12	22	12	12	12	21	22	21	21	21	21	22	12	12	21	12	22	21	21	11	11	22	11	22	11	11	11	21	22	22	22	21	22	12	11	12	22	12	11	21	12	11	21	12	22	21	11	11	12	22	21	21	22	12	11	22	22	12	11	22	11	11	21	22	22	22	22	11	22	21	11	12	12	12	12	22	21	11
79	0	15.352	41.752	12	12	12	12	22	22	21	21	12	21	12	22	12	12	12	21	22	21	21	21	21	22	12	12	21	12	22	21	21	11	11	22	11	22	11	11	11	21	22	22	22	21	22	12	11	12	22	12	11	21	12	11	21	12	22	21	11	11	12	22	21	21	22	12	11	22	22	12	11	22	11	11	21	22	22	22	22	11	22	21	11	12	12	12	12	22	21	11
81	0	15.352	41.752	12	12	12	12	22	22	21	21	12	21	12	22	12	12	12	21	22	21	21	21	21	22	12	12	21	12	22	21	21	11	11	22	11	22	11	11	11	21	22	22	22	21	22	12	11	12	22	12	11	21	12	11	21	12	22	21	11	11	12	22	21	21	22	12	11	22	22	12	11	22	11	11	21	22	22	22	22	11	22	21	11	12	12	12	12	22	21	11
93	0	15.352	42.929	12	12	12	12	22	22	21	21	12	21	12	22	12	12	12	21	22	21	21	21	21	22	12	12	21	12	22	21	21	11	11	22	11	22	11	11	11	21	22	22	22	21	22	12	11	12	22	12	11	21	12	11	21	12	22	21	11	11	12	22	21	21	22	11	11	22	22	12	11	22	11	11	21	22	22	22	22	11	22	21	11	12	12	12	12	22	21	11
86	0	15.352	42.929	12	12	12	12	22	22	21	21	12	21	12	22	12	12	12	21	22	21	21	21	21	22	12	12	21	12	22	21	21	11	11	22	11	22	11	11	11	21	22	22	22	21	22	12	11	12	22	12	11	21	12	11	21	12	22	21	11	11	12	22	21	21	22	11	11	22	22	12	11	22	11	11	21	22	22	22	22	11	22	21	11	12	12	12	12	22	21	11
85	0	15.352	42.929	12	12	12	12	22	22	21	21	12	21	12	22	12	12	12	21	22	21	21	21	21	22	12	12	21	12	22	21	21	11	11	22	11	22	11	11	11	21	22	22	22	21	22	12	11	12	22	12	11	21	12	11	21	12	22	21	11	11	12	22	21	21	22	11	11	22	22	12	11	22	11	11	21	22	22	22	22	11	22	21	11	12	12	12	12	22	21	11
88	0	15.352	44.105	12	12	12	12	22	22	21	21	12	21	12	22	12	12	12	21	22	21	21	21	21	21	12	12	21	12	22	21	21	11	11	22	11	22	11	11	11	21	22	22	22	21	22	12	11	12	22	12	11	21	12	11	21	12	22	21	11	11	12	22	21	21	22	11	11	22	22	12	11	22	11	11	21	22	22	22	22	11	22	21	11	12	12	12	12	22	21	11
87	0	15.352	44.105	12	12	12	12	22	22	21	21	12	21	12	22	12	12	12	21	22	21	21	21	21	21	12	12	21	12	22	21	21	11	11	22	11	22	11	11	11	21	22	22	22	21	22	12	11	12	22	12	11	21	12	11	21	12	22	21	11	11	12	22	21	21	22	11	11	22	22	12	11	22	11	11	21	22	22	22	22	11	22	21	11	12	12	12	12	22	21	11
89	0	15.352	44.105	12	12	12	12	22	22	21	21	12	21	12	22	12	12	12	21	22	21	21	21	21	21	12	12	21	12	22	21	21	11	11	22	11	22	11	11	11	21	22	22	22	21	22	12	11	12	22	12	11	21	12	11	21	12	22	21	11	11	12	22	21	21	22	11	11	22	22	12	11	22	11	11	21	22	22	22	22	11	22	21	11	12	12	12	12	22	21	11
94	0	15.352	45.282	12	12	12	12	22	22	21	21	12	21	12	22	12	12	12	21	22	21	21	21	21	21	12	12	21	12	22	21	21	11	11	22	11	22	11	11	11	21	22	22	22	21	22	12	11	12	22	12	11	21	12	11	21	12	22	21	11	11	12	22	21	21	22	11	11	22	22	12	11	22	11	11	21	22	22	22	22	11	22	21	12	12	12	12	12	22	21	11
95	0	15.352	45.282	12	12	12	12	22	22	21	21	12	21	12	22	12	12	12	21	22	21	21	21	21	21	12	12	21	12	22	21	21	11	11	22	11	22	11	11	11	21	22	22	22	21	22	12	11	12	22	12	11	21	12	11	21	12	22	21	11	11	12	22	21	21	22	11	11	22	22	12	11	22	11	11	21	22	22	22	22	11	22	21	12	12	12	12	12	22	21	11
99	0	15.352	45.282	12	12	12	12	22	22	21	21	12	21	12	22	12	12	12	21	22	21	21	21	21	21	12	12	21	12	22	21	21	11	11	22	11	22	11	11	11	21	22	22	22	21	22	12	11	12	22	12	11	21	12	11	21	12	22	21	11	11	12	22	21	21	22	11	11	22	22	12	11	22	11	11	21	22	22	22	22	11	22	21	12	12	12	12	12	22	21	11
97	0	15.352	45.282	12	12	12	12	22	22	21	21	12	21	12	22	12	12	12	21	22	21	21	21	21	21	12	12	21	12	22	21	21	11	11	22	11	22	11	11	11	21	22	22	22	21	22	12	11	12	22	12	11	21	12	11	21	12	22	21	11	11	12	22	21	21	22	11	11	22	22	12	11	22	11	11	21	22	22	22	22	11	22	21	12	12	12	12	12	22	21	11
96	0	15.352	45.282	12	12	12	12	22	22	21	21	12	21	12	22	12	12	12	21	22	21	21	21	21	21	12	12	21	12	22	21	21	11	11	22	11	22	11	11	11	21	22	22	22	21	22	12	11	12	22	12	11	21	12	11	21	12	22	21	11	11	12	22	21	21	22	11	11	22	22	12	11	22	11	11	21	22	22	22	22	11	22	21	12	12	12	12	12	22	21	11
91	0	15.352	45.282	12	12	12	12	22	22	21	21	12	21	12	22	12	12	12	21	22	21	21	21	21	21	12	12	21	12	22	21	21	11	11	22	11	22	11	11	11	21	22	22	22	21	22	12	11	12	22	12	11	21	12	11	21	12	22	21	11	11	12	22	21	21	22	11	11	22	22	12	11	22	11	11	21	22	22	22	22	11	22	21	12	12	12	12	12	22	21	11
90	0	15.352	45.282	12	12	12	12	22	22	21	21	12	21	12	22	12	12	12	21	22	21	21	21	21	21	12	12	21	12	22	21	21	11	11	22	11	22	11	11	11	21	22	22	22	21	22	12	11	12	22	12	11	21	12	11	21	12	22	21	11	11	12	22	21	21	22	11	11	22	22	12	11	22	11	11	21	22	22	22	22	11	22	21	12	12	12	12	12	22	21	11
98	0	15.352	45.282	12	12	12	12	22	22	21	21	12	21	12	22	12	12	12	21	22	21	21	21	21	21	12	12	21	12	22	21	21	11	11	22	11	22	11	11	11	21	22	22	22	21	22	12	11	12	22	12	11	21	12	11	21	12	22	21	11	11	12	22	21	21	22	11	11	22	22	12	11	22	11	11	21	22	22	22	22	11	22	21	12	12	12	12	12	22	21	11
92	0	15.352	45.282	12	12	12	12	22	22	21	21	12	21	12	22	12	12	12	21	22	21	21	21	21	21	12	12	21	12	22	21	21	11	11	22	11	22	11	11	11	21	22	22	22	21	22	12	11	12	22	12	11	21	12	11	21	12	22	21	11	11	12	22	21	21	22	11	11	22	22	12	11	22	11	11	21	22	22	22	22	11	22	21	12	12	12	12	12	22	21	11
100	0	16.528	45.282	12	12	12	12	22	22	21	21	12	21	12	22	12	12	12	21	22	21	21	21	21	21	12	12	21	12	22	21	21	11	11	22	11	22	11	11	11	21	22	22	22	21	22	12	11	12	22	12	11	21	12	11	21	12	22	21	11	11	12	12	21	21	22	11	11	22	22	12	11	22	11	11	21	22	22	22	22	11	22	21	12	12	12	12	12	22	21	11
101	0	16.528	46.459	12	12	12	12	22	22	21	21	12	21	12	22	12	12	12	22	22	21	21	21	21	21	12	12	21	12	22	21	21	11	11	22	11	22	11	11	11	21	22	22	22	21	22	12	11	12	22	12	11	21	12	11	21	12	22	21	11	11	12	12	21	21	22	11	11	22	22	12	11	22	11	11	21	22	22	22	22	11	22	21	12	12	12	12	12	22	21	11
102	0	16.528	46.459	12	12	12	12	22	22	21	21	12	21	12	22	12	12	12	22	22	21	21	21	21	21	12	12	21	12	22	21	21	11	11	22	11	22	11	11	11	21	22	22	22	21	22	12	11	12	22	12	11	21	12	11	21	12	22	21	11	11	12	12	21	21	22	11	11	22	22	12	11	22	11	11	21	22	22	22	22	11	22	21	12	12	12	12	12	22	21	11
114	0	18.909	47.635	12	12	12	12	22	22	21	21	12	21	12	22	12	12	12	22	22	11	21	21	21	21	12	12	21	12	22	21	21	11	11	22	11	22	11	11	11	21	22	22	22	21	22	12	11	12	22	12	11	21	12	11	21	12	22	11	11	11	12	12	21	21	22	11	11	22	22	12	11	22	11	11	21	22	22	22	22	11	22	22	12	12	12	12	12	22	21	11
107	0	18.909	48.812	12	12	12	12	22	22	21	21	12	21	12	22	12	12	12	22	22	11	21	21	21	21	12	12	21	12	22	21	21	11	11	22	11	22	11	11	11	21	22	22	22	21	22	12	11	12	22	12	11	22	12	11	21	12	22	11	11	11	12	12	21	21	22	11	11	22	22	12	11	22	11	11	21	22	22	22	22	11	22	22	12	12	12	12	12	22	21	11
109	0	18.909	48.812	12	12	12	12	22	22	21	21	12	21	12	22	12	12	12	22	22	11	21	21	21	21	12	12	21	12	22	21	21	11	11	22	11	22	11	11	11	21	22	22	22	21	22	12	11	12	22	12	11	22	12	11	21	12	22	11	11	11	12	12	21	21	22	11	11	22	22	12	11	22	11	11	21	22	22	22	22	11	22	22	12	12	12	12	12	22	21	11
108	0	18.909	48.812	12	12	12	12	22	22	21	21	12	21	12	22	12	12	12	22	22	11	21	21	21	21	12	12	21	12	22	21	21	11	11	22	11	22	11	11	11	21	22	22	22	21	22	12	11	12	22	12	11	22	12	11	21	12	22	11	11	11	12	12	21	21	22	11	11	22	22	12	11	22	11	11	21	22	22	22	22	11	22	22	12	12	12	12	12	22	21	11
106	0	18.909	48.812	12	12	12	12	22	22	21	21	12	21	12	22	12	12	12	22	22	11	21	21	21	21	12	12	21	12	22	21	21	11	11	22	11	22	11	11	11	21	22	22	22	21	22	12	11	12	22	12	11	22	12	11	21	12	22	11	11	11	12	12	21	21	22	11	11	22	22	12	11	22	11	11	21	22	22	22	22	11	22	22	12	12	12	12	12	22	21	11
105	0	18.909	48.812	12	12	12	12	22	22	21	21	12	21	12	22	12	12	12	22	22	11	21	21	21	21	12	12	21	12	22	21	21	11	11	22	11	22	11	11	11	21	22	22	22	21	22	12	11	12	22	12	11	22	12	11	21	12	22	11	11	11	12	12	21	21	22	11	11	22	22	12	11	22	11	11	21	22	22	22	22	11	22	22	12	12	12	12	12	22	21	11
112	0	22.525	48.812	12	12	12	12	22	22	21	11	12	21	12	22	12	12	12	22	22	11	21	21	21	21	12	12	11	12	22	21	21	11	11	22	11	22	11	11	11	21	22	22	22	21	22	12	11	12	22	12	11	12	12	11	21	12	22	11	11	11	12	12	21	21	22	11	11	22	22	12	11	22	11	11	21	22	22	22	22	11	22	22	12	12	12	12	12	22	21	11
111	0	22.525	48.812	12	12	12	12	22	22	21	11	12	21	12	22	12	12	12	22	22	11	21	21	21	21	12	12	11	12	22	21	21	11	11	22	11	22	11	11	11	21	22	22	22	21	22	12	11	12	22	12	11	12	12	11	21	12	22	11	11	11	12	12	21	21	22	11	11	22	22	12	11	22	11	11	21	22	22	22	22	11	22	22	12	12	12	12	12	22	21	11
113	0	22.525	48.812	12	12	12	12	22	22	21	11	12	21	12	22	12	12	12	22	22	11	21	21	21	21	12	12	11	12	22	21	21	11	11	22	11	22	11	11	11	21	22	22	22	21	22	12	11	12	22	12	11	12	12	11	21	12	22	11	11	11	12	12	21	21	22	11	11	22	22	12	11	22	11	11	21	22	22	22	22	11	22	22	12	12	12	12	12	22	21	11
110	0	22.525	48.812	12	12	12	12	22	22	21	11	12	21	12	22	12	12	12	22	22	11	21	21	21	21	12	12	11	12	22	21	21	11	11	22	11	22	11	11	11	21	22	22	22	21	22	12	11	12	22	12	11	12	12	11	21	12	22	11	11	11	12	12	21	21	22	11	11	22	22	12	11	22	11	11	21	22	22	22	22	11	22	22	12	12	12	12	12	22	21	11
103	0	22.525	49.988	12	12	12	12	22	22	21	11	12	21	12	22	12	12	12	22	22	11	21	21	21	21	12	12	12	12	22	21	21	11	11	22	11	22	11	11	11	21	22	22	22	21	22	12	11	12	22	12	11	12	12	11	21	12	22	11	11	11	12	12	21	21	22	11	11	22	22	12	11	22	11	11	21	22	22	22	22	11	22	22	12	12	12	12	12	22	21	11
104	0	22.525	49.988	12	12	12	12	22	22	21	11	12	21	12	22	12	12	12	22	22	11	21	21	21	21	12	12	12	12	22	21	21	11	11	22	11	22	11	11	11	21	22	22	22	21	22	12	11	12	22	12	11	12	12	11	21	12	22	11	11	11	12	12	21	21	22	11	11	22	22	12	11	22	11	11	21	22	22	22	22	11	22	22	12	12	12	12	12	22	21	11
115	0	23.702	54.870	12	12	12	12	22	22	21	11	12	21	12	22	12	12	12	22	22	11	21	21	21	21	12	12	12	12	21	21	21	11	11	22	11	22	11	11	11	21	22	22	22	21	21	12	11	12	21	12	11	12	12	11	21	12	22	11	11	11	12	12	21	21	22	11	11	22	22	22	11	22	11	11	21	22	22	22	22	11	22	22	12	12	11	12	12	22	21	11
116	0	24.879	54.870	12	12	12	12	22	22	21	11	12	21	12	22	12	12	12	22	22	11	21	21	21	21	12	12	12	12	21	21	21	11	11	22	11	22	11	11	11	21	22	22	22	21	21	12	11	12	21	12	11	12	12	11	21	12	22	11	11	11	12	12	21	21	22	11	11	22	22	22	11	22	11	11	21	22	22	22	22	11	22	22	12	12	11	12	12	12	21	11
117	0	24.879	54.870	12	12	12	12	22	22	21	11	12	21	12	22	12	12	12	22	22	11	21	21	21	21	12	12	12	12	21	21	21	11	11	22	11	22	11	11	11	21	22	22	22	21	21	12	11	12	21	12	11	12	12	11	21	12	22	11	11	11	12	12	21	21	22	11	11	22	22	22	11	22	11	11	21	22	22	22	22	11	22	22	12	12	11	12	12	12	21	11
119	0	24.879	58.486	12	12	12	12	22	22	21	11	12	21	12	22	12	12	12	22	22	11	21	21	21	21	12	12	12	12	21	21	21	11	11	21	11	22	11	11	11	22	22	22	22	21	21	12	11	12	21	12	11	12	12	11	21	12	22	11	11	11	12	12	21	21	22	11	11	22	22	22	11	22	11	11	21	22	22	22	22	11	21	22	12	12	11	12	12	12	21	11
118	0	24.879	58.486	12	12	12	12	22	22	21	11	12	21	12	22	12	12	12	22	22	11	21	21	21	21	12	12	12	12	21	21	21	11	11	21	11	22	11	11	11	22	22	22	22	21	21	12	11	12	21	12	11	12	12	11	21	12	22	11	11	11	12	12	21	21	22	11	11	22	22	22	11	22	11	11	21	22	22	22	22	11	21	22	12	12	11	12	12	12	21	11
126	0	24.879	59.663	12	12	12	12	22	22	21	11	12	21	12	22	12	12	12	22	22	11	21	21	21	21	12	12	12	12	21	21	22	11	11	21	11	22	11	11	11	22	22	22	22	21	21	12	11	12	21	12	11	12	12	11	21	12	22	11	11	11	12	12	21	21	22	11	11	22	22	22	11	22	11	11	21	22	22	22	22	11	21	22	12	12	11	12	12	12	21	11
124	0	24.879	59.663	12	12	12	12	22	22	21	11	12	21	12	22	12	12	12	22	22	11	21	21	21	21	12	12	12	12	21	21	22	11	11	21	11	22	11	11	11	22	22	22	22	21	21	12	11	12	21	12	11	12	12	11	21	12	22	11	11	11	12	12	21	21	22	11	11	22	22	22	11	22	11	11	21	22	22	22	22	11	21	22	12	12	11	12	12	12	21	11
125	0	24.879	59.663	12	12	12	12	22	22	21	11	12	21	12	22	12	12	12	22	22	11	21	21	21	21	12	12	12	12	21	21	22	11	11	21	11	22	11	11	11	22	22	22	22	21	21	12	11	12	21	12	11	12	12	11	21	12	22	11	11	11	12	12	21	21	22	11	11	22	22	22	11	22	11	11	21	22	22	22	22	11	21	22	12	12	11	12	12	12	21	11
123	0	24.879	59.663	12	12	12	12	22	22	21	11	12	21	12	22	12	12	12	22	22	11	21	21	21	21	12	12	12	12	21	21	22	11	11	21	11	22	11	11	11	22	22	22	22	21	21	12	11	12	21	12	11	12	12	11	21	12	22	11	11	11	12	12	21	21	22	11	11	22	22	22	11	22	11	11	21	22	22	22	22	11	21	22	12	12	11	12	12	12	21	11
122	0	24.879	59.663	12	12	12	12	22	22	21	11	12	21	12	22	12	12	12	22	22	11	21	21	21	21	12	12	12	12	21	21	22	11	11	21	11	22	11	11	11	22	22	22	22	21	21	12	11	12	21	12	11	12	12	11	21	12	22	11	11	11	12	12	21	21	22	11	11	22	22	22	11	22	11	11	21	22	22	22	22	11	21	22	12	12	11	12	12	12	21	11
127	0	24.879	60.839	12	12	12	12	22	22	21	11	12	21	12	22	12	12	12	22	22	11	21	21	21	21	12	12	12	12	21	21	22	11	11	21	11	22	11	11	11	22	22	22	22	21	21	12	11	12	21	12	11	12	12	11	21	12	22	11	11	11	12	12	21	21	21	11	11	22	22	22	11	22	11	11	21	22	22	22	22	11	21	22	12	12	11	12	12	12	21	11
128	0	24.879	60.839	12	12	12	12	22	22	21	11	12	21	12	22	12	12	12	22	22	11	21	21	21	21	12	12	12	12	21	21	22	11	11	21	11	22	11	11	11	22	22	22	22	21	21	12	11	12	21	12	11	12	12	11	21	12	22	11	11	11	12	12	21	21	21	11	11	22	22	22	11	22	11	11	21	22	22	22	22	11	21	22	12	12	11	12	12	12	21	11
120	0	24.879	60.839	12	12	12	12	22	22	21	11	12	21	12	22	12	12	12	22	22	11	21	21	21	21	12	12	12	12	21	21	22	11	11	21	11	22	11	11	11	22	22	22	22	21	21	12	11	12	21	12	11	12	12	11	21	12	22	11	11	11	12	12	21	21	21	11	11	22	22	22	11	22	11	11	21	22	22	22	22	11	21	22	12	12	11	12	12	12	21	11
132	0	24.879	60.839	12	12	12	12	22	22	21	11	12	21	12	22	12	12	12	22	22	11	21	21	21	21	12	12	12	12	21	21	22	11	11	21	11	22	11	11	11	22	22	22	22	21	21	12	11	12	21	12	11	12	12	11	21	12	22	11	11	11	12	12	21	21	21	11	11	22	22	22	11	22	11	11	21	22	22	22	22	11	21	22	12	12	11	12	12	12	21	11
130	0	24.879	60.839	12	12	12	12	22	22	21	11	12	21	12	22	12	12	12	22	22	11	21	21	21	21	12	12	12	12	21	21	22	11	11	21	11	22	11	11	11	22	22	22	22	21	21	12	11	12	21	12	11	12	12	11	21	12	22	11	11	11	12	12	21	21	21	11	11	22	22	22	11	22	11	11	21	22	22	22	22	11	21	22	12	12	11	12	12	12	21	11
121	0	24.879	60.839	12	12	12	12	22	22	21	11	12	21	12	22	12	12	12	22	22	11	21	21	21	21	12	12	12	12	21	21	22	11	11	21	11	22	11	11	11	22	22	22	22	21	21	12	11	12	21	12	11	12	12	11	21	12	22	11	11	11	12	12	21	21	21	11	11	22	22	22	11	22	11	11	21	22	22	22	22	11	21	22	12	12	11	12	12	12	21	11
129	0	24.879	60.839	12	12	12	12	22	22	21	11	12	21	12	22	12	12	12	22	22	11	21	21	21	21	12	12	12	12	21	21	22	11	11	21	11	22	11	11	11	22	22	22	22	21	21	12	11	12	21	12	11	12	12	11	21	12	22	11	11	11	12	12	21	21	21	11	11	22	22	22	11	22	11	11	21	22	22	22	22	11	21	22	12	12	11	12	12	12	21	11
131	0	24.879	60.839	12	12	12	12	22	22	21	11	12	21	12	22	12	12	12	22	22	11	21	21	21	21	12	12	12	12	21	21	22	11	11	21	11	22	11	11	11	22	22	22	22	21	21	12	11	12	21	12	11	12	12	11	21	12	22	11	11	11	12	12	21	21	21	11	11	22	22	22	11	22	11	11	21	22	22	22	22	11	21	22	12	12	11	12	12	12	21	11
133	0	24.879	63.221	12	12	12	12	22	22	21	11	12	21	12	22	12	12	12	22	22	11	21	21	21	21	12	12	12	12	21	21	22	11	11	21	11	21	11	11	11	22	22	22	22	21	21	12	11	12	21	12	11	12	12	11	22	12	22	11	11	11	12	12	21	21	21	11	11	22	22	22	11	22	11	11	21	22	22	22	22	11	21	22	12	12	11	12	12	12	21	11
134	0	24.879	63.221	12	12	12	12	22	22	21	11	12	21	12	22	12	12	12	22	22	11	21	21	21	21	12	12	12	12	21	21	22	11	11	21	11	21	11	11	11	22	22	22	22	21	21	12	11	12	21	12	11	12	12	11	22	12	22	11	11	11	12	12	21	21	21	11	11	22	22	22	11	22	11	11	21	22	22	22	22	11	21	22	12	12	11	12	12	12	21	11
135	0	24.879	64.397	12	12	12	12	22	22	21	11	12	21	12	22	12	12	12	22	22	11	21	21	21	21	12	12	12	12	21	21	22	11	11	21	11	21	11	11	11	22	22	22	22	21	21	12	11	12	21	12	11	12	12	11	22	12	22	11	11	11	12	12	21	21	21	11	12	22	22	22	11	22	11	11	21	22	22	22	22	11	21	22	12	12	11	12	12	12	21	11
137	0	24.879	64.397	12	12	12	12	22	22	21	11	12	21	12	22	12	12	12	22	22	11	21	21	21	21	12	12	12	12	21	21	22	11	11	21	11	21	11	11	11	22	22	22	22	21	21	12	11	12	21	12	11	12	12	11	22	12	22	11	11	11	12	12	21	21	21	11	12	22	22	22	11	22	11	11	21	22	22	22	22	11	21	22	12	12	11	12	12	12	21	11
136	0	24.879	64.397	12	12	12	12	22	22	21	11	12	21	12	22	12	12	12	22	22	11	21	21	21	21	12	12	12	12	21	21	22	11	11	21	11	21	11	11	11	22	22	22	22	21	21	12	11	12	21	12	11	12	12	11	22	12	22	11	11	11	12	12	21	21	21	11	12	22	22	22	11	22	11	11	21	22	22	22	22	11	21	22	12	12	11	12	12	12	21	11
139	0	24.879	68.013	12	12	12	12	22	22	21	11	12	21	12	22	12	12	12	22	22	11	21	21	21	21	12	12	12	12	21	21	22	11	11	21	11	21	11	11	11	22	22	22	22	21	21	12	11	12	21	12	11	12	12	11	22	12	22	12	11	11	12	12	21	21	21	11	12	22	22	22	11	22	11	11	21	21	22	22	22	11	21	22	12	12	11	12	12	12	21	12
141	0	24.879	68.013	12	12	12	12	22	22	21	11	12	21	12	22	12	12	12	22	22	11	21	21	21	21	12	12	12	12	21	21	22	11	11	21	11	21	11	11	11	22	22	22	22	21	21	12	11	12	21	12	11	12	12	11	22	12	22	12	11	11	12	12	21	21	21	11	12	22	22	22	11	22	11	11	21	21	22	22	22	11	21	22	12	12	11	12	12	12	21	12
140	0	24.879	68.013	12	12	12	12	22	22	21	11	12	21	12	22	12	12	12	22	22	11	21	21	21	21	12	12	12	12	21	21	22	11	11	21	11	21	11	11	11	22	22	22	22	21	21	12	11	12	21	12	11	12	12	11	22	12	22	12	11	11	12	12	21	21	21	11	12	22	22	22	11	22	11	11	21	21	22	22	22	11	21	22	12	12	11	12	12	12	21	12
144	0	24.879	68.013	12	12	12	12	22	22	21	11	12	21	12	22	12	12	12	22	22	11	21	21	21	21	12	12	12	12	21	21	22	11	11	21	11	21	11	11	11	22	22	22	22	21	21	12	11	12	21	12	11	12	12	11	22	12	22	12	11	11	12	12	21	21	21	11	12	22	22	22	11	22	11	11	21	21	22	22	22	11	21	22	12	12	11	12	12	12	21	12
143	0	24.879	68.013	12	12	12	12	22	22	21	11	12	21	12	22	12	12	12	22	22	11	21	21	21	21	12	12	12	12	21	21	22	11	11	21	11	21	11	11	11	22	22	22	22	21	21	12	11	12	21	12	11	12	12	11	22	12	22	12	11	11	12	12	21	21	21	11	12	22	22	22	11	22	11	11	21	21	22	22	22	11	21	22	12	12	11	12	12	12	21	12
138	0	24.879	68.013	12	12	12	12	22	22	21	11	12	21	12	22	12	12	12	22	22	11	21	21	21	21	12	12	12	12	21	21	22	11	11	21	11	21	11	11	11	22	22	22	22	21	21	12	11	12	21	12	11	12	12	11	22	12	22	12	11	11	12	12	21	21	21	11	12	22	22	22	11	22	11	11	21	21	22	22	22	11	21	22	12	12	11	12	12	12	21	12
142	0	24.879	68.013	12	12	12	12	22	22	21	11	12	21	12	22	12	12	12	22	22	11	21	21	21	21	12	12	12	12	21	21	22	11	11	21	11	21	11	11	11	22	22	22	22	21	21	12	11	12	21	12	11	12	12	11	22	12	22	12	11	11	12	12	21	21	21	11	12	22	22	22	11	22	11	11	21	21	22	22	22	11	21	22	12	12	11	12	12	12	21	12
145	0	24.879	69.190	12	12	12	12	22	22	21	11	12	21	12	22	12	12	12	22	22	11	21	21	21	21	12	12	12	12	21	21	22	11	11	21	11	21	11	11	11	22	22	22	22	21	21	12	11	12	21	12	11	12	12	11	22	12	22	12	11	11	12	12	21	21	21	11	12	22	21	22	11	22	11	11	21	21	22	22	22	11	21	22	12	12	11	12	12	12	21	12
147	0	24.879	69.190	12	12	12	12	22	22	21	11	12	21	12	22	12	12	12	22	22	11	21	21	21	21	12	12	12	12	21	21	22	11	11	21	11	21	11	11	11	22	22	22	22	21	21	12	11	12	21	12	11	12	12	11	22	12	22	12	11	11	12	12	21	21	21	11	12	22	21	22	11	22	11	11	21	21	22	22	22	11	21	22	12	12	11	12	12	12	21	12
148	0	24.879	69.190	12	12	12	12	22	22	21	11	12	21	12	22	12	12	12	22	22	11	21	21	21	21	12	12	12	12	21	21	22	11	11	21	11	21	11	11	11	22	22	22	22	21	21	12	11	12	21	12	11	12	12	11	22	12	22	12	11	11	12	12	21	21	21	11	12	22	21	22	11	22	11	11	21	21	22	22	22	11	21	22	12	12	11	12	12	12	21	12
146	0	24.879	69.190	12	12	12	12	22	22	21	11	12	21	12	22	12	12	12	22	22	11	21	21	21	21	12	12	12	12	21	21	22	11	11	21	11	21	11	11	11	22	22	22	22	21	21	12	11	12	21	12	11	12	12	11	22	12	22	12	11	11	12	12	21	21	21	11	12	22	21	22	11	22	11	11	21	21	22	22	22	11	21	22	12	12	11	12	12	12	21	12
151	0	26.055	70.366	12	12	12	12	22	22	21	11	12	21	12	22	12	12	12	22	12	11	21	21	21	21	12	12	12	12	21	21	22	11	11	21	11	21	11	11	11	22	22	21	22	21	21	12	11	12	21	12	11	12	12	11	22	12	22	12	11	11	12	12	21	21	21	11	12	22	21	22	11	22	11	11	21	21	22	22	22	11	21	22	12	12	11	12	12	12	21	12
150	0	26.055	70.366	12	12	12	12	22	22	21	11	12	21	12	22	12	12	12	22	12	11	21	21	21	21	12	12	12	12	21	21	22	11	11	21	11	21	11	11	11	22	22	21	22	21	21	12	11	12	21	12	11	12	12	11	22	12	22	12	11	11	12	12	21	21	21	11	12	22	21	22	11	22	11	11	21	21	22	22	22	11	21	22	12	12	11	12	12	12	21	12
149	0	26.055	70.366	12	12	12	12	22	22	21	11	12	21	12	22	12	12	12	22	12	11	21	21	21	21	12	12	12	12	21	21	22	11	11	21	11	21	11	11	11	22	22	21	22	21	21	12	11	12	21	12	11	12	12	11	22	12	22	12	11	11	12	12	21	21	21	11	12	22	21	22	11	22	11	11	21	21	22	22	22	11	21	22	12	12	11	12	12	12	21	12
152	0	26.055	71.543	12	12	12	12	22	22	21	11	12	21	12	22	12	12	12	22	12	11	21	21	21	21	12	12	12	12	21	21	22	11	11	21	11	21	11	11	11	22	22	21	22	21	21	12	11	12	21	12	11	12	12	12	22	12	22	12	11	11	12	12	21	21	21	11	12	22	21	22	11	22	11	11	21	21	22	22	22	11	21	22	12	12	11	12	12	12	21	12
158	0	26.055	71.543	12	12	12	12	22	22	21	11	12	21	12	22	12	12	12	22	12	11	21	21	21	21	12	12	12	12	21	21	22	11	11	21	11	21	11	11	11	22	22	21	22	21	21	12	11	12	21	12	11	12	12	12	22	12	22	12	11	11	12	12	21	21	21	11	12	22	21	22	11	22	11	11	21	21	22	22	22	11	21	22	12	12	11	12	12	12	21	12
159	0	26.055	71.543	12	12	12	12	22	22	21	11	12	21	12	22	12	12	12	22	12	11	21	21	21	21	12	12	12	12	21	21	22	11	11	21	11	21	11	11	11	22	22	21	22	21	21	12	11	12	21	12	11	12	12	12	22	12	22	12	11	11	12	12	21	21	21	11	12	22	21	22	11	22	11	11	21	21	22	22	22	11	21	22	12	12	11	12	12	12	21	12
157	0	26.055	71.543	12	12	12	12	22	22	21	11	12	21	12	22	12	12	12	22	12	11	21	21	21	21	12	12	12	12	21	21	22	11	11	21	11	21	11	11	11	22	22	21	22	21	21	12	11	12	21	12	11	12	12	12	22	12	22	12	11	11	12	12	21	21	21	11	12	22	21	22	11	22	11	11	21	21	22	22	22	11	21	22	12	12	11	12	12	12	21	12
153	0	26.055	71.543	12	12	12	12	22	22	21	11	12	21	12	22	12	12	12	22	12	11	21	21	21	21	12	12	12	12	21	21	22	11	11	21	11	21	11	11	11	22	22	21	22	21	21	12	11	12	21	12	11	12	12	12	22	12	22	12	11	11	12	12	21	21	21	11	12	22	21	22	11	22	11	11	21	21	22	22	22	11	21	22	12	12	11	12	12	12	21	12
154	0	26.055	71.543	12	12	12	12	22	22	21	11	12	21	12	22	12	12	12	22	12	11	21	21	21	21	12	12	12	12	21	21	22	11	11	21	11	21	11	11	11	22	22	21	22	21	21	12	11	12	21	12	11	12	12	12	22	12	22	12	11	11	12	12	21	21	21	11	12	22	21	22	11	22	11	11	21	21	22	22	22	11	21	22	12	12	11	12	12	12	21	12
155	0	26.055	71.543	12	12	12	12	22	22	21	11	12	21	12	22	12	12	12	22	12	11	21	21	21	21	12	12	12	12	21	21	22	11	11	21	11	21	11	11	11	22	22	21	22	21	21	12	11	12	21	12	11	12	12	12	22	12	22	12	11	11	12	12	21	21	21	11	12	22	21	22	11	22	11	11	21	21	22	22	22	11	21	22	12	12	11	12	12	12	21	12
156	0	26.055	72.719	12	12	12	12	22	22	21	11	12	21	12	22	12	12	12	22	12	11	21	21	21	21	12	12	12	12	21	21	22	11	11	21	11	21	11	11	11	22	22	21	22	21	21	12	11	12	21	12	11	12	12	12	22	12	22	12	11	11	12	12	21	22	21	11	12	22	21	22	11	22	11	11	21	21	22	22	22	11	21	22	12	12	11	12	12	12	21	12
167	0	29.671	75.101	12	12	12	12	22	22	21	11	12	21	12	22	12	12	12	22	12	11	21	21	21	21	12	12	12	12	21	21	22	11	11	21	11	21	11	11	11	22	22	22	22	21	21	12	11	12	21	12	11	12	12	12	22	12	22	12	11	21	12	12	21	22	21	11	12	22	22	22	11	12	11	11	11	21	22	22	22	11	21	22	12	12	11	12	12	12	21	12
162	0	29.671	75.101	12	12	12	12	22	22	21	11	12	21	12	22	12	12	12	22	12	11	21	21	21	21	12	12	12	12	21	21	22	11	11	21	11	21	11	11	11	22	22	22	22	21	21	12	11	12	21	12	11	12	12	12	22	12	22	12	11	21	12	12	21	22	21	11	12	22	22	22	11	12	11	11	11	21	22	22	22	11	21	22	12	12	11	12	12	12	21	12
164	0	29.671	75.101	12	12	12	12	22	22	21	11	12	21	12	22	12	12	12	22	12	11	21	21	21	21	12	12	12	12	21	21	22	11	11	21	11	21	11	11	11	22	22	22	22	21	21	12	11	12	21	12	11	12	12	12	22	12	22	12	11	21	12	12	21	22	21	11	12	22	22	22	11	12	11	11	11	21	22	22	22	11	21	22	12	12	11	12	12	12	21	12
166	0	29.671	75.101	12	12	12	12	22	22	21	11	12	21	12	22	12	12	12	22	12	11	21	21	21	21	12	12	12	12	21	21	22	11	11	21	11	21	11	11	11	22	22	22	22	21	21	12	11	12	21	12	11	12	12	12	22	12	22	12	11	21	12	12	21	22	21	11	12	22	22	22	11	12	11	11	11	21	22	22	22	11	21	22	12	12	11	12	12	12	21	12
165	0	29.671	75.101	12	12	12	12	22	22	21	11	12	21	12	22	12	12	12	22	12	11	21	21	21	21	12	12	12	12	21	21	22	11	11	21	11	21	11	11	11	22	22	22	22	21	21	12	11	12	21	12	11	12	12	12	22	12	22	12	11	21	12	12	21	22	21	11	12	22	22	22	11	12	11	11	11	21	22	22	22	11	21	22	12	12	11	12	12	12	21	12
163	0	29.671	75.101	12	12	12	12	22	22	21	11	12	21	12	22	12	12	12	22	12	11	21	21	21	21	12	12	12	12	21	21	22	11	11	21	11	21	11	11	11	22	22	22	22	21	21	12	11	12	21	12	11	12	12	12	22	12	22	12	11	21	12	12	21	22	21	11	12	22	22	22	11	12	11	11	11	21	22	22	22	11	21	22	12	12	11	12	12	12	21	12
175	0	34.553	75.101	12	12	12	12	22	22	21	11	12	21	12	22	12	12	12	22	12	11	21	21	21	21	12	12	12	12	21	21	22	11	11	21	11	21	11	11	11	22	22	12	22	21	21	12	11	12	21	12	11	12	12	12	22	12	22	12	11	11	12	12	21	12	21	11	12	22	12	22	11	12	11	11	11	21	22	22	22	11	21	22	12	12	11	12	12	12	21	12
161	0	34.553	75.101	12	12	12	12	22	22	21	11	12	21	12	22	12	12	12	22	12	11	21	21	21	21	12	12	12	12	21	21	22	11	11	21	11	21	11	11	11	22	22	12	22	21	21	12	11	12	21	12	11	12	12	12	22	12	22	12	11	11	12	12	21	12	21	11	12	22	12	22	11	12	11	11	11	21	22	22	22	11	21	22	12	12	11	12	12	12	21	12
173	0	34.553	75.101	12	12	12	12	22	22	21	11	12	21	12	22	12	12	12	22	12	11	21	21	21	21	12	12	12	12	21	21	22	11	11	21	11	21	11	11	11	22	22	12	22	21	21	12	11	12	21	12	11	12	12	12	22	12	22	12	11	11	12	12	21	12	21	11	12	22	12	22	11	12	11	11	11	21	22	22	22	11	21	22	12	12	11	12	12	12	21	12
174	0	34.553	75.101	12	12	12	12	22	22	21	11	12	21	12	22	12	12	12	22	12	11	21	21	21	21	12	12	12	12	21	21	22	11	11	21	11	21	11	11	11	22	22	12	22	21	21	12	11	12	21	12	11	12	12	12	22	12	22	12	11	11	12	12	21	12	21	11	12	22	12	22	11	12	11	11	11	21	22	22	22	11	21	22	12	12	11	12	12	12	21	12
168	0	34.553	75.101	12	12	12	12	22	22	21	11	12	21	12	22	12	12	12	22	12	11	21	21	21	21	12	12	12	12	21	21	22	11	11	21	11	21	11	11	11	22	22	12	22	21	21	12	11	12	21	12	11	12	12	12	22	12	22	12	11	11	12	12	21	12	21	11	12	22	12	22	11	12	11	11	11	21	22	22	22	11	21	22	12	12	11	12	12	12	21	12
160	0	34.553	75.101	12	12	12	12	22	22	21	11	12	21	12	22	12	12	12	22	12	11	21	21	21	21	12	12	12	12	21	21	22	11	11	21	11	21	11	11	11	22	22	12	22	21	21	12	11	12	21	12	11	12	12	12	22	12	22	12	11	11	12	12	21	12	21	11	12	22	12	22	11	12	11	11	11	21	22	22	22	11	21	22	12	12	11	12	12	12	21	12
172	0	34.553	75.101	12	12	12	12	22	22	21	11	12	21	12	22	12	12	12	22	12	11	21	21	21	21	12	12	12	12	21	21	22	11	11	21	11	21	11	11	11	22	22	12	22	21	21	12	11	12	21	12	11	12	12	12	22	12	22	12	11	11	12	12	21	12	21	11	12	22	12	22	11	12	11	11	11	21	22	22	22	11	21	22	12	12	11	12	12	12	21	12
171	0	34.553	75.101	12	12	12	12	22	22	21	11	12	21	12	22	12	12	12	22	12	11	21	21	21	21	12	12	12	12	21	21	22	11	11	21	11	21	11	11	11	22	22	12	22	21	21	12	11	12	21	12	11	12	12	12	22	12	22	12	11	11	12	12	21	12	21	11	12	22	12	22	11	12	11	11	11	21	22	22	22	11	21	22	12	12	11	12	12	12	21	12
169	0	34.553	75.101	12	12	12	12	22	22	21	11	12	21	12	22	12	12	12	22	12	11	21	21	21	21	12	12	12	12	21	21	22	11	11	21	11	21	11	11	11	22	22	12	22	21	21	12	11	12	21	12	11	12	12	12	22	12	22	12	11	11	12	12	21	12	21	11	12	22	12	22	11	12	11	11	11	21	22	22	22	11	21	22	12	12	11	12	12	12	21	12
170	0	34.553	75.101	12	12	12	12	22	22	21	11	12	21	12	22	12	12	12	22	12	11	21	21	21	21	12	12	12	12	21	21	22	11	11	21	11	21	11	11	11	22	22	12	22	21	21	12	11	12	21	12	11	12	12	12	22	12	22	12	11	11	12	12	21	12	21	11	12	22	12	22	11	12	11	11	11	21	22	22	22	11	21	22	12	12	11	12	12	12	21	12
176	0	34.553	79.982	12	12	12	12	22	21	21	11	12	21	12	21	12	12	12	22	12	11	21	21	21	21	12	12	12	12	21	21	22	11	11	21	12	21	11	11	11	22	22	12	22	21	21	12	11	12	21	11	11	12	12	12	22	12	22	12	11	11	12	12	21	12	21	11	12	22	12	22	11	12	11	11	11	21	22	22	22	11	21	22	12	12	11	12	12	12	21	12
177	0	34.553	79.982	12	12	12	12	22	21	21	11	12	21	12	21	12	12	12	22	12	11	21	21	21	21	12	12	12	12	21	21	22	11	11	21	12	21	11	11	11	22	22	12	22	21	21	12	11	12	21	11	11	12	12	12	22	12	22	12	11	11	12	12	21	12	21	11	12	22	12	22	11	12	11	11	11	21	22	22	22	11	21	22	12	12	11	12	12	12	21	12
178	0	34.553	79.982	12	12	12	12	22	21	21	11	12	21	12	21	12	12	12	22	12	11	21	21	21	21	12	12	12	12	21	21	22	11	11	21	12	21	11	11	11	22	22	12	22	21	21	12	11	12	21	11	11	12	12	12	22	12	22	12	11	11	12	12	21	12	21	11	12	22	12	22	11	12	11	11	11	21	22	22	22	11	21	22	12	12	11	12	12	12	21	12
179	0	34.553	82.364	12	12	12	12	22	21	21	11	12	21	12	21	12	12	12	22	12	11	21	21	21	21	12	12	12	12	21	21	22	11	11	21	12	21	11	11	11	22	22	12	22	21	21	12	11	12	21	11	12	12	12	12	22	12	22	12	11	11	12	12	21	12	21	11	12	22	12	22	11	12	11	11	11	21	22	22	22	11	21	22	12	12	11	11	12	12	21	12
180	0	34.553	83.540	12	12	12	12	22	21	21	11	12	21	12	21	12	12	12	22	12	11	21	21	21	21	12	12	12	12	21	21	22	11	11	21	12	21	11	11	11	22	22	12	22	21	21	12	11	12	21	11	12	12	12	12	22	12	22	12	11	11	12	12	21	12	21	11	12	22	12	22	11	12	11	11	11	21	22	22	22	12	21	22	12	12	11	11	12	12	21	12
185	0	34.553	83.540	12	12	12	12	22	21	21	11	12	21	12	21	12	12	12	22	12	11	21	21	21	21	12	12	12	12	21	21	22	11	11	21	12	21	11	11	11	22	22	12	22	21	21	12	11	12	21	11	12	12	12	12	22	12	22	12	11	11	12	12	21	12	21	11	12	22	12	22	11	12	11	11	11	21	22	22	22	12	21	22	12	12	11	11	12	12	21	12
184	0	34.553	83.540	12	12	12	12	22	21	21	11	12	21	12	21	12	12	12	22	12	11	21	21	21	21	12	12	12	12	21	21	22	11	11	21	12	21	11	11	11	22	22	12	22	21	21	12	11	12	21	11	12	12	12	12	22	12	22	12	11	11	12	12	21	12	21	11	12	22	12	22	11	12	11	11	11	21	22	22	22	12	21	22	12	12	11	11	12	12	21	12
183	0	34.553	83.540	12	12	12	12	22	21	21	11	12	21	12	21	12	12	12	22	12	11	21	21	21	21	12	12	12	12	21	21	22	11	11	21	12	21	11	11	11	22	22	12	22	21	21	12	11	12	21	11	12	12	12	12	22	12	22	12	11	11	12	12	21	12	21	11	12	22	12	22	11	12	11	11	11	21	22	22	22	12	21	22	12	12	11	11	12	12	21	12
182	0	34.553	84.717	12	12	12	12	22	21	21	12	12	21	12	21	12	12	12	22	12	11	21	21	21	21	12	12	12	12	21	21	22	11	11	21	12	21	11	11	11	22	22	12	22	21	21	12	11	12	21	11	12	12	12	12	22	12	22	12	11	11	12	12	21	12	21	11	12	22	12	22	11	12	11	11	11	21	22	22	22	12	21	22	12	12	11	11	12	12	21	12
181	0	34.553	84.717	12	12	12	12	22	21	21	12	12	21	12	21	12	12	12	22	12	11	21	21	21	21	12	12	12	12	21	21	22	11	11	21	12	21	11	11	11	22	22	12	22	21	21	12	11	12	21	11	12	12	12	12	22	12	22	12	11	11	12	12	21	12	21	11	12	22	12	22	11	12	11	11	11	21	22	22	22	12	21	22	12	12	11	11	12	12	21	12
186	0	35.730	84.717	12	12	12	12	22	21	21	12	12	21	12	21	12	12	12	22	12	11	21	21	21	21	12	12	12	12	21	21	22	11	11	21	22	21	11	11	11	22	22	12	22	21	21	12	11	12	21	11	12	12	12	12	22	12	22	12	11	11	12	12	21	12	21	11	12	22	12	22	11	12	11	11	11	21	22	22	22	12	21	22	12	12	11	11	12	12	21	12
188	0	36.906	85.893	12	12	12	12	22	21	21	12	12	21	12	21	12	12	12	22	12	11	21	21	21	21	12	12	12	12	21	21	22	11	11	21	22	21	11	11	11	22	22	12	22	21	21	12	11	12	21	11	12	12	12	12	22	12	22	12	12	11	12	12	11	12	21	11	12	22	12	22	11	12	11	11	11	21	22	22	22	12	21	22	12	12	11	11	12	12	21	12
189	0	36.906	85.893	12	12	12	12	22	21	21	12	12	21	12	21	12	12	12	22	12	11	21	21	21	21	12	12	12	12	21	21	22	11	11	21	22	21	11	11	11	22	22	12	22	21	21	12	11	12	21	11	12	12	12	12	22	12	22	12	12	11	12	12	11	12	21	11	12	22	12	22	11	12	11	11	11	21	22	22	22	12	21	22	12	12	11	11	12	12	21	12
187	0	36.906	85.893	12	12	12	12	22	21	21	12	12	21	12	21	12	12	12	22	12	11	21	21	21	21	12	12	12	12	21	21	22	11	11	21	22	21	11	11	11	22	22	12	22	21	21	12	11	12	21	11	12	12	12	12	22	12	22	12	12	11	12	12	11	12	21	11	12	22	12	22	11	12	11	11	11	21	22	22	22	12	21	22	12	12	11	11	12	12	21	12
190	0	36.906	85.893	12	12	12	12	22	21	21	12	12	21	12	21	12	12	12	22	12	11	21	21	21	21	12	12	12	12	21	21	22	11	11	21	22	21	11	11	11	22	22	12	22	21	21	12	11	12	21	11	12	12	12	12	22	12	22	12	12	11	12	12	11	12	21	11	12	22	12	22	11	12	11	11	11	21	22	22	22	12	21	22	12	12	11	11	12	12	21	12
192	0	38.083	85.893	12	12	12	12	22	21	21	12	12	21	12	21	12	12	12	22	12	11	21	21	21	21	12	12	12	12	21	21	22	11	11	21	22	21	11	11	11	22	22	12	22	21	21	12	11	12	21	11	12	12	12	12	22	12	12	12	12	11	12	12	11	12	21	11	12	22	12	22	11	12	11	11	11	21	22	22	22	12	21	22	12	12	11	11	12	12	21	12
193	0	38.083	87.070	12	12	12	12	22	21	21	12	12	21	12	21	12	12	12	22	12	11	21	22	21	21	12	12	12	12	21	21	22	11	11	21	22	21	11	11	11	22	22	12	22	21	21	12	11	12	21	11	12	12	12	12	22	12	12	12	12	11	12	12	11	12	21	11	12	22	12	22	11	12	11	11	11	21	22	22	22	12	21	22	12	12	11	11	12	12	21	12
199	0	38.083	87.070	12	12	12	12	22	21	21	12	12	21	12	21	12	12	12	22	12	11	21	22	21	21	12	12	12	12	21	21	22	11	11	21	22	21	11	11	11	22	22	12	22	21	21	12	11	12	21	11	12	12	12	12	22	12	12	12	12	11	12	12	11	12	21	11	12	22	12	22	11	12	11	11	11	21	22	22	22	12	21	22	12	12	11	11	12	12	21	12
198	0	38.083	87.070	12	12	12	12	22	21	21	12	12	21	12	21	12	12	12	22	12	11	21	22	21	21	12	12	12	12	21	21	22	11	11	21	22	21	11	11	11	22	22	12	22	21	21	12	11	12	21	11	12	12	12	12	22	12	12	12	12	11	12	12	11	12	21	11	12	22	12	22	11	12	11	11	11	21	22	22	22	12	21	22	12	12	11	11	12	12	21	12
194	0	38.083	87.070	12	12	12	12	22	21	21	12	12	21	12	21	12	12	12	22	12	11	21	22	21	21	12	12	12	12	21	21	22	11	11	21	22	21	11	11	11	22	22	12	22	21	21	12	11	12	21	11	12	12	12	12	22	12	12	12	12	11	12	12	11	12	21	11	12	22	12	22	11	12	11	11	11	21	22	22	22	12	21	22	12	12	11	11	12	12	21	12
196	0	38.083	87.070	12	12	12	12	22	21	21	12	12	21	12	21	12	12	12	22	12	11	21	22	21	21	12	12	12	12	21	21	22	11	11	21	22	21	11	11	11	22	22	12	22	21	21	12	11	12	21	11	12	12	12	12	22	12	12	12	12	11	12	12	11	12	21	11	12	22	12	22	11	12	11	11	11	21	22	22	22	12	21	22	12	12	11	11	12	12	21	12
195	0	38.083	87.070	12	12	12	12	22	21	21	12	12	21	12	21	12	12	12	22	12	11	21	22	21	21	12	12	12	12	21	21	22	11	11	21	22	21	11	11	11	22	22	12	22	21	21	12	11	12	21	11	12	12	12	12	22	12	12	12	12	11	12	12	11	12	21	11	12	22	12	22	11	12	11	11	11	21	22	22	22	12	21	22	12	12	11	11	12	12	21	12
197	0	39.259	87.070	12	12	12	12	22	21	21	12	12	21	12	21	12	12	12	22	12	11	21	22	21	21	12	12	12	12	21	21	22	11	11	21	22	21	11	11	11	22	22	12	22	21	21	12	11	12	21	11	12	12	12	12	22	12	12	12	12	11	12	12	11	12	21	11	12	22	12	22	11	12	11	11	11	21	22	22	22	12	21	12	12	12	11	11	12	12	21	12
191	0	41.641	89.451	12	12	12	12	22	21	21	12	12	21	12	21	12	22	12	22	12	12	21	12	21	21	12	12	12	12	21	22	22	11	11	21	22	21	11	11	11	22	22	12	22	21	21	12	11	12	21	11	12	12	12	12	22	12	12	12	12	11	12	12	11	12	21	11	12	22	12	22	11	12	11	11	11	21	22	22	22	12	21	12	12	12	11	11	12	12	21	12
