MARKER	CHR	MALE_POS	FEMALE_POS	P1xP2	P1xP2	P1xP2	P1xP2	P1xP2	P1xP2	P1xP2	P1xP2	P1xP2	P1xP2	P1xP2	P1xP2	P1xP2	P1xP2	P1xP2	P1xP2	P1xP2	P1xP2	P1xP2	P1xP2	P1xP2	P1xP2	P1xP2	P1xP2	P1xP2	P1xP2	P1xP2	P1xP2	P1xP2	P1xP2	P1xP2	P1xP2	P1xP2	P1xP2	P1xP2	P1xP2	P1xP2	P1xP2	P1xP2	P1xP2	P1xP2	P1xP2	P1xP2	P1xP2	P1xP2	P1xP2	P1xP2	P1xP2	P1xP2	P1xP2	P1xP2	P1xP2	P1xP2	P1xP2	P1xP2	P1xP2	P1xP2	P1xP2	P1xP2	P1xP2	P1xP2	P1xP2	P1xP2	P1xP2	P1xP2	P1xP2	P1xP2	P1xP2	P1xP2	P1xP2	P1xP2	P1xP2	P1xP2	P1xP2	P1xP2	P1xP2	P1xP2	P1xP2	P1xP2	P1xP2	P1xP2	P1xP2	P1xP2	P1xP2	P1xP2	P1xP2	P1xP2	P1xP2
MARKER	CHR	MALE_POS	FEMALE_POS	P1	P2	C1	C2	C3	C4	C5	C6	C7	C8	C9	C10	C11	C12	C13	C14	C15	C16	C17	C18	C19	C20	C21	C22	C23	C24	C25	C26	C27	C28	C29	C30	C31	C32	C33	C34	C35	C36	C37	C38	C39	C40	C41	C42	C43	C44	C45	C46	C47	C48	C49	C50	C51	C52	C53	C54	C55	C56	C57	C58	C59	C60	C61	C62	C63	C64	C65	C66	C67	C68	C69	C70	C71	C72	C73	C74	C75	C76	C77	C78	C79	C80	C81	C82	C83	C84	C85	C86
MARKER	CHR	MALE_POS	FEMALE_POS	0	0	P1	P1	P1	P1	P1	P1	P1	P1	P1	P1	P1	P1	P1	P1	P1	P1	P1	P1	P1	P1	P1	P1	P1	P1	P1	P1	P1	P1	P1	P1	P1	P1	P1	P1	P1	P1	P1	P1	P1	P1	P1	P1	P1	P1	P1	P1	P1	P1	P1	P1	P1	P1	P1	P1	P1	P1	P1	P1	P1	P1	P1	P1	P1	P1	P1	P1	P1	P1	P1	P1	P1	P1	P1	P1	P1	P1	P1	P1	P1	P1	P1	P1	P1	P1	P1	P1
MARKER	CHR	MALE_POS	FEMALE_POS	0	0	P2	P2	P2	P2	P2	P2	P2	P2	P2	P2	P2	P2	P2	P2	P2	P2	P2	P2	P2	P2	P2	P2	P2	P2	P2	P2	P2	P2	P2	P2	P2	P2	P2	P2	P2	P2	P2	P2	P2	P2	P2	P2	P2	P2	P2	P2	P2	P2	P2	P2	P2	P2	P2	P2	P2	P2	P2	P2	P2	P2	P2	P2	P2	P2	P2	P2	P2	P2	P2	P2	P2	P2	P2	P2	P2	P2	P2	P2	P2	P2	P2	P2	P2	P2	P2	P2
MARKER	CHR	MALE_POS	FEMALE_POS	1	2	0	0	0	0	0	0	0	0	0	0	0	0	0	0	0	0	0	0	0	0	0	0	0	0	0	0	0	0	0	0	0	0	0	0	0	0	0	0	0	0	0	0	0	0	0	0	0	0	0	0	0	0	0	0	0	0	0	0	0	0	0	0	0	0	0	0	0	0	0	0	0	0	0	0	0	0	0	0	0	0	0	0	0	0	0	0
MARKER	CHR	MALE_POS	FEMALE_POS	0	0	0	0	0	0	0	0	0	0	0	0	0	0	0	0	0	0	0	0	0	0	0	0	0	0	0	0	0	0	0	0	0	0	0	0	0	0	0	0	0	0	0	0	0	0	0	0	0	0	0	0	0	0	0	0	0	0	0	0	0	0	0	0	0	0	0	0	0	0	0	0	0	0	0	0	0	0	0	0	0	0	0	0	0	0	0	0
149	0	0.000	0.000	12	12	21	21	11	22	22	11	21	22	11	22	12	22	22	21	22	22	12	12	12	22	21	21	22	11	21	12	22	22	12	22	22	21	11	11	11	22	12	11	21	11	21	12	12	21	22	21	21	11	22	21	21	12	11	12	12	11	22	21	12	21	12	11	22	12	11	21	22	11	22	12	12	12	22	12	21	21	22	22	11	21	22	11	12	12	21	12
152	0	0.000	1.177	12	12	21	21	11	22	22	12	21	22	11	22	12	22	22	21	22	22	12	12	12	22	21	21	22	11	21	12	22	22	12	22	22	21	11	11	11	22	12	11	21	11	21	12	12	21	22	21	21	11	22	21	21	12	11	12	12	11	22	21	12	21	12	11	22	12	11	21	22	11	22	12	12	12	22	12	21	21	22	22	11	21	22	11	12	12	21	12
147	0	0.000	2.353	12	12	21	21	11	22	22	12	21	22	11	22	12	22	22	21	22	22	12	12	12	22	21	21	21	11	21	12	22	22	12	22	22	21	11	11	11	22	12	11	21	11	21	12	12	21	22	21	21	11	22	21	21	12	11	12	12	11	22	21	12	21	12	11	22	12	11	21	22	11	22	12	12	12	22	12	21	21	22	22	11	21	22	11	12	12	21	12
155	0	0.000	2.353	12	12	21	21	11	22	22	12	21	22	11	22	12	22	22	21	22	22	12	12	12	22	21	21	21	11	21	12	22	22	12	22	22	21	11	11	11	22	12	11	21	11	21	12	12	21	22	21	21	11	22	21	21	12	11	12	12	11	22	21	12	21	12	11	22	12	11	21	22	11	22	12	12	12	22	12	21	21	22	22	11	21	22	11	12	12	21	12
156	0	0.000	2.353	12	12	21	21	11	22	22	12	21	22	11	22	12	22	22	21	22	22	12	12	12	22	21	21	21	11	21	12	22	22	12	22	22	21	11	11	11	22	12	11	21	11	21	12	12	21	22	21	21	11	22	21	21	12	11	12	12	11	22	21	12	21	12	11	22	12	11	21	22	11	22	12	12	12	22	12	21	21	22	22	11	21	22	11	12	12	21	12
150	0	0.000	2.353	12	12	21	21	11	22	22	12	21	22	11	22	12	22	22	21	22	22	12	12	12	22	21	21	21	11	21	12	22	22	12	22	22	21	11	11	11	22	12	11	21	11	21	12	12	21	22	21	21	11	22	21	21	12	11	12	12	11	22	21	12	21	12	11	22	12	11	21	22	11	22	12	12	12	22	12	21	21	22	22	11	21	22	11	12	12	21	12
151	0	0.000	2.353	12	12	21	21	11	22	22	12	21	22	11	22	12	22	22	21	22	22	12	12	12	22	21	21	21	11	21	12	22	22	12	22	22	21	11	11	11	22	12	11	21	11	21	12	12	21	22	21	21	11	22	21	21	12	11	12	12	11	22	21	12	21	12	11	22	12	11	21	22	11	22	12	12	12	22	12	21	21	22	22	11	21	22	11	12	12	21	12
146	0	0.000	2.353	12	12	21	21	11	22	22	12	21	22	11	22	12	22	22	21	22	22	12	12	12	22	21	21	21	11	21	12	22	22	12	22	22	21	11	11	11	22	12	11	21	11	21	12	12	21	22	21	21	11	22	21	21	12	11	12	12	11	22	21	12	21	12	11	22	12	11	21	22	11	22	12	12	12	22	12	21	21	22	22	11	21	22	11	12	12	21	12
157	0	0.000	3.530	12	12	21	21	11	22	22	12	21	21	11	22	12	22	22	21	22	22	12	12	12	22	21	21	21	11	21	12	22	22	12	22	22	21	11	11	11	22	12	11	21	11	21	12	12	21	22	21	21	11	22	21	21	12	11	12	12	11	22	21	12	21	12	11	22	12	11	21	22	11	22	12	12	12	22	12	21	21	22	22	11	21	22	11	12	12	21	12
145	0	0.000	3.530	12	12	21	21	11	22	22	12	21	21	11	22	12	22	22	21	22	22	12	12	12	22	21	21	21	11	21	12	22	22	12	22	22	21	11	11	11	22	12	11	21	11	21	12	12	21	22	21	21	11	22	21	21	12	11	12	12	11	22	21	12	21	12	11	22	12	11	21	22	11	22	12	12	12	22	12	21	21	22	22	11	21	22	11	12	12	21	12
161	0	0.000	3.530	12	12	21	21	11	22	22	12	21	21	11	22	12	22	22	21	22	22	12	12	12	22	21	21	21	11	21	12	22	22	12	22	22	21	11	11	11	22	12	11	21	11	21	12	12	21	22	21	21	11	22	21	21	12	11	12	12	11	22	21	12	21	12	11	22	12	11	21	22	11	22	12	12	12	22	12	21	21	22	22	11	21	22	11	12	12	21	12
158	0	0.000	3.530	12	12	21	21	11	22	22	12	21	21	11	22	12	22	22	21	22	22	12	12	12	22	21	21	21	11	21	12	22	22	12	22	22	21	11	11	11	22	12	11	21	11	21	12	12	21	22	21	21	11	22	21	21	12	11	12	12	11	22	21	12	21	12	11	22	12	11	21	22	11	22	12	12	12	22	12	21	21	22	22	11	21	22	11	12	12	21	12
160	0	0.000	3.530	12	12	21	21	11	22	22	12	21	21	11	22	12	22	22	21	22	22	12	12	12	22	21	21	21	11	21	12	22	22	12	22	22	21	11	11	11	22	12	11	21	11	21	12	12	21	22	21	21	11	22	21	21	12	11	12	12	11	22	21	12	21	12	11	22	12	11	21	22	11	22	12	12	12	22	12	21	21	22	22	11	21	22	11	12	12	21	12
159	0	0.000	3.530	12	12	21	21	11	22	22	12	21	21	11	22	12	22	22	21	22	22	12	12	12	22	21	21	21	11	21	12	22	22	12	22	22	21	11	11	11	22	12	11	21	11	21	12	12	21	22	21	21	11	22	21	21	12	11	12	12	11	22	21	12	21	12	11	22	12	11	21	22	11	22	12	12	12	22	12	21	21	22	22	11	21	22	11	12	12	21	12
153	0	0.000	3.530	12	12	21	21	11	22	22	12	21	21	11	22	12	22	22	21	22	22	12	12	12	22	21	21	21	11	21	12	22	22	12	22	22	21	11	11	11	22	12	11	21	11	21	12	12	21	22	21	21	11	22	21	21	12	11	12	12	11	22	21	12	21	12	11	22	12	11	21	22	11	22	12	12	12	22	12	21	21	22	22	11	21	22	11	12	12	21	12
154	0	0.000	3.530	12	12	21	21	11	22	22	12	21	21	11	22	12	22	22	21	22	22	12	12	12	22	21	21	21	11	21	12	22	22	12	22	22	21	11	11	11	22	12	11	21	11	21	12	12	21	22	21	21	11	22	21	21	12	11	12	12	11	22	21	12	21	12	11	22	12	11	21	22	11	22	12	12	12	22	12	21	21	22	22	11	21	22	11	12	12	21	12
144	0	0.000	5.911	12	12	21	21	11	22	22	12	21	21	11	22	12	22	22	21	22	22	11	12	11	22	21	21	21	11	21	12	22	22	12	22	22	21	11	11	11	22	12	11	21	11	21	12	12	21	22	21	21	11	22	21	21	12	11	12	12	11	22	21	12	21	12	11	22	12	11	21	22	11	22	12	12	12	22	12	21	21	22	22	11	21	22	11	12	12	21	12
141	0	0.000	5.911	12	12	21	21	11	22	22	12	21	21	11	22	12	22	22	21	22	22	11	12	11	22	21	21	21	11	21	12	22	22	12	22	22	21	11	11	11	22	12	11	21	11	21	12	12	21	22	21	21	11	22	21	21	12	11	12	12	11	22	21	12	21	12	11	22	12	11	21	22	11	22	12	12	12	22	12	21	21	22	22	11	21	22	11	12	12	21	12
142	0	0.000	5.911	12	12	21	21	11	22	22	12	21	21	11	22	12	22	22	21	22	22	11	12	11	22	21	21	21	11	21	12	22	22	12	22	22	21	11	11	11	22	12	11	21	11	21	12	12	21	22	21	21	11	22	21	21	12	11	12	12	11	22	21	12	21	12	11	22	12	11	21	22	11	22	12	12	12	22	12	21	21	22	22	11	21	22	11	12	12	21	12
143	0	0.000	5.911	12	12	21	21	11	22	22	12	21	21	11	22	12	22	22	21	22	22	11	12	11	22	21	21	21	11	21	12	22	22	12	22	22	21	11	11	11	22	12	11	21	11	21	12	12	21	22	21	21	11	22	21	21	12	11	12	12	11	22	21	12	21	12	11	22	12	11	21	22	11	22	12	12	12	22	12	21	21	22	22	11	21	22	11	12	12	21	12
138	0	0.000	8.292	12	12	21	21	11	21	22	12	21	21	11	22	12	22	22	21	22	22	11	12	11	22	21	21	21	11	21	12	22	22	12	22	22	21	11	11	11	22	12	11	21	11	21	12	12	21	22	21	21	11	22	21	21	12	11	12	12	11	22	21	12	21	12	11	22	12	11	21	22	11	22	12	12	12	21	12	21	21	22	22	11	21	22	11	12	12	21	12
139	0	0.000	8.292	12	12	21	21	11	21	22	12	21	21	11	22	12	22	22	21	22	22	11	12	11	22	21	21	21	11	21	12	22	22	12	22	22	21	11	11	11	22	12	11	21	11	21	12	12	21	22	21	21	11	22	21	21	12	11	12	12	11	22	21	12	21	12	11	22	12	11	21	22	11	22	12	12	12	21	12	21	21	22	22	11	21	22	11	12	12	21	12
140	0	0.000	8.292	12	12	21	21	11	21	22	12	21	21	11	22	12	22	22	21	22	22	11	12	11	22	21	21	21	11	21	12	22	22	12	22	22	21	11	11	11	22	12	11	21	11	21	12	12	21	22	21	21	11	22	21	21	12	11	12	12	11	22	21	12	21	12	11	22	12	11	21	22	11	22	12	12	12	21	12	21	21	22	22	11	21	22	11	12	12	21	12
136	0	0.000	13.174	12	12	21	21	11	21	22	12	21	21	11	22	12	22	22	21	22	22	11	12	11	22	21	21	21	11	21	11	22	22	12	22	22	21	11	11	12	22	12	11	21	11	21	12	12	21	22	21	21	11	22	21	21	12	11	12	12	11	22	22	12	21	12	11	22	12	11	21	22	11	22	12	12	12	21	12	21	21	22	22	11	21	22	11	12	11	21	12
137	0	0.000	13.174	12	12	21	21	11	21	22	12	21	21	11	22	12	22	22	21	22	22	11	12	11	22	21	21	21	11	21	11	22	22	12	22	22	21	11	11	12	22	12	11	21	11	21	12	12	21	22	21	21	11	22	21	21	12	11	12	12	11	22	22	12	21	12	11	22	12	11	21	22	11	22	12	12	12	21	12	21	21	22	22	11	21	22	11	12	11	21	12
135	0	0.000	13.174	12	12	21	21	11	21	22	12	21	21	11	22	12	22	22	21	22	22	11	12	11	22	21	21	21	11	21	11	22	22	12	22	22	21	11	11	12	22	12	11	21	11	21	12	12	21	22	21	21	11	22	21	21	12	11	12	12	11	22	22	12	21	12	11	22	12	11	21	22	11	22	12	12	12	21	12	21	21	22	22	11	21	22	11	12	11	21	12
129	0	0.000	14.351	12	12	21	21	11	21	22	12	21	21	11	22	12	22	22	21	22	22	11	12	11	22	21	21	21	11	21	11	22	22	12	22	22	21	11	11	12	22	12	11	21	11	21	12	12	21	22	21	21	12	22	21	21	12	11	12	12	11	22	22	12	21	12	11	22	12	11	21	22	11	22	12	12	12	21	12	21	21	22	22	11	21	22	11	12	11	21	12
134	0	0.000	14.351	12	12	21	21	11	21	22	12	21	21	11	22	12	22	22	21	22	22	11	12	11	22	21	21	21	11	21	11	22	22	12	22	22	21	11	11	12	22	12	11	21	11	21	12	12	21	22	21	21	12	22	21	21	12	11	12	12	11	22	22	12	21	12	11	22	12	11	21	22	11	22	12	12	12	21	12	21	21	22	22	11	21	22	11	12	11	21	12
119	0	0.000	14.351	12	12	21	21	11	21	22	12	21	21	11	22	12	22	22	21	22	22	11	12	11	22	21	21	21	11	21	11	22	22	12	22	22	21	11	11	12	22	12	11	21	11	21	12	12	21	22	21	21	12	22	21	21	12	11	12	12	11	22	22	12	21	12	11	22	12	11	21	22	11	22	12	12	12	21	12	21	21	22	22	11	21	22	11	12	11	21	12
132	0	0.000	15.527	12	12	21	21	11	21	22	12	21	21	11	22	12	22	22	21	22	22	11	12	11	22	21	21	21	11	21	11	22	22	12	22	22	21	11	11	12	22	12	11	21	11	21	12	12	21	22	21	21	12	22	21	21	12	11	12	12	11	22	22	12	21	12	11	22	12	11	21	22	11	22	12	12	12	21	12	21	21	22	21	11	21	22	11	12	11	21	12
131	0	0.000	15.527	12	12	21	21	11	21	22	12	21	21	11	22	12	22	22	21	22	22	11	12	11	22	21	21	21	11	21	11	22	22	12	22	22	21	11	11	12	22	12	11	21	11	21	12	12	21	22	21	21	12	22	21	21	12	11	12	12	11	22	22	12	21	12	11	22	12	11	21	22	11	22	12	12	12	21	12	21	21	22	21	11	21	22	11	12	11	21	12
130	0	0.000	15.527	12	12	21	21	11	21	22	12	21	21	11	22	12	22	22	21	22	22	11	12	11	22	21	21	21	11	21	11	22	22	12	22	22	21	11	11	12	22	12	11	21	11	21	12	12	21	22	21	21	12	22	21	21	12	11	12	12	11	22	22	12	21	12	11	22	12	11	21	22	11	22	12	12	12	21	12	21	21	22	21	11	21	22	11	12	11	21	12
133	0	0.000	16.704	12	12	21	21	11	21	22	12	21	21	11	22	12	22	22	21	22	22	11	12	11	22	21	21	21	11	21	11	22	22	12	22	22	21	11	11	12	22	12	11	21	11	21	12	12	21	22	21	21	12	22	21	21	12	11	12	12	11	22	22	12	21	12	11	22	12	11	21	22	11	22	12	12	12	21	12	21	21	22	22	11	21	22	11	12	11	21	12
118	0	0.000	17.880	12	12	21	21	11	21	22	12	21	21	11	22	12	22	22	21	21	22	11	12	11	22	21	21	21	11	21	11	22	22	12	22	22	21	11	11	12	22	12	11	21	11	21	12	12	21	22	21	21	12	22	21	21	12	11	12	12	11	22	22	12	21	12	11	22	12	11	21	22	11	22	12	12	12	21	12	21	21	22	22	11	21	22	11	12	11	21	12
120	0	0.000	17.880	12	12	21	21	11	21	22	12	21	21	11	22	12	22	22	21	21	22	11	12	11	22	21	21	21	11	21	11	22	22	12	22	22	21	11	11	12	22	12	11	21	11	21	12	12	21	22	21	21	12	22	21	21	12	11	12	12	11	22	22	12	21	12	11	22	12	11	21	22	11	22	12	12	12	21	12	21	21	22	22	11	21	22	11	12	11	21	12
121	0	0.000	17.880	12	12	21	21	11	21	22	12	21	21	11	22	12	22	22	21	21	22	11	12	11	22	21	21	21	11	21	11	22	22	12	22	22	21	11	11	12	22	12	11	21	11	21	12	12	21	22	21	21	12	22	21	21	12	11	12	12	11	22	22	12	21	12	11	22	12	11	21	22	11	22	12	12	12	21	12	21	21	22	22	11	21	22	11	12	11	21	12
124	0	0.000	17.880	12	12	21	21	11	21	22	12	21	21	11	22	12	22	22	21	21	22	11	12	11	22	21	21	21	11	21	11	22	22	12	22	22	21	11	11	12	22	12	11	21	11	21	12	12	21	22	21	21	12	22	21	21	12	11	12	12	11	22	22	12	21	12	11	22	12	11	21	22	11	22	12	12	12	21	12	21	21	22	22	11	21	22	11	12	11	21	12
127	0	0.000	17.880	12	12	21	21	11	21	22	12	21	21	11	22	12	22	22	21	21	22	11	12	11	22	21	21	21	11	21	11	22	22	12	22	22	21	11	11	12	22	12	11	21	11	21	12	12	21	22	21	21	12	22	21	21	12	11	12	12	11	22	22	12	21	12	11	22	12	11	21	22	11	22	12	12	12	21	12	21	21	22	22	11	21	22	11	12	11	21	12
123	0	0.000	17.880	12	12	21	21	11	21	22	12	21	21	11	22	12	22	22	21	21	22	11	12	11	22	21	21	21	11	21	11	22	22	12	22	22	21	11	11	12	22	12	11	21	11	21	12	12	21	22	21	21	12	22	21	21	12	11	12	12	11	22	22	12	21	12	11	22	12	11	21	22	11	22	12	12	12	21	12	21	21	22	22	11	21	22	11	12	11	21	12
125	0	0.000	17.880	12	12	21	21	11	21	22	12	21	21	11	22	12	22	22	21	21	22	11	12	11	22	21	21	21	11	21	11	22	22	12	22	22	21	11	11	12	22	12	11	21	11	21	12	12	21	22	21	21	12	22	21	21	12	11	12	12	11	22	22	12	21	12	11	22	12	11	21	22	11	22	12	12	12	21	12	21	21	22	22	11	21	22	11	12	11	21	12
126	0	0.000	17.880	12	12	21	21	11	21	22	12	21	21	11	22	12	22	22	21	21	22	11	12	11	22	21	21	21	11	21	11	22	22	12	22	22	21	11	11	12	22	12	11	21	11	21	12	12	21	22	21	21	12	22	21	21	12	11	12	12	11	22	22	12	21	12	11	22	12	11	21	22	11	22	12	12	12	21	12	21	21	22	22	11	21	22	11	12	11	21	12
122	0	0.000	17.880	12	12	21	21	11	21	22	12	21	21	11	22	12	22	22	21	21	22	11	12	11	22	21	21	21	11	21	11	22	22	12	22	22	21	11	11	12	22	12	11	21	11	21	12	12	21	22	21	21	12	22	21	21	12	11	12	12	11	22	22	12	21	12	11	22	12	11	21	22	11	22	12	12	12	21	12	21	21	22	22	11	21	22	11	12	11	21	12
128	0	0.000	17.880	12	12	21	21	11	21	22	12	21	21	11	22	12	22	22	21	21	22	11	12	11	22	21	21	21	11	21	11	22	22	12	22	22	21	11	11	12	22	12	11	21	11	21	12	12	21	22	21	21	12	22	21	21	12	11	12	12	11	22	22	12	21	12	11	22	12	11	21	22	11	22	12	12	12	21	12	21	21	22	22	11	21	22	11	12	11	21	12
116	0	2.381	19.057	12	12	21	21	11	21	22	12	21	21	11	22	12	21	22	21	21	22	11	12	11	22	11	11	21	11	21	11	22	22	12	22	22	21	11	11	12	22	12	11	21	11	21	12	12	21	22	21	21	12	22	21	21	12	11	12	12	11	22	22	12	21	12	11	22	12	11	21	22	11	22	12	12	12	21	12	21	21	22	22	11	21	22	11	12	11	21	12
114	0	2.381	19.057	12	12	21	21	11	21	22	12	21	21	11	22	12	21	22	21	21	22	11	12	11	22	11	11	21	11	21	11	22	22	12	22	22	21	11	11	12	22	12	11	21	11	21	12	12	21	22	21	21	12	22	21	21	12	11	12	12	11	22	22	12	21	12	11	22	12	11	21	22	11	22	12	12	12	21	12	21	21	22	22	11	21	22	11	12	11	21	12
112	0	3.558	19.057	12	12	21	21	11	21	22	12	21	11	11	22	12	21	22	21	21	22	11	12	11	22	11	11	21	11	21	11	22	22	12	22	22	21	11	11	12	22	12	11	21	11	21	12	12	21	22	21	21	12	22	21	21	12	11	12	12	11	22	22	12	21	12	11	22	12	11	21	22	11	22	12	12	12	21	12	21	21	22	22	11	21	22	11	12	11	21	12
113	0	3.558	19.057	12	12	21	21	11	21	22	12	21	11	11	22	12	21	22	21	21	22	11	12	11	22	11	11	21	11	21	11	22	22	12	22	22	21	11	11	12	22	12	11	21	11	21	12	12	21	22	21	21	12	22	21	21	12	11	12	12	11	22	22	12	21	12	11	22	12	11	21	22	11	22	12	12	12	21	12	21	21	22	22	11	21	22	11	12	11	21	12
111	0	3.558	19.057	12	12	21	21	11	21	22	12	21	11	11	22	12	21	22	21	21	22	11	12	11	22	11	11	21	11	21	11	22	22	12	22	22	21	11	11	12	22	12	11	21	11	21	12	12	21	22	21	21	12	22	21	21	12	11	12	12	11	22	22	12	21	12	11	22	12	11	21	22	11	22	12	12	12	21	12	21	21	22	22	11	21	22	11	12	11	21	12
117	0	3.558	19.057	12	12	21	21	11	21	22	12	21	11	11	22	12	21	22	21	21	22	11	12	11	22	11	11	21	11	21	11	22	22	12	22	22	21	11	11	12	22	12	11	21	11	21	12	12	21	22	21	21	12	22	21	21	12	11	12	12	11	22	22	12	21	12	11	22	12	11	21	22	11	22	12	12	12	21	12	21	21	22	22	11	21	22	11	12	11	21	12
115	0	3.558	19.057	12	12	21	21	11	21	22	12	21	11	11	22	12	21	22	21	21	22	11	12	11	22	11	11	21	11	21	11	22	22	12	22	22	21	11	11	12	22	12	11	21	11	21	12	12	21	22	21	21	12	22	21	21	12	11	12	12	11	22	22	12	21	12	11	22	12	11	21	22	11	22	12	12	12	21	12	21	21	22	22	11	21	22	11	12	11	21	12
109	0	3.558	20.233	12	12	21	21	11	21	21	12	21	11	11	22	12	21	22	21	21	22	11	12	11	22	11	11	21	11	21	11	22	22	12	22	22	21	11	11	12	22	12	11	21	11	21	12	12	21	22	21	21	12	22	21	21	12	11	12	12	11	22	22	12	21	12	11	22	12	11	21	22	11	22	12	12	12	21	12	21	21	22	22	11	21	22	11	12	11	21	12
110	0	4.734	20.233	12	12	21	21	11	21	21	12	21	21	11	22	12	21	22	21	21	22	11	12	11	22	11	11	21	11	21	11	22	22	12	22	22	21	11	11	12	22	12	11	21	11	21	12	12	21	22	21	21	12	22	21	21	12	11	12	12	11	22	22	12	21	12	11	22	12	11	21	22	11	22	12	12	12	21	12	21	21	22	22	11	21	22	11	12	11	21	12
108	0	4.734	20.233	12	12	21	21	11	21	21	12	21	21	11	22	12	21	22	21	21	22	11	12	11	22	11	11	21	11	21	11	22	22	12	22	22	21	11	11	12	22	12	11	21	11	21	12	12	21	22	21	21	12	22	21	21	12	11	12	12	11	22	22	12	21	12	11	22	12	11	21	22	11	22	12	12	12	21	12	21	21	22	22	11	21	22	11	12	11	21	12
106	0	4.734	23.849	12	12	21	21	11	21	21	12	21	21	11	22	12	21	22	21	21	22	11	12	11	22	11	11	21	11	21	11	22	22	12	22	22	21	11	11	12	22	12	11	22	11	21	12	12	21	22	21	21	12	22	22	21	12	11	12	12	11	22	22	12	21	12	11	21	12	11	21	22	11	22	12	12	12	21	12	21	21	22	22	11	21	22	11	12	11	21	12
105	0	4.734	23.849	12	12	21	21	11	21	21	12	21	21	11	22	12	21	22	21	21	22	11	12	11	22	11	11	21	11	21	11	22	22	12	22	22	21	11	11	12	22	12	11	22	11	21	12	12	21	22	21	21	12	22	22	21	12	11	12	12	11	22	22	12	21	12	11	21	12	11	21	22	11	22	12	12	12	21	12	21	21	22	22	11	21	22	11	12	11	21	12
104	0	7.116	23.849	12	12	21	21	11	21	21	12	21	21	11	22	12	21	22	21	21	22	11	12	11	22	11	21	21	11	21	11	22	22	12	22	22	21	11	11	12	22	12	11	12	11	21	12	12	21	22	21	21	12	22	22	21	12	11	12	12	11	22	22	12	21	12	11	21	12	11	21	22	11	22	12	12	12	21	12	21	21	22	22	11	21	22	11	12	11	21	12
102	0	7.116	23.849	12	12	21	21	11	21	21	12	21	21	11	22	12	21	22	21	21	22	11	12	11	22	11	21	21	11	21	11	22	22	12	22	22	21	11	11	12	22	12	11	12	11	21	12	12	21	22	21	21	12	22	22	21	12	11	12	12	11	22	22	12	21	12	11	21	12	11	21	22	11	22	12	12	12	21	12	21	21	22	22	11	21	22	11	12	11	21	12
101	0	7.116	23.849	12	12	21	21	11	21	21	12	21	21	11	22	12	21	22	21	21	22	11	12	11	22	11	21	21	11	21	11	22	22	12	22	22	21	11	11	12	22	12	11	12	11	21	12	12	21	22	21	21	12	22	22	21	12	11	12	12	11	22	22	12	21	12	11	21	12	11	21	22	11	22	12	12	12	21	12	21	21	22	22	11	21	22	11	12	11	21	12
103	0	7.116	23.849	12	12	21	21	11	21	21	12	21	21	11	22	12	21	22	21	21	22	11	12	11	22	11	21	21	11	21	11	22	22	12	22	22	21	11	11	12	22	12	11	12	11	21	12	12	21	22	21	21	12	22	22	21	12	11	12	12	11	22	22	12	21	12	11	21	12	11	21	22	11	22	12	12	12	21	12	21	21	22	22	11	21	22	11	12	11	21	12
107	0	8.292	25.026	12	12	21	21	11	21	21	12	21	21	11	22	12	21	22	21	21	22	11	12	11	22	11	11	21	11	21	11	22	22	12	22	22	21	11	11	12	22	12	11	12	11	21	12	12	21	22	21	21	12	22	22	21	12	11	12	12	11	22	22	12	22	12	11	21	12	11	21	22	11	22	12	12	12	21	12	21	21	22	22	11	21	22	11	12	11	21	12
99	0	9.469	27.407	12	12	21	21	11	21	21	12	21	21	11	22	12	21	22	21	21	22	11	12	11	22	11	11	21	11	21	11	22	22	12	22	22	21	11	11	12	22	12	11	12	11	22	12	12	21	22	21	21	12	22	22	21	12	11	12	12	11	22	22	12	22	22	11	21	11	11	21	22	11	22	12	12	12	21	12	21	21	22	22	11	21	22	11	12	11	21	12
100	0	9.469	27.407	12	12	21	21	11	21	21	12	21	21	11	22	12	21	22	21	21	22	11	12	11	22	11	11	21	11	21	11	22	22	12	22	22	21	11	11	12	22	12	11	12	11	22	12	12	21	22	21	21	12	22	22	21	12	11	12	12	11	22	22	12	22	22	11	21	11	11	21	22	11	22	12	12	12	21	12	21	21	22	22	11	21	22	11	12	11	21	12
98	0	9.469	27.407	12	12	21	21	11	21	21	12	21	21	11	22	12	21	22	21	21	22	11	12	11	22	11	11	21	11	21	11	22	22	12	22	22	21	11	11	12	22	12	11	12	11	22	12	12	21	22	21	21	12	22	22	21	12	11	12	12	11	22	22	12	22	22	11	21	11	11	21	22	11	22	12	12	12	21	12	21	21	22	22	11	21	22	11	12	11	21	12
96	0	10.645	28.584	12	12	21	21	11	21	21	12	21	21	11	22	12	21	22	21	21	22	11	12	11	22	11	11	21	11	21	11	22	22	12	22	22	21	11	11	12	22	12	11	12	11	22	12	12	11	22	21	21	12	22	22	21	12	11	12	12	11	22	22	12	22	22	11	21	11	11	21	22	11	22	12	12	12	21	12	21	22	22	22	11	21	22	11	12	11	21	12
97	0	10.645	28.584	12	12	21	21	11	21	21	12	21	21	11	22	12	21	22	21	21	22	11	12	11	22	11	11	21	11	21	11	22	22	12	22	22	21	11	11	12	22	12	11	12	11	22	12	12	11	22	21	21	12	22	22	21	12	11	12	12	11	22	22	12	22	22	11	21	11	11	21	22	11	22	12	12	12	21	12	21	22	22	22	11	21	22	11	12	11	21	12
87	0	10.645	29.760	12	12	21	21	11	21	21	12	21	21	11	22	12	21	22	21	21	22	11	12	11	22	11	11	21	11	21	11	22	22	12	22	22	21	11	11	12	22	12	11	12	11	22	12	12	11	22	21	21	12	22	22	21	12	11	12	12	11	22	22	12	22	22	11	21	11	11	21	22	11	22	12	12	12	21	12	21	22	22	22	11	21	22	11	12	11	22	12
89	0	10.645	30.937	12	12	21	21	11	21	21	12	22	21	11	22	12	21	22	21	21	22	11	12	11	22	11	11	21	11	21	11	22	22	12	22	22	21	11	11	12	22	12	11	12	11	22	12	12	11	22	21	21	12	22	22	21	12	11	12	12	11	22	22	12	22	22	11	21	11	11	21	22	11	22	12	12	12	21	12	21	22	22	22	11	21	22	11	12	11	22	12
90	0	10.645	30.937	12	12	21	21	11	21	21	12	22	21	11	22	12	21	22	21	21	22	11	12	11	22	11	11	21	11	21	11	22	22	12	22	22	21	11	11	12	22	12	11	12	11	22	12	12	11	22	21	21	12	22	22	21	12	11	12	12	11	22	22	12	22	22	11	21	11	11	21	22	11	22	12	12	12	21	12	21	22	22	22	11	21	22	11	12	11	22	12
88	0	10.645	30.937	12	12	21	21	11	21	21	12	22	21	11	22	12	21	22	21	21	22	11	12	11	22	11	11	21	11	21	11	22	22	12	22	22	21	11	11	12	22	12	11	12	11	22	12	12	11	22	21	21	12	22	22	21	12	11	12	12	11	22	22	12	22	22	11	21	11	11	21	22	11	22	12	12	12	21	12	21	22	22	22	11	21	22	11	12	11	22	12
92	0	13.027	30.937	12	12	21	21	11	21	21	12	12	11	11	22	12	21	22	21	21	22	11	12	11	22	11	11	21	11	21	11	22	22	12	22	22	21	11	11	12	22	12	11	12	11	22	12	12	11	22	21	21	12	22	22	21	12	11	12	12	11	22	22	12	22	22	11	21	11	11	21	22	11	22	12	12	12	21	12	21	22	22	22	11	21	22	11	12	11	22	12
91	0	13.027	30.937	12	12	21	21	11	21	21	12	12	11	11	22	12	21	22	21	21	22	11	12	11	22	11	11	21	11	21	11	22	22	12	22	22	21	11	11	12	22	12	11	12	11	22	12	12	11	22	21	21	12	22	22	21	12	11	12	12	11	22	22	12	22	22	11	21	11	11	21	22	11	22	12	12	12	21	12	21	22	22	22	11	21	22	11	12	11	22	12
93	0	15.408	30.937	12	12	21	21	11	11	21	12	12	11	11	22	12	21	22	21	21	22	11	12	11	22	11	11	21	11	21	11	22	22	12	22	22	21	11	11	12	22	12	11	12	11	22	12	12	11	22	21	11	12	22	22	21	12	11	12	12	11	22	22	12	22	22	11	21	11	11	21	22	11	22	12	12	12	21	12	21	22	22	22	11	21	22	11	12	11	22	12
95	0	15.408	30.937	12	12	21	21	11	11	21	12	12	11	11	22	12	21	22	21	21	22	11	12	11	22	11	11	21	11	21	11	22	22	12	22	22	21	11	11	12	22	12	11	12	11	22	12	12	11	22	21	11	12	22	22	21	12	11	12	12	11	22	22	12	22	22	11	21	11	11	21	22	11	22	12	12	12	21	12	21	22	22	22	11	21	22	11	12	11	22	12
94	0	15.408	30.937	12	12	21	21	11	11	21	12	12	11	11	22	12	21	22	21	21	22	11	12	11	22	11	11	21	11	21	11	22	22	12	22	22	21	11	11	12	22	12	11	12	11	22	12	12	11	22	21	11	12	22	22	21	12	11	12	12	11	22	22	12	22	22	11	21	11	11	21	22	11	22	12	12	12	21	12	21	22	22	22	11	21	22	11	12	11	22	12
85	0	16.585	34.553	12	12	21	21	21	11	21	12	12	11	12	22	12	21	22	21	21	22	11	12	11	22	11	11	21	11	21	11	22	22	12	22	22	21	11	11	12	22	12	11	12	11	22	12	12	11	22	21	12	12	22	22	21	12	11	12	12	11	22	22	12	22	22	12	21	11	11	21	22	11	22	12	12	12	21	12	21	22	22	22	11	21	22	11	12	11	22	12
83	0	16.585	34.553	12	12	21	21	21	11	21	12	12	11	12	22	12	21	22	21	21	22	11	12	11	22	11	11	21	11	21	11	22	22	12	22	22	21	11	11	12	22	12	11	12	11	22	12	12	11	22	21	12	12	22	22	21	12	11	12	12	11	22	22	12	22	22	12	21	11	11	21	22	11	22	12	12	12	21	12	21	22	22	22	11	21	22	11	12	11	22	12
84	0	16.585	34.553	12	12	21	21	21	11	21	12	12	11	12	22	12	21	22	21	21	22	11	12	11	22	11	11	21	11	21	11	22	22	12	22	22	21	11	11	12	22	12	11	12	11	22	12	12	11	22	21	12	12	22	22	21	12	11	12	12	11	22	22	12	22	22	12	21	11	11	21	22	11	22	12	12	12	21	12	21	22	22	22	11	21	22	11	12	11	22	12
86	0	17.761	35.730	12	12	21	21	11	11	21	12	12	11	12	22	12	21	22	21	21	22	11	12	11	22	11	11	21	11	21	11	22	22	12	22	22	21	11	11	12	22	12	11	12	11	22	12	12	11	22	21	12	12	22	22	21	12	11	12	12	11	22	22	12	22	21	12	21	11	11	21	22	11	22	12	12	12	21	12	21	22	22	22	11	21	22	11	12	11	22	12
81	0	17.761	36.906	12	12	21	21	11	11	21	12	12	11	12	22	12	21	22	21	21	22	11	12	11	22	11	11	21	11	21	11	22	22	12	22	22	21	11	11	12	22	12	11	12	11	22	12	12	11	22	21	12	12	22	22	21	12	11	12	12	11	22	22	12	22	21	12	21	11	11	21	22	11	22	12	12	12	21	12	21	22	22	22	11	21	21	11	12	11	22	12
82	0	17.761	36.906	12	12	21	21	11	11	21	12	12	11	12	22	12	21	22	21	21	22	11	12	11	22	11	11	21	11	21	11	22	22	12	22	22	21	11	11	12	22	12	11	12	11	22	12	12	11	22	21	12	12	22	22	21	12	11	12	12	11	22	22	12	22	21	12	21	11	11	21	22	11	22	12	12	12	21	12	21	22	22	22	11	21	21	11	12	11	22	12
75	0	18.938	36.906	12	12	21	21	11	11	21	12	12	11	12	22	12	21	22	21	21	22	11	12	11	22	11	11	21	11	21	11	22	22	12	22	22	21	11	11	12	22	12	11	12	11	22	12	12	11	22	11	12	12	22	22	21	12	11	12	12	11	22	22	12	22	21	12	21	11	11	21	22	11	22	12	12	12	21	12	21	22	22	22	11	21	21	11	12	11	22	12
73	0	18.938	36.906	12	12	21	21	11	11	21	12	12	11	12	22	12	21	22	21	21	22	11	12	11	22	11	11	21	11	21	11	22	22	12	22	22	21	11	11	12	22	12	11	12	11	22	12	12	11	22	11	12	12	22	22	21	12	11	12	12	11	22	22	12	22	21	12	21	11	11	21	22	11	22	12	12	12	21	12	21	22	22	22	11	21	21	11	12	11	22	12
72	0	18.938	36.906	12	12	21	21	11	11	21	12	12	11	12	22	12	21	22	21	21	22	11	12	11	22	11	11	21	11	21	11	22	22	12	22	22	21	11	11	12	22	12	11	12	11	22	12	12	11	22	11	12	12	22	22	21	12	11	12	12	11	22	22	12	22	21	12	21	11	11	21	22	11	22	12	12	12	21	12	21	22	22	22	11	21	21	11	12	11	22	12
80	0	18.938	36.906	12	12	21	21	11	11	21	12	12	11	12	22	12	21	22	21	21	22	11	12	11	22	11	11	21	11	21	11	22	22	12	22	22	21	11	11	12	22	12	11	12	11	22	12	12	11	22	11	12	12	22	22	21	12	11	12	12	11	22	22	12	22	21	12	21	11	11	21	22	11	22	12	12	12	21	12	21	22	22	22	11	21	21	11	12	11	22	12
79	0	20.114	36.906	12	12	21	21	11	11	21	12	12	21	12	22	12	21	22	21	21	22	11	12	11	22	11	11	21	11	21	11	22	22	12	22	22	21	11	11	12	22	12	11	12	11	22	12	12	11	22	11	12	12	22	22	21	12	11	12	12	11	22	22	12	22	21	12	21	11	11	21	22	11	22	12	12	12	21	12	21	22	22	22	11	21	21	11	12	11	22	12
76	0	20.114	36.906	12	12	21	21	11	11	21	12	12	21	12	22	12	21	22	21	21	22	11	12	11	22	11	11	21	11	21	11	22	22	12	22	22	21	11	11	12	22	12	11	12	11	22	12	12	11	22	11	12	12	22	22	21	12	11	12	12	11	22	22	12	22	21	12	21	11	11	21	22	11	22	12	12	12	21	12	21	22	22	22	11	21	21	11	12	11	22	12
78	0	20.114	36.906	12	12	21	21	11	11	21	12	12	21	12	22	12	21	22	21	21	22	11	12	11	22	11	11	21	11	21	11	22	22	12	22	22	21	11	11	12	22	12	11	12	11	22	12	12	11	22	11	12	12	22	22	21	12	11	12	12	11	22	22	12	22	21	12	21	11	11	21	22	11	22	12	12	12	21	12	21	22	22	22	11	21	21	11	12	11	22	12
74	0	20.114	36.906	12	12	21	21	11	11	21	12	12	21	12	22	12	21	22	21	21	22	11	12	11	22	11	11	21	11	21	11	22	22	12	22	22	21	11	11	12	22	12	11	12	11	22	12	12	11	22	11	12	12	22	22	21	12	11	12	12	11	22	22	12	22	21	12	21	11	11	21	22	11	22	12	12	12	21	12	21	22	22	22	11	21	21	11	12	11	22	12
77	0	20.114	36.906	12	12	21	21	11	11	21	12	12	21	12	22	12	21	22	21	21	22	11	12	11	22	11	11	21	11	21	11	22	22	12	22	22	21	11	11	12	22	12	11	12	11	22	12	12	11	22	11	12	12	22	22	21	12	11	12	12	11	22	22	12	22	21	12	21	11	11	21	22	11	22	12	12	12	21	12	21	22	22	22	11	21	21	11	12	11	22	12
70	0	21.291	39.287	12	12	21	21	11	11	21	12	12	21	12	22	12	21	22	21	21	22	11	12	11	22	11	11	21	11	21	11	22	22	12	22	22	21	11	11	12	22	12	11	12	12	22	12	12	11	22	11	12	12	22	22	21	12	11	12	12	12	22	22	12	22	21	12	21	11	11	21	22	11	22	12	12	12	21	12	21	22	22	22	11	21	21	11	12	11	12	12
71	0	21.291	39.287	12	12	21	21	11	11	21	12	12	21	12	22	12	21	22	21	21	22	11	12	11	22	11	11	21	11	21	11	22	22	12	22	22	21	11	11	12	22	12	11	12	12	22	12	12	11	22	11	12	12	22	22	21	12	11	12	12	12	22	22	12	22	21	12	21	11	11	21	22	11	22	12	12	12	21	12	21	22	22	22	11	21	21	11	12	11	12	12
63	0	23.672	39.287	12	12	21	21	11	11	21	12	12	21	12	22	12	21	22	11	21	22	11	12	11	22	11	11	21	11	21	11	22	22	12	22	22	21	11	11	12	22	12	11	12	12	22	12	12	11	22	11	12	12	22	22	21	12	11	12	12	12	22	22	12	22	21	12	21	11	11	21	22	11	22	12	12	12	21	12	21	22	22	22	11	21	11	11	12	11	12	12
67	0	23.672	39.287	12	12	21	21	11	11	21	12	12	21	12	22	12	21	22	11	21	22	11	12	11	22	11	11	21	11	21	11	22	22	12	22	22	21	11	11	12	22	12	11	12	12	22	12	12	11	22	11	12	12	22	22	21	12	11	12	12	12	22	22	12	22	21	12	21	11	11	21	22	11	22	12	12	12	21	12	21	22	22	22	11	21	11	11	12	11	12	12
62	0	23.672	39.287	12	12	21	21	11	11	21	12	12	21	12	22	12	21	22	11	21	22	11	12	11	22	11	11	21	11	21	11	22	22	12	22	22	21	11	11	12	22	12	11	12	12	22	12	12	11	22	11	12	12	22	22	21	12	11	12	12	12	22	22	12	22	21	12	21	11	11	21	22	11	22	12	12	12	21	12	21	22	22	22	11	21	11	11	12	11	12	12
69	0	23.672	40.464	12	12	21	21	11	11	21	12	12	21	12	22	12	21	22	11	21	22	11	12	11	22	11	11	21	11	21	11	22	22	12	22	22	21	11	11	12	22	12	11	12	12	22	12	11	11	22	11	12	12	22	22	21	12	11	12	12	12	22	22	12	22	21	12	21	11	11	21	22	11	22	12	12	12	21	12	21	22	22	22	11	21	11	11	12	11	12	12
61	0	24.849	40.464	12	12	21	21	11	11	21	12	12	21	12	22	12	21	22	11	21	22	11	12	11	22	11	11	21	11	21	11	22	22	12	22	22	21	11	11	12	22	12	11	12	12	22	12	11	11	22	11	12	12	22	22	21	12	11	12	12	12	22	22	12	22	21	12	21	11	11	21	22	11	22	12	12	12	21	12	11	22	22	22	11	21	11	11	12	11	12	12
66	0	27.230	41.641	12	12	11	21	11	11	21	12	12	11	12	22	12	21	22	11	21	22	11	12	11	22	11	11	21	11	21	11	22	22	12	22	22	21	11	11	12	22	12	11	12	12	22	12	11	11	22	11	12	12	22	22	21	12	11	12	12	12	22	22	12	22	21	12	21	11	11	21	21	11	22	12	12	12	21	12	11	22	22	22	11	21	11	11	12	11	12	12
65	0	27.230	41.641	12	12	11	21	11	11	21	12	12	11	12	22	12	21	22	11	21	22	11	12	11	22	11	11	21	11	21	11	22	22	12	22	22	21	11	11	12	22	12	11	12	12	22	12	11	11	22	11	12	12	22	22	21	12	11	12	12	12	22	22	12	22	21	12	21	11	11	21	21	11	22	12	12	12	21	12	11	22	22	22	11	21	11	11	12	11	12	12
64	0	27.230	41.641	12	12	11	21	11	11	21	12	12	11	12	22	12	21	22	11	21	22	11	12	11	22	11	11	21	11	21	11	22	22	12	22	22	21	11	11	12	22	12	11	12	12	22	12	11	11	22	11	12	12	22	22	21	12	11	12	12	12	22	22	12	22	21	12	21	11	11	21	21	11	22	12	12	12	21	12	11	22	22	22	11	21	11	11	12	11	12	12
68	0	28.407	45.257	12	12	12	21	11	11	21	12	12	11	12	22	12	21	22	11	21	22	11	12	11	22	11	11	21	11	21	11	22	22	12	22	22	21	11	11	12	22	12	11	12	12	22	12	21	11	22	11	12	12	22	22	21	12	11	12	12	12	22	22	12	22	21	12	21	11	11	21	22	11	22	12	12	12	21	12	12	22	22	22	11	21	11	11	12	11	12	12
52	0	29.583	46.433	12	12	12	21	11	11	21	12	12	11	12	22	12	21	22	11	21	22	11	12	11	21	11	11	21	11	21	11	22	22	12	22	22	21	11	11	22	22	12	11	12	12	22	12	21	11	22	11	12	12	22	22	21	12	11	12	12	12	22	22	12	22	21	12	21	11	11	21	22	11	22	12	12	12	21	12	12	22	22	22	11	21	11	11	12	11	12	12
53	0	29.583	46.433	12	12	12	21	11	11	21	12	12	11	12	22	12	21	22	11	21	22	11	12	11	21	11	11	21	11	21	11	22	22	12	22	22	21	11	11	22	22	12	11	12	12	22	12	21	11	22	11	12	12	22	22	21	12	11	12	12	12	22	22	12	22	21	12	21	11	11	21	22	11	22	12	12	12	21	12	12	22	22	22	11	21	11	11	12	11	12	12
54	0	29.583	46.433	12	12	12	21	11	11	21	12	12	11	12	22	12	21	22	11	21	22	11	12	11	21	11	11	21	11	21	11	22	22	12	22	22	21	11	11	22	22	12	11	12	12	22	12	21	11	22	11	12	12	22	22	21	12	11	12	12	12	22	22	12	22	21	12	21	11	11	21	22	11	22	12	12	12	21	12	12	22	22	22	11	21	11	11	12	11	12	12
56	0	30.760	46.433	12	12	12	21	11	11	21	12	12	21	12	22	12	21	22	11	21	22	11	12	11	21	11	11	21	11	21	11	22	22	12	22	22	21	11	11	22	22	12	11	12	12	22	12	21	11	22	11	12	12	22	22	21	12	11	12	12	12	22	22	12	22	21	12	21	11	11	21	22	11	22	12	12	12	21	12	12	22	22	22	11	21	11	11	12	11	12	12
58	0	30.760	46.433	12	12	12	21	11	11	21	12	12	21	12	22	12	21	22	11	21	22	11	12	11	21	11	11	21	11	21	11	22	22	12	22	22	21	11	11	22	22	12	11	12	12	22	12	21	11	22	11	12	12	22	22	21	12	11	12	12	12	22	22	12	22	21	12	21	11	11	21	22	11	22	12	12	12	21	12	12	22	22	22	11	21	11	11	12	11	12	12
55	0	30.760	46.433	12	12	12	21	11	11	21	12	12	21	12	22	12	21	22	11	21	22	11	12	11	21	11	11	21	11	21	11	22	22	12	22	22	21	11	11	22	22	12	11	12	12	22	12	21	11	22	11	12	12	22	22	21	12	11	12	12	12	22	22	12	22	21	12	21	11	11	21	22	11	22	12	12	12	21	12	12	22	22	22	11	21	11	11	12	11	12	12
60	0	30.760	46.433	12	12	12	21	11	11	21	12	12	21	12	22	12	21	22	11	21	22	11	12	11	21	11	11	21	11	21	11	22	22	12	22	22	21	11	11	22	22	12	11	12	12	22	12	21	11	22	11	12	12	22	22	21	12	11	12	12	12	22	22	12	22	21	12	21	11	11	21	22	11	22	12	12	12	21	12	12	22	22	22	11	21	11	11	12	11	12	12
59	0	30.760	46.433	12	12	12	21	11	11	21	12	12	21	12	22	12	21	22	11	21	22	11	12	11	21	11	11	21	11	21	11	22	22	12	22	22	21	11	11	22	22	12	11	12	12	22	12	21	11	22	11	12	12	22	22	21	12	11	12	12	12	22	22	12	22	21	12	21	11	11	21	22	11	22	12	12	12	21	12	12	22	22	22	11	21	11	11	12	11	12	12
57	0	30.760	46.433	12	12	12	21	11	11	21	12	12	21	12	22	12	21	22	11	21	22	11	12	11	21	11	11	21	11	21	11	22	22	12	22	22	21	11	11	22	22	12	11	12	12	22	12	21	11	22	11	12	12	22	22	21	12	11	12	12	12	22	22	12	22	21	12	21	11	11	21	22	11	22	12	12	12	21	12	12	22	22	22	11	21	11	11	12	11	12	12
51	0	30.760	50.049	12	12	12	21	11	11	21	12	12	21	12	22	12	21	22	12	21	22	11	12	11	21	11	11	21	11	21	11	22	22	12	22	22	21	11	11	22	21	12	11	12	12	22	12	21	11	22	11	12	12	22	22	21	12	11	12	12	12	22	22	12	22	21	12	21	11	12	21	22	11	22	12	12	12	21	12	12	22	22	22	11	21	11	11	12	11	12	12
49	0	31.936	51.226	12	12	12	21	11	11	21	12	12	21	12	21	12	21	22	12	11	22	11	12	11	21	11	11	21	11	21	11	22	22	12	22	22	21	11	11	22	21	12	11	12	12	22	12	21	11	22	11	12	12	22	22	21	12	11	12	12	12	22	22	12	22	21	12	21	11	12	21	22	11	22	12	12	12	21	12	12	22	22	22	11	21	11	11	12	11	12	12
50	0	31.936	51.226	12	12	12	21	11	11	21	12	12	21	12	21	12	21	22	12	11	22	11	12	11	21	11	11	21	11	21	11	22	22	12	22	22	21	11	11	22	21	12	11	12	12	22	12	21	11	22	11	12	12	22	22	21	12	11	12	12	12	22	22	12	22	21	12	21	11	12	21	22	11	22	12	12	12	21	12	12	22	22	22	11	21	11	11	12	11	12	12
48	0	33.113	51.226	12	12	12	21	11	11	21	12	12	11	12	21	12	21	22	12	11	22	11	12	11	21	11	11	21	11	21	11	22	22	12	22	22	21	11	11	22	21	12	11	12	12	22	12	21	11	22	11	12	12	22	22	21	12	11	12	12	12	22	22	12	22	21	12	21	11	12	21	22	11	22	12	12	12	21	12	12	22	22	22	11	21	11	11	12	11	12	12
47	0	33.113	52.402	12	12	12	21	11	11	21	12	12	11	12	22	12	21	22	12	11	22	11	12	11	21	11	11	21	11	21	11	22	22	12	22	22	21	11	11	22	21	12	11	12	12	22	12	21	11	22	11	12	12	22	22	21	12	11	12	12	12	22	22	12	22	21	12	21	11	12	21	22	11	22	12	12	12	21	12	12	22	22	22	11	21	11	11	12	11	12	12
46	0	35.494	53.579	12	12	12	21	11	11	21	12	12	11	12	22	12	21	22	12	11	22	11	12	11	21	11	11	21	11	22	11	22	22	12	22	22	21	11	11	22	11	12	11	12	12	22	12	21	11	22	11	12	12	22	22	21	12	11	12	12	12	22	22	12	22	11	12	21	11	12	21	22	11	22	12	12	12	21	12	12	22	22	22	11	21	11	11	12	11	12	12
45	0	35.494	53.579	12	12	12	21	11	11	21	12	12	11	12	22	12	21	22	12	11	22	11	12	11	21	11	11	21	11	22	11	22	22	12	22	22	21	11	11	22	11	12	11	12	12	22	12	21	11	22	11	12	12	22	22	21	12	11	12	12	12	22	22	12	22	11	12	21	11	12	21	22	11	22	12	12	12	21	12	12	22	22	22	11	21	11	11	12	11	12	12
44	0	35.494	57.195	12	12	12	21	11	11	21	12	12	11	12	22	12	21	22	12	11	22	11	12	11	21	11	11	21	11	22	11	21	22	12	22	22	22	11	11	22	11	12	11	12	12	22	12	21	11	22	11	12	12	22	22	21	12	11	12	12	12	21	22	12	22	11	12	21	11	12	21	22	11	22	12	12	12	21	12	12	22	22	22	11	21	11	11	12	11	12	12
42	0	36.671	64.709	12	12	12	21	11	11	21	12	12	11	12	22	12	21	22	12	11	22	11	12	11	21	11	11	21	11	22	11	21	22	12	22	22	22	11	11	22	11	12	12	12	12	22	12	21	11	21	11	12	12	22	22	21	12	12	12	12	22	21	22	12	22	11	12	21	11	12	21	22	11	22	12	12	12	21	11	12	22	21	22	11	22	11	11	12	11	12	12
41	0	36.671	64.709	12	12	12	21	11	11	21	12	12	11	12	22	12	21	22	12	11	22	11	12	11	21	11	11	21	11	22	11	21	22	12	22	22	22	11	11	22	11	12	12	12	12	22	12	21	11	21	11	12	12	22	22	21	12	12	12	12	22	21	22	12	22	11	12	21	11	12	21	22	11	22	12	12	12	21	11	12	22	21	22	11	22	11	11	12	11	12	12
43	0	37.847	64.709	12	12	12	21	11	11	21	12	12	21	12	22	12	21	22	12	11	22	11	12	11	21	11	11	21	11	22	11	21	22	12	22	22	22	11	11	22	11	12	12	12	12	22	12	21	11	21	11	12	12	22	22	21	12	12	12	12	22	21	22	12	22	11	12	21	11	12	21	22	11	22	12	12	12	21	11	12	22	21	22	11	22	11	11	12	11	12	12
40	0	37.847	64.709	12	12	12	21	11	11	21	12	12	21	12	22	12	21	22	12	11	22	11	12	11	21	11	11	21	11	22	11	21	22	12	22	22	22	11	11	22	11	12	12	12	12	22	12	21	11	21	11	12	12	22	22	21	12	12	12	12	22	21	22	12	22	11	12	21	11	12	21	22	11	22	12	12	12	21	11	12	22	21	22	11	22	11	11	12	11	12	12
32	0	40.229	68.325	12	12	22	21	11	11	21	12	12	21	12	22	12	21	22	12	11	22	11	12	11	21	11	11	21	11	22	11	21	22	12	21	22	22	11	11	22	11	12	12	12	12	22	12	21	11	21	11	12	12	22	22	22	12	12	12	12	22	21	22	12	22	11	12	21	11	12	21	22	11	22	12	12	11	11	11	12	22	21	22	11	22	11	11	12	11	12	12
33	0	40.229	68.325	12	12	22	21	11	11	21	12	12	21	12	22	12	21	22	12	11	22	11	12	11	21	11	11	21	11	22	11	21	22	12	21	22	22	11	11	22	11	12	12	12	12	22	12	21	11	21	11	12	12	22	22	22	12	12	12	12	22	21	22	12	22	11	12	21	11	12	21	22	11	22	12	12	11	11	11	12	22	21	22	11	22	11	11	12	11	12	12
38	0	40.229	68.325	12	12	22	21	11	11	21	12	12	21	12	22	12	21	22	12	11	22	11	12	11	21	11	11	21	11	22	11	21	22	12	21	22	22	11	11	22	11	12	12	12	12	22	12	21	11	21	11	12	12	22	22	22	12	12	12	12	22	21	22	12	22	11	12	21	11	12	21	22	11	22	12	12	11	11	11	12	22	21	22	11	22	11	11	12	11	12	12
35	0	40.229	68.325	12	12	22	21	11	11	21	12	12	21	12	22	12	21	22	12	11	22	11	12	11	21	11	11	21	11	22	11	21	22	12	21	22	22	11	11	22	11	12	12	12	12	22	12	21	11	21	11	12	12	22	22	22	12	12	12	12	22	21	22	12	22	11	12	21	11	12	21	22	11	22	12	12	11	11	11	12	22	21	22	11	22	11	11	12	11	12	12
37	0	40.229	69.501	12	12	22	22	11	11	21	12	12	21	12	22	12	21	22	12	11	22	11	12	11	21	11	11	21	11	22	11	21	22	12	21	22	22	11	11	22	11	12	12	12	12	22	12	21	11	21	11	12	12	22	22	22	12	12	12	12	22	21	22	12	22	11	12	21	11	12	21	22	11	22	12	12	11	11	11	12	22	21	22	11	22	11	11	12	11	12	12
36	0	40.229	69.501	12	12	22	22	11	11	21	12	12	21	12	22	12	21	22	12	11	22	11	12	11	21	11	11	21	11	22	11	21	22	12	21	22	22	11	11	22	11	12	12	12	12	22	12	21	11	21	11	12	12	22	22	22	12	12	12	12	22	21	22	12	22	11	12	21	11	12	21	22	11	22	12	12	11	11	11	12	22	21	22	11	22	11	11	12	11	12	12
34	0	41.405	69.501	12	12	22	22	11	11	21	12	12	11	12	22	12	21	22	12	11	22	11	12	11	21	11	11	21	11	22	11	21	22	12	21	22	22	11	11	22	11	12	12	12	12	22	12	21	11	21	11	12	12	22	22	22	12	12	12	12	22	21	22	12	22	11	12	21	11	12	21	22	11	22	12	12	11	11	11	12	22	21	22	11	22	11	11	12	11	12	12
39	0	41.405	69.501	12	12	22	22	11	11	21	12	12	11	12	22	12	21	22	12	11	22	11	12	11	21	11	11	21	11	22	11	21	22	12	21	22	22	11	11	22	11	12	12	12	12	22	12	21	11	21	11	12	12	22	22	22	12	12	12	12	22	21	22	12	22	11	12	21	11	12	21	22	11	22	12	12	11	11	11	12	22	21	22	11	22	11	11	12	11	12	12
31	0	42.582	69.501	12	12	22	22	11	11	21	12	12	11	12	22	12	21	22	12	11	22	11	12	11	21	11	11	21	11	22	11	21	22	12	11	22	22	11	11	22	11	12	12	12	12	22	12	21	11	21	11	12	12	22	22	22	12	12	12	12	22	21	22	12	22	11	12	21	11	12	21	22	11	22	12	12	11	11	11	12	22	21	22	11	22	11	11	12	11	12	12
28	0	42.582	69.501	12	12	22	22	11	11	21	12	12	11	12	22	12	21	22	12	11	22	11	12	11	21	11	11	21	11	22	11	21	22	12	11	22	22	11	11	22	11	12	12	12	12	22	12	21	11	21	11	12	12	22	22	22	12	12	12	12	22	21	22	12	22	11	12	21	11	12	21	22	11	22	12	12	11	11	11	12	22	21	22	11	22	11	11	12	11	12	12
29	0	42.582	69.501	12	12	22	22	11	11	21	12	12	11	12	22	12	21	22	12	11	22	11	12	11	21	11	11	21	11	22	11	21	22	12	11	22	22	11	11	22	11	12	12	12	12	22	12	21	11	21	11	12	12	22	22	22	12	12	12	12	22	21	22	12	22	11	12	21	11	12	21	22	11	22	12	12	11	11	11	12	22	21	22	11	22	11	11	12	11	12	12
25	0	42.582	71.883	12	12	22	22	12	11	21	12	12	12	12	22	12	21	22	12	11	22	11	12	11	21	11	11	21	11	22	11	21	22	12	11	22	22	11	11	22	11	12	12	12	12	22	12	21	11	21	11	12	12	22	22	22	12	12	12	12	22	21	22	12	22	11	12	21	11	12	21	22	11	22	12	12	11	11	11	12	22	21	22	11	22	11	11	12	11	12	12
27	0	42.582	71.883	12	12	22	22	12	11	21	12	12	12	12	22	12	21	22	12	11	22	11	12	11	21	11	11	21	11	22	11	21	22	12	11	22	22	11	11	22	11	12	12	12	12	22	12	21	11	21	11	12	12	22	22	22	12	12	12	12	22	21	22	12	22	11	12	21	11	12	21	22	11	22	12	12	11	11	11	12	22	21	22	11	22	11	11	12	11	12	12
24	0	42.582	71.883	12	12	22	22	12	11	21	12	12	12	12	22	12	21	22	12	11	22	11	12	11	21	11	11	21	11	22	11	21	22	12	11	22	22	11	11	22	11	12	12	12	12	22	12	21	11	21	11	12	12	22	22	22	12	12	12	12	22	21	22	12	22	11	12	21	11	12	21	22	11	22	12	12	11	11	11	12	22	21	22	11	22	11	11	12	11	12	12
26	0	42.582	71.883	12	12	22	22	12	11	21	12	12	12	12	22	12	21	22	12	11	22	11	12	11	21	11	11	21	11	22	11	21	22	12	11	22	22	11	11	22	11	12	12	12	12	22	12	21	11	21	11	12	12	22	22	22	12	12	12	12	22	21	22	12	22	11	12	21	11	12	21	22	11	22	12	12	11	11	11	12	22	21	22	11	22	11	11	12	11	12	12
30	0	42.582	71.883	12	12	22	22	12	11	21	12	12	12	12	22	12	21	22	12	11	22	11	12	11	21	11	11	21	11	22	11	21	22	12	11	22	22	11	11	22	11	12	12	12	12	22	12	21	11	21	11	12	12	22	22	22	12	12	12	12	22	21	22	12	22	11	12	21	11	12	21	22	11	22	12	12	11	11	11	12	22	21	22	11	22	11	11	12	11	12	12
23	0	42.582	71.883	12	12	22	22	12	11	21	12	12	12	12	22	12	21	22	12	11	22	11	12	11	21	11	11	21	11	22	11	21	22	12	11	22	22	11	11	22	11	12	12	12	12	22	12	21	11	21	11	12	12	22	22	22	12	12	12	12	22	21	22	12	22	11	12	21	11	12	21	22	11	22	12	12	11	11	11	12	22	21	22	11	22	11	11	12	11	12	12
21	0	42.582	75.499	12	12	22	22	12	11	21	12	12	12	12	22	12	21	22	12	11	22	11	12	11	21	11	11	21	12	22	11	21	22	12	11	22	22	11	11	22	11	12	12	12	12	22	12	21	11	21	11	12	12	22	22	22	11	12	12	12	22	21	22	12	22	11	12	21	11	12	21	22	11	22	12	12	11	11	11	12	22	21	22	12	22	11	11	12	11	12	12
20	0	42.582	75.499	12	12	22	22	12	11	21	12	12	12	12	22	12	21	22	12	11	22	11	12	11	21	11	11	21	12	22	11	21	22	12	11	22	22	11	11	22	11	12	12	12	12	22	12	21	11	21	11	12	12	22	22	22	11	12	12	12	22	21	22	12	22	11	12	21	11	12	21	22	11	22	12	12	11	11	11	12	22	21	22	12	22	11	11	12	11	12	12
22	0	42.582	75.499	12	12	22	22	12	11	21	12	12	12	12	22	12	21	22	12	11	22	11	12	11	21	11	11	21	12	22	11	21	22	12	11	22	22	11	11	22	11	12	12	12	12	22	12	21	11	21	11	12	12	22	22	22	11	12	12	12	22	21	22	12	22	11	12	21	11	12	21	22	11	22	12	12	11	11	11	12	22	21	22	12	22	11	11	12	11	12	12
17	0	43.758	77.880	12	12	22	22	12	11	21	12	12	12	12	22	12	21	22	12	11	22	11	12	11	21	11	11	21	12	22	11	21	22	12	11	22	22	11	12	22	11	12	22	12	12	22	12	21	11	21	11	12	12	22	22	22	11	12	12	12	22	21	22	12	22	11	12	21	11	12	22	22	11	22	12	12	11	11	11	12	22	21	22	12	22	11	11	12	11	12	12
19	0	43.758	77.880	12	12	22	22	12	11	21	12	12	12	12	22	12	21	22	12	11	22	11	12	11	21	11	11	21	12	22	11	21	22	12	11	22	22	11	12	22	11	12	22	12	12	22	12	21	11	21	11	12	12	22	22	22	11	12	12	12	22	21	22	12	22	11	12	21	11	12	22	22	11	22	12	12	11	11	11	12	22	21	22	12	22	11	11	12	11	12	12
18	0	43.758	79.057	12	12	22	22	12	11	21	12	12	11	12	22	12	21	22	12	11	22	11	12	11	21	11	11	21	12	22	11	21	22	12	11	22	22	11	12	22	11	12	22	12	12	22	12	21	11	21	11	12	12	22	22	22	11	12	12	12	22	21	22	12	22	11	12	21	11	12	22	22	11	22	12	12	11	11	11	12	22	21	22	12	22	11	11	12	11	12	12
14	0	47.374	81.438	12	12	22	22	12	11	21	12	12	11	12	22	12	21	22	12	11	22	11	12	11	11	11	11	21	12	22	11	21	22	12	11	22	22	11	12	22	11	12	22	12	12	22	12	11	11	21	12	12	12	22	22	12	11	12	12	12	22	21	22	12	22	11	12	21	11	11	22	22	11	22	12	12	11	11	11	12	22	21	22	12	22	11	11	12	11	12	12
16	0	47.374	81.438	12	12	22	22	12	11	21	12	12	11	12	22	12	21	22	12	11	22	11	12	11	11	11	11	21	12	22	11	21	22	12	11	22	22	11	12	22	11	12	22	12	12	22	12	11	11	21	12	12	12	22	22	12	11	12	12	12	22	21	22	12	22	11	12	21	11	11	22	22	11	22	12	12	11	11	11	12	22	21	22	12	22	11	11	12	11	12	12
15	0	47.374	81.438	12	12	22	22	12	11	21	12	12	11	12	22	12	21	22	12	11	22	11	12	11	11	11	11	21	12	22	11	21	22	12	11	22	22	11	12	22	11	12	22	12	12	22	12	11	11	21	12	12	12	22	22	12	11	12	12	12	22	21	22	12	22	11	12	21	11	11	22	22	11	22	12	12	11	11	11	12	22	21	22	12	22	11	11	12	11	12	12
13	0	47.374	82.615	12	12	22	22	12	11	21	12	12	11	12	22	12	21	22	12	11	22	11	12	11	11	11	11	21	12	22	11	21	22	12	11	22	22	11	12	22	11	12	22	12	12	22	12	11	11	21	12	12	12	22	22	12	11	12	12	12	22	21	22	12	22	11	12	21	11	11	22	22	12	22	12	12	11	11	11	12	22	21	22	12	22	11	11	12	11	12	12
12	0	47.374	82.615	12	12	22	22	12	11	21	12	12	11	12	22	12	21	22	12	11	22	11	12	11	11	11	11	21	12	22	11	21	22	12	11	22	22	11	12	22	11	12	22	12	12	22	12	11	11	21	12	12	12	22	22	12	11	12	12	12	22	21	22	12	22	11	12	21	11	11	22	22	12	22	12	12	11	11	11	12	22	21	22	12	22	11	11	12	11	12	12
11	0	47.374	82.615	12	12	22	22	12	11	21	12	12	11	12	22	12	21	22	12	11	22	11	12	11	11	11	11	21	12	22	11	21	22	12	11	22	22	11	12	22	11	12	22	12	12	22	12	11	11	21	12	12	12	22	22	12	11	12	12	12	22	21	22	12	22	11	12	21	11	11	22	22	12	22	12	12	11	11	11	12	22	21	22	12	22	11	11	12	11	12	12
10	0	47.374	83.791	12	12	22	22	12	11	21	12	12	11	12	22	12	21	22	12	11	22	11	12	11	11	11	11	21	12	22	11	21	22	12	11	22	22	11	12	22	11	12	22	12	12	22	11	11	11	21	12	12	12	22	22	12	11	12	12	12	22	21	22	12	22	11	12	21	11	11	22	22	12	22	12	12	11	11	11	12	22	21	22	12	22	11	11	12	11	12	12
9	0	47.374	84.968	12	12	22	22	12	11	21	12	12	11	12	22	12	21	22	12	11	22	11	12	11	11	11	11	21	12	22	11	21	22	12	11	22	22	11	12	22	11	12	22	12	12	22	11	11	12	21	12	12	12	22	22	12	11	12	12	12	22	21	22	12	22	11	12	21	11	11	22	22	12	22	12	12	11	11	11	12	22	21	22	12	22	11	11	12	11	12	12
8	0	47.374	86.144	12	12	22	22	12	11	21	12	12	11	12	22	12	21	22	12	11	22	11	12	11	11	11	11	21	12	22	11	21	21	12	11	22	22	11	12	22	11	12	22	12	12	22	11	11	12	21	12	12	12	22	22	12	11	12	12	12	22	21	22	12	22	11	12	21	11	11	22	22	12	22	12	12	11	11	11	12	22	21	22	12	22	11	11	12	11	12	12
6	0	48.551	86.144	12	12	22	22	12	11	21	12	12	21	12	22	12	21	22	12	11	22	11	12	11	11	11	11	21	12	22	11	21	21	12	11	22	22	11	12	22	11	12	22	12	12	22	11	11	12	21	12	12	12	22	22	12	11	12	12	12	22	21	22	12	22	11	12	21	11	11	22	22	12	22	12	12	11	11	11	12	22	21	22	12	22	11	11	12	11	12	12
5	0	48.551	86.144	12	12	22	22	12	11	21	12	12	21	12	22	12	21	22	12	11	22	11	12	11	11	11	11	21	12	22	11	21	21	12	11	22	22	11	12	22	11	12	22	12	12	22	11	11	12	21	12	12	12	22	22	12	11	12	12	12	22	21	22	12	22	11	12	21	11	11	22	22	12	22	12	12	11	11	11	12	22	21	22	12	22	11	11	12	11	12	12
7	0	48.551	86.144	12	12	22	22	12	11	21	12	12	21	12	22	12	21	22	12	11	22	11	12	11	11	11	11	21	12	22	11	21	21	12	11	22	22	11	12	22	11	12	22	12	12	22	11	11	12	21	12	12	12	22	22	12	11	12	12	12	22	21	22	12	22	11	12	21	11	11	22	22	12	22	12	12	11	11	11	12	22	21	22	12	22	11	11	12	11	12	12
2	0	50.932	88.526	12	12	22	22	12	11	21	12	12	21	12	12	12	21	22	12	11	22	11	12	11	11	12	12	21	12	22	11	11	21	12	11	22	22	11	12	22	11	12	22	12	12	22	11	11	12	21	12	12	12	22	22	12	11	12	12	12	22	21	22	12	22	11	12	21	11	11	22	22	12	22	12	12	11	11	11	12	22	21	22	12	22	11	11	12	11	12	12
4	0	50.932	88.526	12	12	22	22	12	11	21	12	12	21	12	12	12	21	22	12	11	22	11	12	11	11	12	12	21	12	22	11	11	21	12	11	22	22	11	12	22	11	12	22	12	12	22	11	11	12	21	12	12	12	22	22	12	11	12	12	12	22	21	22	12	22	11	12	21	11	11	22	22	12	22	12	12	11	11	11	12	22	21	22	12	22	11	11	12	11	12	12
1	0	53.314	88.526	12	12	22	22	12	11	21	12	12	11	22	12	12	21	22	12	11	22	11	12	11	11	12	12	21	12	22	11	11	21	12	11	22	22	11	12	22	11	12	22	12	12	22	11	11	12	21	12	12	12	22	22	12	11	12	12	12	22	21	22	12	22	11	12	21	11	11	22	22	12	22	12	12	11	11	11	12	22	21	22	12	22	11	11	12	11	12	12
3	0	55.695	88.526	12	12	22	12	12	11	21	12	12	11	22	12	12	11	22	12	11	22	11	12	11	11	12	12	21	12	22	11	11	21	12	11	22	22	11	12	22	11	12	22	12	12	22	11	11	12	21	12	12	12	22	22	12	11	12	12	12	22	21	22	12	22	11	12	21	11	11	22	22	12	22	12	12	11	11	11	12	22	21	22	12	22	11	11	12	11	12	12
