MARKER	CHR	MALE_POS	FEMALE_POS	P1xP2	P1xP2	P1xP2	P1xP2	P1xP2	P1xP2	P1xP2	P1xP2	P1xP2	P1xP2	P1xP2	P1xP2	P1xP2	P1xP2	P1xP2	P1xP2	P1xP2	P1xP2	P1xP2	P1xP2	P1xP2	P1xP2	P1xP2	P1xP2	P1xP2	P1xP2	P1xP2	P1xP2	P1xP2	P1xP2	P1xP2	P1xP2	P1xP2	P1xP2	P1xP2	P1xP2	P1xP2	P1xP2	P1xP2	P1xP2	P1xP2	P1xP2	P1xP2	P1xP2	P1xP2	P1xP2	P1xP2	P1xP2	P1xP2	P1xP2	P1xP2	P1xP2	P1xP2	P1xP2	P1xP2	P1xP2	P1xP2	P1xP2	P1xP2	P1xP2	P1xP2	P1xP2	P1xP2	P1xP2	P1xP2	P1xP2	P1xP2	P1xP2	P1xP2	P1xP2	P1xP2	P1xP2	P1xP2	P1xP2	P1xP2	P1xP2	P1xP2	P1xP2	P1xP2	P1xP2	P1xP2	P1xP2	P1xP2	P1xP2	P1xP2	P1xP2	P1xP2	P1xP2
MARKER	CHR	MALE_POS	FEMALE_POS	P1	P2	C1	C2	C3	C4	C5	C6	C7	C8	C9	C10	C11	C12	C13	C14	C15	C16	C17	C18	C19	C20	C21	C22	C23	C24	C25	C26	C27	C28	C29	C30	C31	C32	C33	C34	C35	C36	C37	C38	C39	C40	C41	C42	C43	C44	C45	C46	C47	C48	C49	C50	C51	C52	C53	C54	C55	C56	C57	C58	C59	C60	C61	C62	C63	C64	C65	C66	C67	C68	C69	C70	C71	C72	C73	C74	C75	C76	C77	C78	C79	C80	C81	C82	C83	C84	C85	C86
MARKER	CHR	MALE_POS	FEMALE_POS	0	0	P1	P1	P1	P1	P1	P1	P1	P1	P1	P1	P1	P1	P1	P1	P1	P1	P1	P1	P1	P1	P1	P1	P1	P1	P1	P1	P1	P1	P1	P1	P1	P1	P1	P1	P1	P1	P1	P1	P1	P1	P1	P1	P1	P1	P1	P1	P1	P1	P1	P1	P1	P1	P1	P1	P1	P1	P1	P1	P1	P1	P1	P1	P1	P1	P1	P1	P1	P1	P1	P1	P1	P1	P1	P1	P1	P1	P1	P1	P1	P1	P1	P1	P1	P1	P1	P1
MARKER	CHR	MALE_POS	FEMALE_POS	0	0	P2	P2	P2	P2	P2	P2	P2	P2	P2	P2	P2	P2	P2	P2	P2	P2	P2	P2	P2	P2	P2	P2	P2	P2	P2	P2	P2	P2	P2	P2	P2	P2	P2	P2	P2	P2	P2	P2	P2	P2	P2	P2	P2	P2	P2	P2	P2	P2	P2	P2	P2	P2	P2	P2	P2	P2	P2	P2	P2	P2	P2	P2	P2	P2	P2	P2	P2	P2	P2	P2	P2	P2	P2	P2	P2	P2	P2	P2	P2	P2	P2	P2	P2	P2	P2	P2
MARKER	CHR	MALE_POS	FEMALE_POS	1	2	0	0	0	0	0	0	0	0	0	0	0	0	0	0	0	0	0	0	0	0	0	0	0	0	0	0	0	0	0	0	0	0	0	0	0	0	0	0	0	0	0	0	0	0	0	0	0	0	0	0	0	0	0	0	0	0	0	0	0	0	0	0	0	0	0	0	0	0	0	0	0	0	0	0	0	0	0	0	0	0	0	0	0	0	0	0
MARKER	CHR	MALE_POS	FEMALE_POS	0	0	0	0	0	0	0	0	0	0	0	0	0	0	0	0	0	0	0	0	0	0	0	0	0	0	0	0	0	0	0	0	0	0	0	0	0	0	0	0	0	0	0	0	0	0	0	0	0	0	0	0	0	0	0	0	0	0	0	0	0	0	0	0	0	0	0	0	0	0	0	0	0	0	0	0	0	0	0	0	0	0	0	0	0	0	0	0
146	0	0.000	0.000	12	12	22	22	12	12	22	22	12	11	22	21	11	22	21	11	21	22	21	12	12	12	11	11	22	11	21	21	21	21	21	12	11	21	11	12	11	21	22	22	22	21	12	21	11	21	21	21	12	21	11	12	22	12	21	12	22	21	21	21	11	22	22	22	22	21	22	12	21	21	22	21	22	21	22	21	21	21	11	12	22	11	12	11	11	21	12	12
165	0	0.000	2.381	12	12	22	22	12	12	22	22	12	11	22	21	11	22	21	11	21	22	21	12	12	12	11	11	22	11	21	21	21	21	21	12	11	21	11	12	11	21	22	22	22	21	12	22	11	21	21	21	12	21	11	12	22	12	21	12	22	21	21	21	11	22	22	22	22	21	22	12	22	21	22	21	22	21	22	21	21	21	11	12	22	11	12	11	11	21	12	12
164	0	0.000	2.381	12	12	22	22	12	12	22	22	12	11	22	21	11	22	21	11	21	22	21	12	12	12	11	11	22	11	21	21	21	21	21	12	11	21	11	12	11	21	22	22	22	21	12	22	11	21	21	21	12	21	11	12	22	12	21	12	22	21	21	21	11	22	22	22	22	21	22	12	22	21	22	21	22	21	22	21	21	21	11	12	22	11	12	11	11	21	12	12
163	0	0.000	2.381	12	12	22	22	12	12	22	22	12	11	22	21	11	22	21	11	21	22	21	12	12	12	11	11	22	11	21	21	21	21	21	12	11	21	11	12	11	21	22	22	22	21	12	22	11	21	21	21	12	21	11	12	22	12	21	12	22	21	21	21	11	22	22	22	22	21	22	12	22	21	22	21	22	21	22	21	21	21	11	12	22	11	12	11	11	21	12	12
161	0	0.000	2.381	12	12	22	22	12	12	22	22	12	11	22	21	11	22	21	11	21	22	21	12	12	12	11	11	22	11	21	21	21	21	21	12	11	21	11	12	11	21	22	22	22	21	12	22	11	21	21	21	12	21	11	12	22	12	21	12	22	21	21	21	11	22	22	22	22	21	22	12	22	21	22	21	22	21	22	21	21	21	11	12	22	11	12	11	11	21	12	12
162	0	0.000	2.381	12	12	22	22	12	12	22	22	12	11	22	21	11	22	21	11	21	22	21	12	12	12	11	11	22	11	21	21	21	21	21	12	11	21	11	12	11	21	22	22	22	21	12	22	11	21	21	21	12	21	11	12	22	12	21	12	22	21	21	21	11	22	22	22	22	21	22	12	22	21	22	21	22	21	22	21	21	21	11	12	22	11	12	11	11	21	12	12
167	0	0.000	8.562	12	12	22	22	12	12	22	22	12	11	21	21	11	21	21	11	21	22	21	12	12	12	11	11	22	11	21	21	21	21	21	12	11	21	11	12	11	21	22	21	22	21	12	22	11	21	21	21	12	21	11	12	22	12	21	12	22	21	21	21	11	22	22	22	22	21	22	12	22	21	22	21	22	21	21	21	21	21	11	12	21	11	12	11	11	21	12	12
173	0	0.000	8.562	12	12	22	22	12	12	22	22	12	11	21	21	11	21	21	11	21	22	21	12	12	12	11	11	22	11	21	21	21	21	21	12	11	21	11	12	11	21	22	21	22	21	12	22	11	21	21	21	12	21	11	12	22	12	21	12	22	21	21	21	11	22	22	22	22	21	22	12	22	21	22	21	22	21	21	21	21	21	11	12	21	11	12	11	11	21	12	12
166	0	0.000	8.562	12	12	22	22	12	12	22	22	12	11	21	21	11	21	21	11	21	22	21	12	12	12	11	11	22	11	21	21	21	21	21	12	11	21	11	12	11	21	22	21	22	21	12	22	11	21	21	21	12	21	11	12	22	12	21	12	22	21	21	21	11	22	22	22	22	21	22	12	22	21	22	21	22	21	21	21	21	21	11	12	21	11	12	11	11	21	12	12
172	0	1.177	8.562	12	12	22	22	12	12	22	22	12	21	21	21	11	21	21	11	21	22	21	12	12	12	11	11	22	11	21	21	21	21	21	12	11	21	11	12	11	21	22	21	22	21	12	22	11	21	21	21	12	21	11	12	22	12	21	12	22	21	21	21	11	22	22	22	22	21	22	12	22	21	22	21	22	21	21	21	21	21	11	12	21	11	12	11	11	21	12	12
169	0	1.177	8.562	12	12	22	22	12	12	22	22	12	21	21	21	11	21	21	11	21	22	21	12	12	12	11	11	22	11	21	21	21	21	21	12	11	21	11	12	11	21	22	21	22	21	12	22	11	21	21	21	12	21	11	12	22	12	21	12	22	21	21	21	11	22	22	22	22	21	22	12	22	21	22	21	22	21	21	21	21	21	11	12	21	11	12	11	11	21	12	12
170	0	1.177	8.562	12	12	22	22	12	12	22	22	12	21	21	21	11	21	21	11	21	22	21	12	12	12	11	11	22	11	21	21	21	21	21	12	11	21	11	12	11	21	22	21	22	21	12	22	11	21	21	21	12	21	11	12	22	12	21	12	22	21	21	21	11	22	22	22	22	21	22	12	22	21	22	21	22	21	21	21	21	21	11	12	21	11	12	11	11	21	12	12
174	0	1.177	8.562	12	12	22	22	12	12	22	22	12	21	21	21	11	21	21	11	21	22	21	12	12	12	11	11	22	11	21	21	21	21	21	12	11	21	11	12	11	21	22	21	22	21	12	22	11	21	21	21	12	21	11	12	22	12	21	12	22	21	21	21	11	22	22	22	22	21	22	12	22	21	22	21	22	21	21	21	21	21	11	12	21	11	12	11	11	21	12	12
168	0	1.177	8.562	12	12	22	22	12	12	22	22	12	21	21	21	11	21	21	11	21	22	21	12	12	12	11	11	22	11	21	21	21	21	21	12	11	21	11	12	11	21	22	21	22	21	12	22	11	21	21	21	12	21	11	12	22	12	21	12	22	21	21	21	11	22	22	22	22	21	22	12	22	21	22	21	22	21	21	21	21	21	11	12	21	11	12	11	11	21	12	12
171	0	1.177	8.562	12	12	22	22	12	12	22	22	12	21	21	21	11	21	21	11	21	22	21	12	12	12	11	11	22	11	21	21	21	21	21	12	11	21	11	12	11	21	22	21	22	21	12	22	11	21	21	21	12	21	11	12	22	12	21	12	22	21	21	21	11	22	22	22	22	21	22	12	22	21	22	21	22	21	21	21	21	21	11	12	21	11	12	11	11	21	12	12
143	0	2.353	10.944	12	12	22	22	12	12	22	22	12	21	21	21	11	21	21	11	21	22	21	12	12	12	11	11	21	11	21	21	21	21	21	12	11	21	11	12	11	21	22	21	22	21	12	22	11	21	21	21	12	21	11	12	22	12	21	12	22	21	21	21	11	22	22	22	22	21	22	12	12	21	22	21	22	21	22	21	21	21	11	12	21	11	12	11	11	21	12	12
140	0	2.353	10.944	12	12	22	22	12	12	22	22	12	21	21	21	11	21	21	11	21	22	21	12	12	12	11	11	21	11	21	21	21	21	21	12	11	21	11	12	11	21	22	21	22	21	12	22	11	21	21	21	12	21	11	12	22	12	21	12	22	21	21	21	11	22	22	22	22	21	22	12	12	21	22	21	22	21	22	21	21	21	11	12	21	11	12	11	11	21	12	12
149	0	2.353	10.944	12	12	22	22	12	12	22	22	12	21	21	21	11	21	21	11	21	22	21	12	12	12	11	11	21	11	21	21	21	21	21	12	11	21	11	12	11	21	22	21	22	21	12	22	11	21	21	21	12	21	11	12	22	12	21	12	22	21	21	21	11	22	22	22	22	21	22	12	12	21	22	21	22	21	22	21	21	21	11	12	21	11	12	11	11	21	12	12
150	0	2.353	10.944	12	12	22	22	12	12	22	22	12	21	21	21	11	21	21	11	21	22	21	12	12	12	11	11	21	11	21	21	21	21	21	12	11	21	11	12	11	21	22	21	22	21	12	22	11	21	21	21	12	21	11	12	22	12	21	12	22	21	21	21	11	22	22	22	22	21	22	12	12	21	22	21	22	21	22	21	21	21	11	12	21	11	12	11	11	21	12	12
148	0	2.353	10.944	12	12	22	22	12	12	22	22	12	21	21	21	11	21	21	11	21	22	21	12	12	12	11	11	21	11	21	21	21	21	21	12	11	21	11	12	11	21	22	21	22	21	12	22	11	21	21	21	12	21	11	12	22	12	21	12	22	21	21	21	11	22	22	22	22	21	22	12	12	21	22	21	22	21	22	21	21	21	11	12	21	11	12	11	11	21	12	12
141	0	3.530	10.944	12	12	22	22	12	12	22	22	12	11	21	21	11	21	21	11	21	22	21	12	12	12	11	11	21	11	21	21	21	21	21	12	11	21	11	12	11	21	22	21	22	21	12	22	11	21	21	21	12	21	11	12	22	12	21	12	22	21	21	21	11	22	22	22	22	21	22	12	12	21	22	21	22	21	22	21	21	21	11	12	21	11	12	11	11	21	12	12
160	0	3.530	10.944	12	12	22	22	12	12	22	22	12	11	21	21	11	21	21	11	21	22	21	12	12	12	11	11	21	11	21	21	21	21	21	12	11	21	11	12	11	21	22	21	22	21	12	22	11	21	21	21	12	21	11	12	22	12	21	12	22	21	21	21	11	22	22	22	22	21	22	12	12	21	22	21	22	21	22	21	21	21	11	12	21	11	12	11	11	21	12	12
147	0	3.530	10.944	12	12	22	22	12	12	22	22	12	11	21	21	11	21	21	11	21	22	21	12	12	12	11	11	21	11	21	21	21	21	21	12	11	21	11	12	11	21	22	21	22	21	12	22	11	21	21	21	12	21	11	12	22	12	21	12	22	21	21	21	11	22	22	22	22	21	22	12	12	21	22	21	22	21	22	21	21	21	11	12	21	11	12	11	11	21	12	12
154	0	3.530	10.944	12	12	22	22	12	12	22	22	12	11	21	21	11	21	21	11	21	22	21	12	12	12	11	11	21	11	21	21	21	21	21	12	11	21	11	12	11	21	22	21	22	21	12	22	11	21	21	21	12	21	11	12	22	12	21	12	22	21	21	21	11	22	22	22	22	21	22	12	12	21	22	21	22	21	22	21	21	21	11	12	21	11	12	11	11	21	12	12
156	0	3.530	10.944	12	12	22	22	12	12	22	22	12	11	21	21	11	21	21	11	21	22	21	12	12	12	11	11	21	11	21	21	21	21	21	12	11	21	11	12	11	21	22	21	22	21	12	22	11	21	21	21	12	21	11	12	22	12	21	12	22	21	21	21	11	22	22	22	22	21	22	12	12	21	22	21	22	21	22	21	21	21	11	12	21	11	12	11	11	21	12	12
155	0	3.530	10.944	12	12	22	22	12	12	22	22	12	11	21	21	11	21	21	11	21	22	21	12	12	12	11	11	21	11	21	21	21	21	21	12	11	21	11	12	11	21	22	21	22	21	12	22	11	21	21	21	12	21	11	12	22	12	21	12	22	21	21	21	11	22	22	22	22	21	22	12	12	21	22	21	22	21	22	21	21	21	11	12	21	11	12	11	11	21	12	12
144	0	3.530	10.944	12	12	22	22	12	12	22	22	12	11	21	21	11	21	21	11	21	22	21	12	12	12	11	11	21	11	21	21	21	21	21	12	11	21	11	12	11	21	22	21	22	21	12	22	11	21	21	21	12	21	11	12	22	12	21	12	22	21	21	21	11	22	22	22	22	21	22	12	12	21	22	21	22	21	22	21	21	21	11	12	21	11	12	11	11	21	12	12
157	0	3.530	12.120	12	12	22	22	12	12	22	22	12	11	21	21	11	21	21	11	21	22	21	12	12	12	11	11	21	11	21	21	21	21	21	12	11	21	11	12	11	21	22	21	22	21	12	22	11	21	21	21	12	21	11	12	22	12	21	12	22	21	21	21	11	22	22	22	22	21	22	12	12	21	22	21	22	21	22	21	21	21	11	12	21	11	12	11	11	22	12	12
159	0	3.530	12.120	12	12	22	22	12	12	22	22	12	11	21	21	11	21	21	11	21	22	21	12	12	12	11	11	21	11	21	21	21	21	21	12	11	21	11	12	11	21	22	21	22	21	12	22	11	21	21	21	12	21	11	12	22	12	21	12	22	21	21	21	11	22	22	22	22	21	22	12	12	21	22	21	22	21	22	21	21	21	11	12	21	11	12	11	11	22	12	12
145	0	3.530	12.120	12	12	22	22	12	12	22	22	12	11	21	21	11	21	21	11	21	22	21	12	12	12	11	11	21	11	21	21	21	21	21	12	11	21	11	12	11	21	22	21	22	21	12	22	11	21	21	21	12	21	11	12	22	12	21	12	22	21	21	21	11	22	22	22	22	21	22	12	12	21	22	21	22	21	22	21	21	21	11	12	21	11	12	11	11	22	12	12
158	0	3.530	13.297	12	12	22	22	12	12	22	22	12	12	21	21	11	21	21	11	21	22	21	12	12	12	11	11	21	11	21	21	21	21	21	12	11	21	11	12	11	21	22	21	22	21	12	22	11	21	21	21	12	21	11	12	22	12	21	12	22	21	21	21	11	22	22	22	22	21	22	12	12	21	22	21	22	21	22	21	21	21	11	12	21	11	12	11	11	22	12	12
151	0	3.530	14.473	12	12	22	22	12	12	22	22	12	12	21	21	11	21	21	11	21	22	21	12	12	12	11	11	21	11	21	21	21	21	21	12	11	21	11	12	11	21	22	21	22	21	12	22	11	21	21	21	12	22	11	12	22	12	21	12	22	21	21	21	11	22	22	22	22	21	22	12	12	21	22	21	22	21	22	21	21	21	11	12	21	11	12	11	11	22	12	12
152	0	3.530	14.473	12	12	22	22	12	12	22	22	12	12	21	21	11	21	21	11	21	22	21	12	12	12	11	11	21	11	21	21	21	21	21	12	11	21	11	12	11	21	22	21	22	21	12	22	11	21	21	21	12	22	11	12	22	12	21	12	22	21	21	21	11	22	22	22	22	21	22	12	12	21	22	21	22	21	22	21	21	21	11	12	21	11	12	11	11	22	12	12
153	0	3.530	14.473	12	12	22	22	12	12	22	22	12	12	21	21	11	21	21	11	21	22	21	12	12	12	11	11	21	11	21	21	21	21	21	12	11	21	11	12	11	21	22	21	22	21	12	22	11	21	21	21	12	22	11	12	22	12	21	12	22	21	21	21	11	22	22	22	22	21	22	12	12	21	22	21	22	21	22	21	21	21	11	12	21	11	12	11	11	22	12	12
142	0	5.911	15.650	12	12	22	22	12	12	22	22	12	12	21	21	11	21	21	11	21	22	21	12	12	12	11	11	21	11	21	21	21	21	21	12	11	21	11	12	11	21	22	21	22	21	12	22	11	21	21	21	12	12	11	12	22	12	21	12	22	21	21	21	11	22	22	22	22	21	22	12	12	22	22	21	22	21	22	21	21	21	11	12	21	11	12	11	11	12	12	12
138	0	7.088	15.650	12	12	22	22	12	12	22	22	12	12	21	21	11	21	21	11	21	22	21	12	12	12	11	11	21	11	21	21	21	21	21	12	11	21	11	12	11	21	22	21	22	21	12	22	11	21	21	21	12	12	11	12	22	12	21	12	22	21	21	21	11	22	22	22	22	21	22	12	12	22	22	21	22	21	22	21	21	21	11	12	11	11	12	11	11	12	12	12
139	0	7.088	15.650	12	12	22	22	12	12	22	22	12	12	21	21	11	21	21	11	21	22	21	12	12	12	11	11	21	11	21	21	21	21	21	12	11	21	11	12	11	21	22	21	22	21	12	22	11	21	21	21	12	12	11	12	22	12	21	12	22	21	21	21	11	22	22	22	22	21	22	12	12	22	22	21	22	21	22	21	21	21	11	12	11	11	12	11	11	12	12	12
134	0	7.088	16.826	12	12	22	22	12	12	22	22	12	12	21	21	12	21	21	11	21	22	21	12	12	12	11	11	21	11	21	21	21	21	21	12	11	21	11	12	11	21	22	21	22	21	12	22	11	21	21	21	12	12	11	12	22	12	21	12	22	21	21	21	11	22	22	22	22	21	22	12	12	22	22	21	22	21	22	21	21	21	11	12	11	11	12	11	11	12	12	12
133	0	7.088	16.826	12	12	22	22	12	12	22	22	12	12	21	21	12	21	21	11	21	22	21	12	12	12	11	11	21	11	21	21	21	21	21	12	11	21	11	12	11	21	22	21	22	21	12	22	11	21	21	21	12	12	11	12	22	12	21	12	22	21	21	21	11	22	22	22	22	21	22	12	12	22	22	21	22	21	22	21	21	21	11	12	11	11	12	11	11	12	12	12
132	0	7.088	18.003	12	12	22	21	12	12	22	22	12	12	21	21	12	21	21	11	21	22	21	12	12	12	11	11	21	11	21	21	21	21	21	12	11	21	11	12	11	21	22	21	22	21	12	22	11	21	21	21	12	12	11	12	22	12	21	12	22	21	21	21	11	22	22	22	22	21	22	12	12	22	22	21	22	21	22	21	21	21	11	12	11	11	12	11	11	12	12	12
136	0	8.264	18.003	12	12	22	21	12	12	22	22	12	12	21	21	12	21	21	11	21	22	21	12	12	12	11	11	21	11	21	11	21	21	21	12	11	21	11	12	11	21	22	21	22	21	12	22	11	21	21	21	12	12	11	12	22	12	21	12	22	21	21	21	11	22	22	22	22	21	22	12	12	22	22	21	22	21	22	21	21	21	11	12	11	11	12	11	11	12	12	12
137	0	9.441	18.003	12	12	22	21	12	12	22	12	12	12	21	21	12	21	21	11	21	22	21	12	12	12	11	11	21	11	21	11	21	21	21	12	11	21	11	12	11	21	22	21	22	21	12	22	11	21	21	21	12	12	11	12	22	12	21	12	22	21	21	21	11	22	22	22	22	21	22	12	12	22	22	21	22	21	22	21	21	21	11	12	11	11	12	11	11	12	12	12
135	0	9.441	18.003	12	12	22	21	12	12	22	12	12	12	21	21	12	21	21	11	21	22	21	12	12	12	11	11	21	11	21	11	21	21	21	12	11	21	11	12	11	21	22	21	22	21	12	22	11	21	21	21	12	12	11	12	22	12	21	12	22	21	21	21	11	22	22	22	22	21	22	12	12	22	22	21	22	21	22	21	21	21	11	12	11	11	12	11	11	12	12	12
129	0	9.441	22.885	12	12	22	21	12	12	22	12	11	12	21	21	12	21	21	11	21	22	21	12	12	12	11	11	21	11	21	12	21	21	21	12	11	21	11	12	11	21	22	21	22	21	12	22	11	21	21	21	12	12	11	12	22	12	21	12	21	21	21	21	11	22	22	22	22	21	22	12	12	22	22	21	22	21	22	21	21	21	11	12	11	11	11	11	11	12	12	12
130	0	9.441	22.885	12	12	22	21	12	12	22	12	11	12	21	21	12	21	21	11	21	22	21	12	12	12	11	11	21	11	21	12	21	21	21	12	11	21	11	12	11	21	22	21	22	21	12	22	11	21	21	21	12	12	11	12	22	12	21	12	21	21	21	21	11	22	22	22	22	21	22	12	12	22	22	21	22	21	22	21	21	21	11	12	11	11	11	11	11	12	12	12
131	0	10.617	25.266	12	12	22	22	12	12	22	12	11	12	21	21	12	21	21	11	21	22	21	12	12	12	11	11	21	11	21	12	21	21	21	12	11	21	11	22	11	22	22	21	22	21	12	22	11	21	21	21	12	12	11	12	22	12	21	12	21	21	21	21	11	22	22	22	22	21	22	12	12	22	22	21	22	21	22	21	21	21	11	12	11	11	11	11	11	12	12	12
127	0	11.794	27.647	12	12	22	22	12	12	22	22	11	12	21	21	12	21	21	11	21	22	22	12	12	12	11	11	21	11	21	12	21	21	21	12	11	21	11	22	11	22	22	21	22	21	12	22	11	21	22	21	12	12	11	12	22	12	21	12	21	21	21	21	11	22	22	22	22	21	22	12	12	22	22	21	22	21	22	21	21	21	11	12	11	11	11	11	11	12	12	12
126	0	11.794	27.647	12	12	22	22	12	12	22	22	11	12	21	21	12	21	21	11	21	22	22	12	12	12	11	11	21	11	21	12	21	21	21	12	11	21	11	22	11	22	22	21	22	21	12	22	11	21	22	21	12	12	11	12	22	12	21	12	21	21	21	21	11	22	22	22	22	21	22	12	12	22	22	21	22	21	22	21	21	21	11	12	11	11	11	11	11	12	12	12
128	0	11.794	27.647	12	12	22	22	12	12	22	22	11	12	21	21	12	21	21	11	21	22	22	12	12	12	11	11	21	11	21	12	21	21	21	12	11	21	11	22	11	22	22	21	22	21	12	22	11	21	22	21	12	12	11	12	22	12	21	12	21	21	21	21	11	22	22	22	22	21	22	12	12	22	22	21	22	21	22	21	21	21	11	12	11	11	11	11	11	12	12	12
115	0	14.175	31.263	12	12	22	22	12	12	22	22	11	12	21	21	12	21	21	11	21	22	12	12	12	12	11	11	21	11	21	12	21	21	21	12	11	21	11	21	11	22	22	21	22	22	12	22	11	21	12	21	12	12	11	12	22	12	22	12	21	21	21	21	11	22	22	22	22	21	22	12	12	22	22	21	22	21	22	21	21	21	11	12	11	11	11	11	11	12	12	12
116	0	14.175	31.263	12	12	22	22	12	12	22	22	11	12	21	21	12	21	21	11	21	22	12	12	12	12	11	11	21	11	21	12	21	21	21	12	11	21	11	21	11	22	22	21	22	22	12	22	11	21	12	21	12	12	11	12	22	12	22	12	21	21	21	21	11	22	22	22	22	21	22	12	12	22	22	21	22	21	22	21	21	21	11	12	11	11	11	11	11	12	12	12
117	0	14.175	31.263	12	12	22	22	12	12	22	22	11	12	21	21	12	21	21	11	21	22	12	12	12	12	11	11	21	11	21	12	21	21	21	12	11	21	11	21	11	22	22	21	22	22	12	22	11	21	12	21	12	12	11	12	22	12	22	12	21	21	21	21	11	22	22	22	22	21	22	12	12	22	22	21	22	21	22	21	21	21	11	12	11	11	11	11	11	12	12	12
124	0	16.556	31.263	12	12	22	22	12	12	22	22	11	12	21	21	12	21	21	11	21	22	12	12	12	12	11	11	21	11	21	12	21	21	21	12	11	21	11	21	11	12	22	21	22	12	12	22	11	21	12	21	12	12	11	12	22	12	22	12	21	21	21	21	11	22	22	22	22	21	22	12	12	22	22	21	22	21	22	21	21	21	11	12	11	11	11	11	11	12	12	12
122	0	16.556	32.440	12	12	22	22	12	12	22	21	11	12	21	21	12	21	21	11	21	22	12	12	12	12	11	11	21	11	21	12	21	21	21	12	11	21	11	21	11	12	22	21	22	12	12	22	11	21	12	21	12	12	11	12	22	12	22	12	21	21	21	21	11	22	22	22	22	21	22	12	12	22	22	21	22	21	22	21	21	21	11	12	11	11	11	11	11	12	12	12
118	0	16.556	32.440	12	12	22	22	12	12	22	21	11	12	21	21	12	21	21	11	21	22	12	12	12	12	11	11	21	11	21	12	21	21	21	12	11	21	11	21	11	12	22	21	22	12	12	22	11	21	12	21	12	12	11	12	22	12	22	12	21	21	21	21	11	22	22	22	22	21	22	12	12	22	22	21	22	21	22	21	21	21	11	12	11	11	11	11	11	12	12	12
119	0	16.556	32.440	12	12	22	22	12	12	22	21	11	12	21	21	12	21	21	11	21	22	12	12	12	12	11	11	21	11	21	12	21	21	21	12	11	21	11	21	11	12	22	21	22	12	12	22	11	21	12	21	12	12	11	12	22	12	22	12	21	21	21	21	11	22	22	22	22	21	22	12	12	22	22	21	22	21	22	21	21	21	11	12	11	11	11	11	11	12	12	12
121	0	16.556	32.440	12	12	22	22	12	12	22	21	11	12	21	21	12	21	21	11	21	22	12	12	12	12	11	11	21	11	21	12	21	21	21	12	11	21	11	21	11	12	22	21	22	12	12	22	11	21	12	21	12	12	11	12	22	12	22	12	21	21	21	21	11	22	22	22	22	21	22	12	12	22	22	21	22	21	22	21	21	21	11	12	11	11	11	11	11	12	12	12
123	0	16.556	32.440	12	12	22	22	12	12	22	21	11	12	21	21	12	21	21	11	21	22	12	12	12	12	11	11	21	11	21	12	21	21	21	12	11	21	11	21	11	12	22	21	22	12	12	22	11	21	12	21	12	12	11	12	22	12	22	12	21	21	21	21	11	22	22	22	22	21	22	12	12	22	22	21	22	21	22	21	21	21	11	12	11	11	11	11	11	12	12	12
120	0	16.556	32.440	12	12	22	22	12	12	22	21	11	12	21	21	12	21	21	11	21	22	12	12	12	12	11	11	21	11	21	12	21	21	21	12	11	21	11	21	11	12	22	21	22	12	12	22	11	21	12	21	12	12	11	12	22	12	22	12	21	21	21	21	11	22	22	22	22	21	22	12	12	22	22	21	22	21	22	21	21	21	11	12	11	11	11	11	11	12	12	12
125	0	16.556	32.440	12	12	22	22	12	12	22	21	11	12	21	21	12	21	21	11	21	22	12	12	12	12	11	11	21	11	21	12	21	21	21	12	11	21	11	21	11	12	22	21	22	12	12	22	11	21	12	21	12	12	11	12	22	12	22	12	21	21	21	21	11	22	22	22	22	21	22	12	12	22	22	21	22	21	22	21	21	21	11	12	11	11	11	11	11	12	12	12
113	0	18.938	32.440	12	12	22	22	12	12	22	21	11	12	21	21	12	21	21	11	21	22	12	12	12	12	11	11	21	11	21	12	21	21	21	12	11	21	11	21	11	12	22	21	22	12	12	22	11	21	12	21	12	12	11	12	22	12	22	12	21	21	21	21	11	22	22	22	22	21	22	12	12	22	22	21	22	11	22	21	21	11	11	12	11	11	11	11	11	12	12	12
114	0	18.938	32.440	12	12	22	22	12	12	22	21	11	12	21	21	12	21	21	11	21	22	12	12	12	12	11	11	21	11	21	12	21	21	21	12	11	21	11	21	11	12	22	21	22	12	12	22	11	21	12	21	12	12	11	12	22	12	22	12	21	21	21	21	11	22	22	22	22	21	22	12	12	22	22	21	22	11	22	21	21	11	11	12	11	11	11	11	11	12	12	12
112	0	18.938	32.440	12	12	22	22	12	12	22	21	11	12	21	21	12	21	21	11	21	22	12	12	12	12	11	11	21	11	21	12	21	21	21	12	11	21	11	21	11	12	22	21	22	12	12	22	11	21	12	21	12	12	11	12	22	12	22	12	21	21	21	21	11	22	22	22	22	21	22	12	12	22	22	21	22	11	22	21	21	11	11	12	11	11	11	11	11	12	12	12
111	0	18.938	34.821	12	12	22	22	12	12	22	21	11	12	21	21	12	21	21	11	21	22	12	12	12	12	11	11	21	11	21	12	21	21	21	12	11	21	11	21	11	12	22	21	22	12	12	22	11	21	12	21	12	12	11	12	22	12	22	12	21	21	22	21	11	22	22	22	22	21	22	12	12	22	22	21	22	11	22	21	21	11	11	12	11	11	11	11	11	12	11	12
107	0	20.114	35.998	12	12	22	22	12	12	22	21	11	12	21	21	12	21	21	11	21	22	12	12	12	12	11	11	21	11	21	12	21	21	21	12	11	21	11	21	11	12	22	21	22	12	12	22	11	22	12	21	12	12	11	12	22	12	22	12	21	21	22	21	11	22	22	22	22	21	22	12	12	22	22	11	22	11	22	21	21	11	11	12	11	11	11	11	11	12	11	12
109	0	20.114	35.998	12	12	22	22	12	12	22	21	11	12	21	21	12	21	21	11	21	22	12	12	12	12	11	11	21	11	21	12	21	21	21	12	11	21	11	21	11	12	22	21	22	12	12	22	11	22	12	21	12	12	11	12	22	12	22	12	21	21	22	21	11	22	22	22	22	21	22	12	12	22	22	11	22	11	22	21	21	11	11	12	11	11	11	11	11	12	11	12
110	0	20.114	35.998	12	12	22	22	12	12	22	21	11	12	21	21	12	21	21	11	21	22	12	12	12	12	11	11	21	11	21	12	21	21	21	12	11	21	11	21	11	12	22	21	22	12	12	22	11	22	12	21	12	12	11	12	22	12	22	12	21	21	22	21	11	22	22	22	22	21	22	12	12	22	22	11	22	11	22	21	21	11	11	12	11	11	11	11	11	12	11	12
108	0	20.114	35.998	12	12	22	22	12	12	22	21	11	12	21	21	12	21	21	11	21	22	12	12	12	12	11	11	21	11	21	12	21	21	21	12	11	21	11	21	11	12	22	21	22	12	12	22	11	22	12	21	12	12	11	12	22	12	22	12	21	21	22	21	11	22	22	22	22	21	22	12	12	22	22	11	22	11	22	21	21	11	11	12	11	11	11	11	11	12	11	12
106	0	20.114	35.998	12	12	22	22	12	12	22	21	11	12	21	21	12	21	21	11	21	22	12	12	12	12	11	11	21	11	21	12	21	21	21	12	11	21	11	21	11	12	22	21	22	12	12	22	11	22	12	21	12	12	11	12	22	12	22	12	21	21	22	21	11	22	22	22	22	21	22	12	12	22	22	11	22	11	22	21	21	11	11	12	11	11	11	11	11	12	11	12
103	0	21.291	39.614	12	12	22	22	12	12	22	21	11	12	11	21	12	21	21	11	21	22	12	12	12	12	11	11	21	11	21	12	21	21	21	12	11	21	11	21	11	12	22	21	22	12	12	22	11	22	12	21	12	12	11	12	22	12	22	12	21	21	22	21	11	22	22	22	21	21	22	12	12	22	22	11	21	11	22	22	21	11	11	12	11	11	11	11	11	12	11	12
105	0	21.291	39.614	12	12	22	22	12	12	22	21	11	12	11	21	12	21	21	11	21	22	12	12	12	12	11	11	21	11	21	12	21	21	21	12	11	21	11	21	11	12	22	21	22	12	12	22	11	22	12	21	12	12	11	12	22	12	22	12	21	21	22	21	11	22	22	22	21	21	22	12	12	22	22	11	21	11	22	22	21	11	11	12	11	11	11	11	11	12	11	12
104	0	21.291	39.614	12	12	22	22	12	12	22	21	11	12	11	21	12	21	21	11	21	22	12	12	12	12	11	11	21	11	21	12	21	21	21	12	11	21	11	21	11	12	22	21	22	12	12	22	11	22	12	21	12	12	11	12	22	12	22	12	21	21	22	21	11	22	22	22	21	21	22	12	12	22	22	11	21	11	22	22	21	11	11	12	11	11	11	11	11	12	11	12
102	0	21.291	40.790	12	12	22	22	12	12	22	21	11	12	11	21	12	21	21	11	21	22	12	11	12	12	11	11	21	11	21	12	21	21	21	12	11	21	11	21	11	12	22	21	22	12	12	22	11	22	12	21	12	12	11	12	22	12	22	12	21	21	22	21	11	22	22	22	21	21	22	12	12	22	22	11	21	11	22	22	21	11	11	12	11	11	11	11	11	12	11	12
101	0	21.291	41.967	12	12	22	22	12	12	22	21	11	12	11	21	12	21	21	11	21	22	12	11	12	12	11	11	21	11	21	12	21	21	21	12	11	21	11	21	12	12	22	21	22	12	12	22	11	22	12	21	12	12	11	12	22	12	22	12	21	21	22	21	11	22	22	22	21	21	22	12	12	22	22	11	21	11	22	22	21	11	11	12	11	11	11	11	11	12	11	12
98	0	22.467	43.143	12	12	22	22	12	12	22	21	11	12	11	21	12	21	22	11	21	22	12	11	12	12	11	11	21	11	21	12	21	21	21	12	11	21	11	21	12	12	22	21	22	12	12	22	11	22	12	21	12	12	11	12	22	12	22	12	21	21	22	21	11	22	22	22	21	21	22	12	12	22	22	11	21	11	12	22	21	11	11	12	11	11	11	11	11	12	11	12
99	0	22.467	43.143	12	12	22	22	12	12	22	21	11	12	11	21	12	21	22	11	21	22	12	11	12	12	11	11	21	11	21	12	21	21	21	12	11	21	11	21	12	12	22	21	22	12	12	22	11	22	12	21	12	12	11	12	22	12	22	12	21	21	22	21	11	22	22	22	21	21	22	12	12	22	22	11	21	11	12	22	21	11	11	12	11	11	11	11	11	12	11	12
97	0	22.467	44.320	12	12	22	22	12	12	22	21	11	12	11	21	12	21	22	11	21	22	12	11	12	12	11	11	21	11	21	12	21	21	21	12	11	21	11	21	12	12	22	21	22	12	12	22	11	22	12	21	12	12	11	12	22	12	22	12	21	21	22	21	11	22	22	22	21	21	22	12	12	22	21	11	21	11	12	22	21	11	11	12	11	11	11	11	11	12	11	12
93	0	22.467	44.320	12	12	22	22	12	12	22	21	11	12	11	21	12	21	22	11	21	22	12	11	12	12	11	11	21	11	21	12	21	21	21	12	11	21	11	21	12	12	22	21	22	12	12	22	11	22	12	21	12	12	11	12	22	12	22	12	21	21	22	21	11	22	22	22	21	21	22	12	12	22	21	11	21	11	12	22	21	11	11	12	11	11	11	11	11	12	11	12
92	0	22.467	44.320	12	12	22	22	12	12	22	21	11	12	11	21	12	21	22	11	21	22	12	11	12	12	11	11	21	11	21	12	21	21	21	12	11	21	11	21	12	12	22	21	22	12	12	22	11	22	12	21	12	12	11	12	22	12	22	12	21	21	22	21	11	22	22	22	21	21	22	12	12	22	21	11	21	11	12	22	21	11	11	12	11	11	11	11	11	12	11	12
94	0	22.467	44.320	12	12	22	22	12	12	22	21	11	12	11	21	12	21	22	11	21	22	12	11	12	12	11	11	21	11	21	12	21	21	21	12	11	21	11	21	12	12	22	21	22	12	12	22	11	22	12	21	12	12	11	12	22	12	22	12	21	21	22	21	11	22	22	22	21	21	22	12	12	22	21	11	21	11	12	22	21	11	11	12	11	11	11	11	11	12	11	12
96	0	22.467	44.320	12	12	22	22	12	12	22	21	11	12	11	21	12	21	22	11	21	22	12	11	12	12	11	11	21	11	21	12	21	21	21	12	11	21	11	21	12	12	22	21	22	12	12	22	11	22	12	21	12	12	11	12	22	12	22	12	21	21	22	21	11	22	22	22	21	21	22	12	12	22	21	11	21	11	12	22	21	11	11	12	11	11	11	11	11	12	11	12
100	0	22.467	44.320	12	12	22	22	12	12	22	21	11	12	11	21	12	21	22	11	21	22	12	11	12	12	11	11	21	11	21	12	21	21	21	12	11	21	11	21	12	12	22	21	22	12	12	22	11	22	12	21	12	12	11	12	22	12	22	12	21	21	22	21	11	22	22	22	21	21	22	12	12	22	21	11	21	11	12	22	21	11	11	12	11	11	11	11	11	12	11	12
95	0	22.467	44.320	12	12	22	22	12	12	22	21	11	12	11	21	12	21	22	11	21	22	12	11	12	12	11	11	21	11	21	12	21	21	21	12	11	21	11	21	12	12	22	21	22	12	12	22	11	22	12	21	12	12	11	12	22	12	22	12	21	21	22	21	11	22	22	22	21	21	22	12	12	22	21	11	21	11	12	22	21	11	11	12	11	11	11	11	11	12	11	12
84	0	23.644	45.497	12	12	22	22	12	12	22	21	11	12	11	21	12	21	22	11	21	22	12	11	12	12	11	11	21	11	21	12	21	21	21	12	11	21	11	21	12	12	22	21	22	12	12	22	11	22	12	21	12	12	11	12	22	12	22	12	21	21	22	21	11	22	22	22	21	11	22	12	12	22	21	11	21	12	12	22	21	11	11	12	11	11	11	11	11	12	11	12
88	0	23.644	45.497	12	12	22	22	12	12	22	21	11	12	11	21	12	21	22	11	21	22	12	11	12	12	11	11	21	11	21	12	21	21	21	12	11	21	11	21	12	12	22	21	22	12	12	22	11	22	12	21	12	12	11	12	22	12	22	12	21	21	22	21	11	22	22	22	21	11	22	12	12	22	21	11	21	12	12	22	21	11	11	12	11	11	11	11	11	12	11	12
86	0	23.644	45.497	12	12	22	22	12	12	22	21	11	12	11	21	12	21	22	11	21	22	12	11	12	12	11	11	21	11	21	12	21	21	21	12	11	21	11	21	12	12	22	21	22	12	12	22	11	22	12	21	12	12	11	12	22	12	22	12	21	21	22	21	11	22	22	22	21	11	22	12	12	22	21	11	21	12	12	22	21	11	11	12	11	11	11	11	11	12	11	12
90	0	23.644	45.497	12	12	22	22	12	12	22	21	11	12	11	21	12	21	22	11	21	22	12	11	12	12	11	11	21	11	21	12	21	21	21	12	11	21	11	21	12	12	22	21	22	12	12	22	11	22	12	21	12	12	11	12	22	12	22	12	21	21	22	21	11	22	22	22	21	11	22	12	12	22	21	11	21	12	12	22	21	11	11	12	11	11	11	11	11	12	11	12
80	0	23.644	45.497	12	12	22	22	12	12	22	21	11	12	11	21	12	21	22	11	21	22	12	11	12	12	11	11	21	11	21	12	21	21	21	12	11	21	11	21	12	12	22	21	22	12	12	22	11	22	12	21	12	12	11	12	22	12	22	12	21	21	22	21	11	22	22	22	21	11	22	12	12	22	21	11	21	12	12	22	21	11	11	12	11	11	11	11	11	12	11	12
82	0	23.644	45.497	12	12	22	22	12	12	22	21	11	12	11	21	12	21	22	11	21	22	12	11	12	12	11	11	21	11	21	12	21	21	21	12	11	21	11	21	12	12	22	21	22	12	12	22	11	22	12	21	12	12	11	12	22	12	22	12	21	21	22	21	11	22	22	22	21	11	22	12	12	22	21	11	21	12	12	22	21	11	11	12	11	11	11	11	11	12	11	12
81	0	23.644	45.497	12	12	22	22	12	12	22	21	11	12	11	21	12	21	22	11	21	22	12	11	12	12	11	11	21	11	21	12	21	21	21	12	11	21	11	21	12	12	22	21	22	12	12	22	11	22	12	21	12	12	11	12	22	12	22	12	21	21	22	21	11	22	22	22	21	11	22	12	12	22	21	11	21	12	12	22	21	11	11	12	11	11	11	11	11	12	11	12
87	0	23.644	45.497	12	12	22	22	12	12	22	21	11	12	11	21	12	21	22	11	21	22	12	11	12	12	11	11	21	11	21	12	21	21	21	12	11	21	11	21	12	12	22	21	22	12	12	22	11	22	12	21	12	12	11	12	22	12	22	12	21	21	22	21	11	22	22	22	21	11	22	12	12	22	21	11	21	12	12	22	21	11	11	12	11	11	11	11	11	12	11	12
91	0	23.644	45.497	12	12	22	22	12	12	22	21	11	12	11	21	12	21	22	11	21	22	12	11	12	12	11	11	21	11	21	12	21	21	21	12	11	21	11	21	12	12	22	21	22	12	12	22	11	22	12	21	12	12	11	12	22	12	22	12	21	21	22	21	11	22	22	22	21	11	22	12	12	22	21	11	21	12	12	22	21	11	11	12	11	11	11	11	11	12	11	12
85	0	23.644	45.497	12	12	22	22	12	12	22	21	11	12	11	21	12	21	22	11	21	22	12	11	12	12	11	11	21	11	21	12	21	21	21	12	11	21	11	21	12	12	22	21	22	12	12	22	11	22	12	21	12	12	11	12	22	12	22	12	21	21	22	21	11	22	22	22	21	11	22	12	12	22	21	11	21	12	12	22	21	11	11	12	11	11	11	11	11	12	11	12
83	0	23.644	45.497	12	12	22	22	12	12	22	21	11	12	11	21	12	21	22	11	21	22	12	11	12	12	11	11	21	11	21	12	21	21	21	12	11	21	11	21	12	12	22	21	22	12	12	22	11	22	12	21	12	12	11	12	22	12	22	12	21	21	22	21	11	22	22	22	21	11	22	12	12	22	21	11	21	12	12	22	21	11	11	12	11	11	11	11	11	12	11	12
89	0	23.644	46.673	12	12	22	22	12	11	22	21	11	12	11	21	12	21	22	11	21	22	12	11	12	12	11	11	21	11	21	12	21	21	21	12	11	21	11	21	12	12	22	21	22	12	12	22	11	22	12	21	12	12	11	12	22	12	22	12	21	21	22	21	11	22	22	22	21	11	22	12	12	22	21	11	21	12	12	22	21	11	11	12	11	11	11	11	11	12	11	12
77	0	23.644	51.555	12	12	22	22	12	11	22	21	11	12	11	21	12	21	22	11	21	22	12	11	12	12	11	11	21	11	21	12	21	22	22	12	11	21	11	21	12	12	22	21	22	12	12	22	11	22	12	21	12	12	11	12	22	12	22	12	21	21	22	22	11	22	22	22	21	11	22	12	12	22	21	11	21	12	12	22	21	12	11	12	11	11	11	11	11	12	11	12
76	0	23.644	51.555	12	12	22	22	12	11	22	21	11	12	11	21	12	21	22	11	21	22	12	11	12	12	11	11	21	11	21	12	21	22	22	12	11	21	11	21	12	12	22	21	22	12	12	22	11	22	12	21	12	12	11	12	22	12	22	12	21	21	22	22	11	22	22	22	21	11	22	12	12	22	21	11	21	12	12	22	21	12	11	12	11	11	11	11	11	12	11	12
79	0	23.644	51.555	12	12	22	22	12	11	22	21	11	12	11	21	12	21	22	11	21	22	12	11	12	12	11	11	21	11	21	12	21	22	22	12	11	21	11	21	12	12	22	21	22	12	12	22	11	22	12	21	12	12	11	12	22	12	22	12	21	21	22	22	11	22	22	22	21	11	22	12	12	22	21	11	21	12	12	22	21	12	11	12	11	11	11	11	11	12	11	12
78	0	23.644	51.555	12	12	22	22	12	11	22	21	11	12	11	21	12	21	22	11	21	22	12	11	12	12	11	11	21	11	21	12	21	22	22	12	11	21	11	21	12	12	22	21	22	12	12	22	11	22	12	21	12	12	11	12	22	12	22	12	21	21	22	22	11	22	22	22	21	11	22	12	12	22	21	11	21	12	12	22	21	12	11	12	11	11	11	11	11	12	11	12
75	0	24.820	53.936	12	12	22	22	12	11	22	21	11	12	11	21	12	21	22	11	11	22	12	11	12	12	11	11	21	11	21	12	21	22	22	12	11	21	11	21	12	12	22	21	22	12	12	22	11	22	12	21	12	12	11	12	22	12	22	11	21	21	22	22	11	22	22	22	21	11	22	12	12	22	21	11	21	12	12	22	22	12	11	12	11	11	11	11	11	12	11	12
73	0	24.820	53.936	12	12	22	22	12	11	22	21	11	12	11	21	12	21	22	11	11	22	12	11	12	12	11	11	21	11	21	12	21	22	22	12	11	21	11	21	12	12	22	21	22	12	12	22	11	22	12	21	12	12	11	12	22	12	22	11	21	21	22	22	11	22	22	22	21	11	22	12	12	22	21	11	21	12	12	22	22	12	11	12	11	11	11	11	11	12	11	12
74	0	24.820	53.936	12	12	22	22	12	11	22	21	11	12	11	21	12	21	22	11	11	22	12	11	12	12	11	11	21	11	21	12	21	22	22	12	11	21	11	21	12	12	22	21	22	12	12	22	11	22	12	21	12	12	11	12	22	12	22	11	21	21	22	22	11	22	22	22	21	11	22	12	12	22	21	11	21	12	12	22	22	12	11	12	11	11	11	11	11	12	11	12
69	0	27.202	55.113	12	12	22	22	12	11	22	21	11	12	11	21	12	21	22	11	11	22	12	11	12	12	11	11	21	11	21	12	21	22	22	12	11	21	11	21	12	12	22	21	22	12	12	12	11	22	12	21	12	12	11	11	22	12	22	11	21	21	22	22	11	22	22	22	21	11	22	12	12	22	21	11	11	12	12	22	22	12	11	12	11	11	11	11	11	12	11	12
70	0	27.202	55.113	12	12	22	22	12	11	22	21	11	12	11	21	12	21	22	11	11	22	12	11	12	12	11	11	21	11	21	12	21	22	22	12	11	21	11	21	12	12	22	21	22	12	12	12	11	22	12	21	12	12	11	11	22	12	22	11	21	21	22	22	11	22	22	22	21	11	22	12	12	22	21	11	11	12	12	22	22	12	11	12	11	11	11	11	11	12	11	12
71	0	27.202	55.113	12	12	22	22	12	11	22	21	11	12	11	21	12	21	22	11	11	22	12	11	12	12	11	11	21	11	21	12	21	22	22	12	11	21	11	21	12	12	22	21	22	12	12	12	11	22	12	21	12	12	11	11	22	12	22	11	21	21	22	22	11	22	22	22	21	11	22	12	12	22	21	11	11	12	12	22	22	12	11	12	11	11	11	11	11	12	11	12
66	0	27.202	55.113	12	12	22	22	12	11	22	21	11	12	11	21	12	21	22	11	11	22	12	11	12	12	11	11	21	11	21	12	21	22	22	12	11	21	11	21	12	12	22	21	22	12	12	12	11	22	12	21	12	12	11	11	22	12	22	11	21	21	22	22	11	22	22	22	21	11	22	12	12	22	21	11	11	12	12	22	22	12	11	12	11	11	11	11	11	12	11	12
67	0	27.202	55.113	12	12	22	22	12	11	22	21	11	12	11	21	12	21	22	11	11	22	12	11	12	12	11	11	21	11	21	12	21	22	22	12	11	21	11	21	12	12	22	21	22	12	12	12	11	22	12	21	12	12	11	11	22	12	22	11	21	21	22	22	11	22	22	22	21	11	22	12	12	22	21	11	11	12	12	22	22	12	11	12	11	11	11	11	11	12	11	12
68	0	27.202	55.113	12	12	22	22	12	11	22	21	11	12	11	21	12	21	22	11	11	22	12	11	12	12	11	11	21	11	21	12	21	22	22	12	11	21	11	21	12	12	22	21	22	12	12	12	11	22	12	21	12	12	11	11	22	12	22	11	21	21	22	22	11	22	22	22	21	11	22	12	12	22	21	11	11	12	12	22	22	12	11	12	11	11	11	11	11	12	11	12
72	0	27.202	55.113	12	12	22	22	12	11	22	21	11	12	11	21	12	21	22	11	11	22	12	11	12	12	11	11	21	11	21	12	21	22	22	12	11	21	11	21	12	12	22	21	22	12	12	12	11	22	12	21	12	12	11	11	22	12	22	11	21	21	22	22	11	22	22	22	21	11	22	12	12	22	21	11	11	12	12	22	22	12	11	12	11	11	11	11	11	12	11	12
65	0	27.202	61.294	12	12	22	22	12	11	22	21	11	12	11	21	12	21	22	12	11	22	12	11	12	12	11	11	21	11	21	12	21	22	22	12	11	21	11	21	12	12	21	21	21	12	11	12	11	22	12	21	12	12	11	11	22	12	22	11	21	21	22	22	11	22	22	22	21	11	22	12	12	22	21	12	11	12	12	22	22	12	11	12	11	11	11	11	11	12	11	12
63	0	27.202	61.294	12	12	22	22	12	11	22	21	11	12	11	21	12	21	22	12	11	22	12	11	12	12	11	11	21	11	21	12	21	22	22	12	11	21	11	21	12	12	21	21	21	12	11	12	11	22	12	21	12	12	11	11	22	12	22	11	21	21	22	22	11	22	22	22	21	11	22	12	12	22	21	12	11	12	12	22	22	12	11	12	11	11	11	11	11	12	11	12
64	0	27.202	61.294	12	12	22	22	12	11	22	21	11	12	11	21	12	21	22	12	11	22	12	11	12	12	11	11	21	11	21	12	21	22	22	12	11	21	11	21	12	12	21	21	21	12	11	12	11	22	12	21	12	12	11	11	22	12	22	11	21	21	22	22	11	22	22	22	21	11	22	12	12	22	21	12	11	12	12	22	22	12	11	12	11	11	11	11	11	12	11	12
61	0	28.378	61.294	12	12	22	22	12	11	22	21	11	12	11	21	12	21	22	12	11	22	12	11	12	12	11	11	21	11	21	12	11	22	22	12	11	21	11	21	12	12	21	21	21	12	11	12	11	22	12	21	12	12	11	11	22	12	22	11	21	21	22	22	11	22	22	22	21	11	22	12	12	22	21	12	11	12	12	22	22	12	11	12	11	11	11	11	11	12	11	12
62	0	28.378	61.294	12	12	22	22	12	11	22	21	11	12	11	21	12	21	22	12	11	22	12	11	12	12	11	11	21	11	21	12	11	22	22	12	11	21	11	21	12	12	21	21	21	12	11	12	11	22	12	21	12	12	11	11	22	12	22	11	21	21	22	22	11	22	22	22	21	11	22	12	12	22	21	12	11	12	12	22	22	12	11	12	11	11	11	11	11	12	11	12
57	0	29.555	61.294	12	12	22	22	12	11	22	21	11	12	11	21	12	21	22	12	11	22	12	11	12	12	11	11	21	11	21	12	11	22	22	12	11	21	11	21	12	12	21	21	21	12	11	12	11	22	12	21	12	12	11	11	22	12	22	11	21	21	22	12	11	22	22	22	21	11	22	12	12	22	21	12	11	12	12	22	22	12	11	12	11	11	11	11	11	12	11	12
56	0	29.555	62.470	12	12	22	22	12	11	22	21	11	12	11	21	12	21	22	12	11	22	12	11	12	12	11	11	21	11	21	12	12	22	22	12	11	21	11	21	12	12	21	21	21	12	11	12	11	22	12	21	12	12	11	11	22	12	22	11	21	21	22	12	11	22	22	22	21	11	22	12	12	22	21	12	11	12	12	22	22	12	11	12	11	11	11	11	11	12	11	12
60	0	29.555	62.470	12	12	22	22	12	11	22	21	11	12	11	21	12	21	22	12	11	22	12	11	12	12	11	11	21	11	21	12	12	22	22	12	11	21	11	21	12	12	21	21	21	12	11	12	11	22	12	21	12	12	11	11	22	12	22	11	21	21	22	12	11	22	22	22	21	11	22	12	12	22	21	12	11	12	12	22	22	12	11	12	11	11	11	11	11	12	11	12
58	0	29.555	62.470	12	12	22	22	12	11	22	21	11	12	11	21	12	21	22	12	11	22	12	11	12	12	11	11	21	11	21	12	12	22	22	12	11	21	11	21	12	12	21	21	21	12	11	12	11	22	12	21	12	12	11	11	22	12	22	11	21	21	22	12	11	22	22	22	21	11	22	12	12	22	21	12	11	12	12	22	22	12	11	12	11	11	11	11	11	12	11	12
59	0	29.555	62.470	12	12	22	22	12	11	22	21	11	12	11	21	12	21	22	12	11	22	12	11	12	12	11	11	21	11	21	12	12	22	22	12	11	21	11	21	12	12	21	21	21	12	11	12	11	22	12	21	12	12	11	11	22	12	22	11	21	21	22	12	11	22	22	22	21	11	22	12	12	22	21	12	11	12	12	22	22	12	11	12	11	11	11	11	11	12	11	12
55	0	33.171	63.647	12	12	22	22	12	11	22	11	11	12	11	22	12	21	22	12	11	22	12	11	12	12	11	11	21	11	21	12	12	12	12	12	11	21	11	21	12	12	21	21	21	12	11	12	11	22	12	21	12	12	11	11	22	12	22	11	21	21	22	12	11	22	22	22	21	11	22	12	12	22	21	12	11	12	12	22	22	12	11	12	11	11	11	11	11	12	11	12
54	0	33.171	63.647	12	12	22	22	12	11	22	11	11	12	11	22	12	21	22	12	11	22	12	11	12	12	11	11	21	11	21	12	12	12	12	12	11	21	11	21	12	12	21	21	21	12	11	12	11	22	12	21	12	12	11	11	22	12	22	11	21	21	22	12	11	22	22	22	21	11	22	12	12	22	21	12	11	12	12	22	22	12	11	12	11	11	11	11	11	12	11	12
52	0	34.347	63.647	12	12	22	22	12	11	22	11	11	12	11	22	12	21	22	12	11	22	12	11	12	12	11	11	21	11	21	12	12	12	12	12	11	21	11	21	12	12	21	21	21	12	11	12	11	22	12	21	12	12	11	11	22	12	22	11	21	21	22	12	11	22	22	22	21	11	22	12	12	12	21	12	11	12	12	22	22	12	11	12	11	11	11	11	11	12	11	12
53	0	34.347	63.647	12	12	22	22	12	11	22	11	11	12	11	22	12	21	22	12	11	22	12	11	12	12	11	11	21	11	21	12	12	12	12	12	11	21	11	21	12	12	21	21	21	12	11	12	11	22	12	21	12	12	11	11	22	12	22	11	21	21	22	12	11	22	22	22	21	11	22	12	12	12	21	12	11	12	12	22	22	12	11	12	11	11	11	11	11	12	11	12
51	0	34.347	63.647	12	12	22	22	12	11	22	11	11	12	11	22	12	21	22	12	11	22	12	11	12	12	11	11	21	11	21	12	12	12	12	12	11	21	11	21	12	12	21	21	21	12	11	12	11	22	12	21	12	12	11	11	22	12	22	11	21	21	22	12	11	22	22	22	21	11	22	12	12	12	21	12	11	12	12	22	22	12	11	12	11	11	11	11	11	12	11	12
46	0	34.347	64.823	12	12	22	22	12	11	22	11	11	12	11	22	12	21	22	12	11	22	12	11	12	12	11	11	21	11	21	12	12	12	12	12	11	21	11	21	12	12	21	21	21	12	11	12	11	22	12	21	12	12	11	11	22	12	22	11	21	21	22	12	11	21	22	22	21	11	22	12	12	12	21	12	11	12	12	22	22	12	11	12	11	11	11	11	11	12	11	12
49	0	34.347	64.823	12	12	22	22	12	11	22	11	11	12	11	22	12	21	22	12	11	22	12	11	12	12	11	11	21	11	21	12	12	12	12	12	11	21	11	21	12	12	21	21	21	12	11	12	11	22	12	21	12	12	11	11	22	12	22	11	21	21	22	12	11	21	22	22	21	11	22	12	12	12	21	12	11	12	12	22	22	12	11	12	11	11	11	11	11	12	11	12
50	0	34.347	64.823	12	12	22	22	12	11	22	11	11	12	11	22	12	21	22	12	11	22	12	11	12	12	11	11	21	11	21	12	12	12	12	12	11	21	11	21	12	12	21	21	21	12	11	12	11	22	12	21	12	12	11	11	22	12	22	11	21	21	22	12	11	21	22	22	21	11	22	12	12	12	21	12	11	12	12	22	22	12	11	12	11	11	11	11	11	12	11	12
48	0	34.347	66.000	12	12	22	22	12	11	22	11	11	12	11	22	12	21	22	12	11	22	12	11	12	12	11	11	21	11	22	12	12	12	12	12	11	21	11	21	12	12	21	21	21	12	11	12	11	22	12	21	12	12	11	11	22	12	22	11	21	21	22	12	11	21	22	22	21	11	22	12	12	12	21	12	11	12	12	22	22	12	11	12	11	11	11	11	11	12	11	12
47	0	34.347	66.000	12	12	22	22	12	11	22	11	11	12	11	22	12	21	22	12	11	22	12	11	12	12	11	11	21	11	22	12	12	12	12	12	11	21	11	21	12	12	21	21	21	12	11	12	11	22	12	21	12	12	11	11	22	12	22	11	21	21	22	12	11	21	22	22	21	11	22	12	12	12	21	12	11	12	12	22	22	12	11	12	11	11	11	11	11	12	11	12
45	0	34.347	67.176	12	12	22	22	12	11	22	11	11	12	11	22	12	21	22	12	11	22	12	11	12	12	11	11	21	11	22	12	12	12	12	12	11	21	11	21	12	12	21	21	21	12	11	12	11	22	12	21	12	12	11	11	22	12	22	11	21	21	22	12	11	21	22	22	21	12	22	12	12	12	21	12	11	12	12	22	22	12	11	12	11	11	11	11	11	12	11	12
44	0	34.347	68.353	12	12	22	22	12	11	22	11	11	12	11	22	12	21	22	12	11	22	12	11	12	12	11	11	21	11	22	12	12	12	12	12	11	21	11	21	12	12	21	21	21	12	11	12	11	22	12	21	12	12	11	11	22	12	22	11	21	22	22	12	11	21	22	22	21	12	22	12	12	12	21	12	11	12	12	22	22	12	11	12	11	11	11	11	11	12	11	12
43	0	34.347	69.529	12	12	22	22	12	11	22	11	11	12	11	22	12	21	22	12	11	22	12	11	12	12	11	11	21	11	22	12	12	12	12	12	11	21	11	21	12	12	21	21	21	12	11	12	11	22	12	21	12	12	11	11	22	12	22	11	21	22	22	12	11	21	22	21	21	12	22	12	12	12	21	12	11	12	12	22	22	12	11	12	11	11	11	11	11	12	11	12
40	0	37.963	70.706	12	12	22	22	12	21	22	11	11	12	11	22	12	21	22	12	11	22	12	11	12	12	11	11	21	11	22	12	12	12	12	12	11	21	11	21	12	12	21	21	21	12	11	12	11	12	12	11	12	12	12	11	22	12	22	11	21	22	22	12	11	21	22	21	21	12	22	12	12	12	21	12	11	12	12	22	22	12	11	12	11	11	11	11	11	12	11	12
41	0	37.963	70.706	12	12	22	22	12	21	22	11	11	12	11	22	12	21	22	12	11	22	12	11	12	12	11	11	21	11	22	12	12	12	12	12	11	21	11	21	12	12	21	21	21	12	11	12	11	12	12	11	12	12	12	11	22	12	22	11	21	22	22	12	11	21	22	21	21	12	22	12	12	12	21	12	11	12	12	22	22	12	11	12	11	11	11	11	11	12	11	12
42	0	37.963	70.706	12	12	22	22	12	21	22	11	11	12	11	22	12	21	22	12	11	22	12	11	12	12	11	11	21	11	22	12	12	12	12	12	11	21	11	21	12	12	21	21	21	12	11	12	11	12	12	11	12	12	12	11	22	12	22	11	21	22	22	12	11	21	22	21	21	12	22	12	12	12	21	12	11	12	12	22	22	12	11	12	11	11	11	11	11	12	11	12
39	0	37.963	70.706	12	12	22	22	12	21	22	11	11	12	11	22	12	21	22	12	11	22	12	11	12	12	11	11	21	11	22	12	12	12	12	12	11	21	11	21	12	12	21	21	21	12	11	12	11	12	12	11	12	12	12	11	22	12	22	11	21	22	22	12	11	21	22	21	21	12	22	12	12	12	21	12	11	12	12	22	22	12	11	12	11	11	11	11	11	12	11	12
32	0	39.140	71.882	12	12	22	22	12	21	22	11	11	12	11	22	12	21	22	12	11	22	12	11	12	12	11	11	21	11	22	12	12	12	12	12	11	21	11	21	12	12	21	21	21	12	11	12	11	22	12	12	12	12	12	11	22	12	22	11	21	22	22	12	11	21	22	21	21	12	22	12	12	12	21	12	11	12	12	22	22	12	11	12	11	11	11	11	11	12	11	12
36	0	39.140	71.882	12	12	22	22	12	21	22	11	11	12	11	22	12	21	22	12	11	22	12	11	12	12	11	11	21	11	22	12	12	12	12	12	11	21	11	21	12	12	21	21	21	12	11	12	11	22	12	12	12	12	12	11	22	12	22	11	21	22	22	12	11	21	22	21	21	12	22	12	12	12	21	12	11	12	12	22	22	12	11	12	11	11	11	11	11	12	11	12
37	0	39.140	71.882	12	12	22	22	12	21	22	11	11	12	11	22	12	21	22	12	11	22	12	11	12	12	11	11	21	11	22	12	12	12	12	12	11	21	11	21	12	12	21	21	21	12	11	12	11	22	12	12	12	12	12	11	22	12	22	11	21	22	22	12	11	21	22	21	21	12	22	12	12	12	21	12	11	12	12	22	22	12	11	12	11	11	11	11	11	12	11	12
38	0	40.317	71.882	12	12	22	22	12	21	22	11	11	12	11	22	12	21	22	12	11	22	12	11	12	12	11	11	21	11	22	12	12	12	12	12	11	21	11	21	12	12	21	21	21	12	11	12	11	22	12	12	12	12	12	11	22	12	22	11	21	22	22	12	11	21	22	21	11	12	22	12	12	12	21	12	11	12	12	22	22	12	11	12	11	11	11	11	11	12	11	12
33	0	40.317	73.059	12	12	22	22	12	21	22	11	11	12	11	22	12	21	22	12	12	22	12	11	12	12	11	11	21	11	22	12	12	12	12	12	11	21	11	21	12	12	21	21	21	12	11	12	11	22	12	12	12	12	12	11	22	12	22	11	21	22	22	12	11	21	22	21	11	12	22	12	12	12	21	12	11	12	12	22	22	12	11	12	11	11	11	11	11	12	11	12
34	0	40.317	73.059	12	12	22	22	12	21	22	11	11	12	11	22	12	21	22	12	12	22	12	11	12	12	11	11	21	11	22	12	12	12	12	12	11	21	11	21	12	12	21	21	21	12	11	12	11	22	12	12	12	12	12	11	22	12	22	11	21	22	22	12	11	21	22	21	11	12	22	12	12	12	21	12	11	12	12	22	22	12	11	12	11	11	11	11	11	12	11	12
35	0	40.317	73.059	12	12	22	22	12	21	22	11	11	12	11	22	12	21	22	12	12	22	12	11	12	12	11	11	21	11	22	12	12	12	12	12	11	21	11	21	12	12	21	21	21	12	11	12	11	22	12	12	12	12	12	11	22	12	22	11	21	22	22	12	11	21	22	21	11	12	22	12	12	12	21	12	11	12	12	22	22	12	11	12	11	11	11	11	11	12	11	12
30	0	41.493	74.235	12	12	22	22	12	21	22	11	11	12	11	22	12	21	12	12	12	22	12	11	12	12	11	11	21	12	22	12	12	12	12	12	11	21	11	21	12	12	21	21	21	12	11	12	11	22	12	12	12	12	12	11	22	12	22	11	21	22	22	12	11	21	22	21	11	12	22	12	12	12	21	12	11	12	12	22	22	12	11	12	11	11	11	11	11	12	11	12
27	0	41.493	74.235	12	12	22	22	12	21	22	11	11	12	11	22	12	21	12	12	12	22	12	11	12	12	11	11	21	12	22	12	12	12	12	12	11	21	11	21	12	12	21	21	21	12	11	12	11	22	12	12	12	12	12	11	22	12	22	11	21	22	22	12	11	21	22	21	11	12	22	12	12	12	21	12	11	12	12	22	22	12	11	12	11	11	11	11	11	12	11	12
26	0	41.493	74.235	12	12	22	22	12	21	22	11	11	12	11	22	12	21	12	12	12	22	12	11	12	12	11	11	21	12	22	12	12	12	12	12	11	21	11	21	12	12	21	21	21	12	11	12	11	22	12	12	12	12	12	11	22	12	22	11	21	22	22	12	11	21	22	21	11	12	22	12	12	12	21	12	11	12	12	22	22	12	11	12	11	11	11	11	11	12	11	12
29	0	41.493	74.235	12	12	22	22	12	21	22	11	11	12	11	22	12	21	12	12	12	22	12	11	12	12	11	11	21	12	22	12	12	12	12	12	11	21	11	21	12	12	21	21	21	12	11	12	11	22	12	12	12	12	12	11	22	12	22	11	21	22	22	12	11	21	22	21	11	12	22	12	12	12	21	12	11	12	12	22	22	12	11	12	11	11	11	11	11	12	11	12
31	0	41.493	74.235	12	12	22	22	12	21	22	11	11	12	11	22	12	21	12	12	12	22	12	11	12	12	11	11	21	12	22	12	12	12	12	12	11	21	11	21	12	12	21	21	21	12	11	12	11	22	12	12	12	12	12	11	22	12	22	11	21	22	22	12	11	21	22	21	11	12	22	12	12	12	21	12	11	12	12	22	22	12	11	12	11	11	11	11	11	12	11	12
28	0	41.493	74.235	12	12	22	22	12	21	22	11	11	12	11	22	12	21	12	12	12	22	12	11	12	12	11	11	21	12	22	12	12	12	12	12	11	21	11	21	12	12	21	21	21	12	11	12	11	22	12	12	12	12	12	11	22	12	22	11	21	22	22	12	11	21	22	21	11	12	22	12	12	12	21	12	11	12	12	22	22	12	11	12	11	11	11	11	11	12	11	12
24	0	43.874	75.412	12	12	22	22	12	21	22	11	11	12	12	22	12	21	12	12	12	22	12	11	12	12	11	11	21	12	22	12	12	12	12	12	11	21	11	21	12	12	11	21	11	12	11	12	11	22	12	12	12	12	12	11	22	12	22	11	21	22	22	12	11	21	22	21	11	12	22	12	12	12	21	12	11	12	12	22	22	12	11	12	11	11	11	11	11	12	11	12
23	0	43.874	75.412	12	12	22	22	12	21	22	11	11	12	12	22	12	21	12	12	12	22	12	11	12	12	11	11	21	12	22	12	12	12	12	12	11	21	11	21	12	12	11	21	11	12	11	12	11	22	12	12	12	12	12	11	22	12	22	11	21	22	22	12	11	21	22	21	11	12	22	12	12	12	21	12	11	12	12	22	22	12	11	12	11	11	11	11	11	12	11	12
21	0	43.874	75.412	12	12	22	22	12	21	22	11	11	12	12	22	12	21	12	12	12	22	12	11	12	12	11	11	21	12	22	12	12	12	12	12	11	21	11	21	12	12	11	21	11	12	11	12	11	22	12	12	12	12	12	11	22	12	22	11	21	22	22	12	11	21	22	21	11	12	22	12	12	12	21	12	11	12	12	22	22	12	11	12	11	11	11	11	11	12	11	12
15	0	43.874	75.412	12	12	22	22	12	21	22	11	11	12	12	22	12	21	12	12	12	22	12	11	12	12	11	11	21	12	22	12	12	12	12	12	11	21	11	21	12	12	11	21	11	12	11	12	11	22	12	12	12	12	12	11	22	12	22	11	21	22	22	12	11	21	22	21	11	12	22	12	12	12	21	12	11	12	12	22	22	12	11	12	11	11	11	11	11	12	11	12
16	0	43.874	75.412	12	12	22	22	12	21	22	11	11	12	12	22	12	21	12	12	12	22	12	11	12	12	11	11	21	12	22	12	12	12	12	12	11	21	11	21	12	12	11	21	11	12	11	12	11	22	12	12	12	12	12	11	22	12	22	11	21	22	22	12	11	21	22	21	11	12	22	12	12	12	21	12	11	12	12	22	22	12	11	12	11	11	11	11	11	12	11	12
18	0	43.874	75.412	12	12	22	22	12	21	22	11	11	12	12	22	12	21	12	12	12	22	12	11	12	12	11	11	21	12	22	12	12	12	12	12	11	21	11	21	12	12	11	21	11	12	11	12	11	22	12	12	12	12	12	11	22	12	22	11	21	22	22	12	11	21	22	21	11	12	22	12	12	12	21	12	11	12	12	22	22	12	11	12	11	11	11	11	11	12	11	12
20	0	43.874	75.412	12	12	22	22	12	21	22	11	11	12	12	22	12	21	12	12	12	22	12	11	12	12	11	11	21	12	22	12	12	12	12	12	11	21	11	21	12	12	11	21	11	12	11	12	11	22	12	12	12	12	12	11	22	12	22	11	21	22	22	12	11	21	22	21	11	12	22	12	12	12	21	12	11	12	12	22	22	12	11	12	11	11	11	11	11	12	11	12
22	0	43.874	75.412	12	12	22	22	12	21	22	11	11	12	12	22	12	21	12	12	12	22	12	11	12	12	11	11	21	12	22	12	12	12	12	12	11	21	11	21	12	12	11	21	11	12	11	12	11	22	12	12	12	12	12	11	22	12	22	11	21	22	22	12	11	21	22	21	11	12	22	12	12	12	21	12	11	12	12	22	22	12	11	12	11	11	11	11	11	12	11	12
19	0	43.874	75.412	12	12	22	22	12	21	22	11	11	12	12	22	12	21	12	12	12	22	12	11	12	12	11	11	21	12	22	12	12	12	12	12	11	21	11	21	12	12	11	21	11	12	11	12	11	22	12	12	12	12	12	11	22	12	22	11	21	22	22	12	11	21	22	21	11	12	22	12	12	12	21	12	11	12	12	22	22	12	11	12	11	11	11	11	11	12	11	12
25	0	43.874	75.412	12	12	22	22	12	21	22	11	11	12	12	22	12	21	12	12	12	22	12	11	12	12	11	11	21	12	22	12	12	12	12	12	11	21	11	21	12	12	11	21	11	12	11	12	11	22	12	12	12	12	12	11	22	12	22	11	21	22	22	12	11	21	22	21	11	12	22	12	12	12	21	12	11	12	12	22	22	12	11	12	11	11	11	11	11	12	11	12
17	0	43.874	75.412	12	12	22	22	12	21	22	11	11	12	12	22	12	21	12	12	12	22	12	11	12	12	11	11	21	12	22	12	12	12	12	12	11	21	11	21	12	12	11	21	11	12	11	12	11	22	12	12	12	12	12	11	22	12	22	11	21	22	22	12	11	21	22	21	11	12	22	12	12	12	21	12	11	12	12	22	22	12	11	12	11	11	11	11	11	12	11	12
14	0	45.051	77.793	12	12	21	12	12	21	22	11	11	12	12	22	12	21	12	12	12	22	12	11	12	12	11	11	21	12	22	12	12	12	12	12	11	21	11	21	12	12	11	21	11	12	11	12	11	22	12	12	12	12	12	11	22	12	22	11	21	22	22	12	11	21	22	21	11	12	22	12	12	12	21	12	11	12	12	22	22	12	11	12	11	11	11	12	11	12	11	12
11	0	46.228	78.970	12	12	21	12	12	21	22	11	11	12	12	22	12	21	12	12	12	22	12	11	12	12	11	11	21	12	22	12	12	12	12	12	11	22	11	21	12	12	11	21	11	12	11	12	11	22	12	12	12	12	12	11	22	12	22	11	21	22	22	12	11	21	22	21	11	12	22	12	12	12	21	12	11	12	12	22	12	12	11	12	11	11	11	12	11	12	11	12
13	0	46.228	78.970	12	12	21	12	12	21	22	11	11	12	12	22	12	21	12	12	12	22	12	11	12	12	11	11	21	12	22	12	12	12	12	12	11	22	11	21	12	12	11	21	11	12	11	12	11	22	12	12	12	12	12	11	22	12	22	11	21	22	22	12	11	21	22	21	11	12	22	12	12	12	21	12	11	12	12	22	12	12	11	12	11	11	11	12	11	12	11	12
12	0	46.228	78.970	12	12	21	12	12	21	22	11	11	12	12	22	12	21	12	12	12	22	12	11	12	12	11	11	21	12	22	12	12	12	12	12	11	22	11	21	12	12	11	21	11	12	11	12	11	22	12	12	12	12	12	11	22	12	22	11	21	22	22	12	11	21	22	21	11	12	22	12	12	12	21	12	11	12	12	22	12	12	11	12	11	11	11	12	11	12	11	12
10	0	46.228	82.586	12	12	21	12	12	21	22	11	11	12	12	22	12	21	12	12	12	21	12	11	12	11	11	11	21	12	22	12	12	12	12	12	11	22	11	21	12	12	11	21	11	12	11	12	11	22	12	12	12	12	12	11	22	12	22	11	21	22	22	12	11	21	22	21	11	12	22	11	12	12	21	12	11	12	12	22	12	12	11	12	11	11	11	12	11	12	11	12
7	0	47.404	82.586	12	12	21	12	12	21	22	11	11	12	12	22	12	21	12	12	12	21	12	11	12	11	11	11	21	12	22	12	12	12	12	12	11	22	11	11	12	12	11	21	11	12	11	12	11	22	12	12	12	12	12	11	22	12	22	11	21	22	22	12	11	21	22	21	11	12	22	11	12	12	21	12	11	12	12	22	12	12	11	12	11	11	11	12	11	12	11	12
5	0	47.404	82.586	12	12	21	12	12	21	22	11	11	12	12	22	12	21	12	12	12	21	12	11	12	11	11	11	21	12	22	12	12	12	12	12	11	22	11	11	12	12	11	21	11	12	11	12	11	22	12	12	12	12	12	11	22	12	22	11	21	22	22	12	11	21	22	21	11	12	22	11	12	12	21	12	11	12	12	22	12	12	11	12	11	11	11	12	11	12	11	12
6	0	47.404	82.586	12	12	21	12	12	21	22	11	11	12	12	22	12	21	12	12	12	21	12	11	12	11	11	11	21	12	22	12	12	12	12	12	11	22	11	11	12	12	11	21	11	12	11	12	11	22	12	12	12	12	12	11	22	12	22	11	21	22	22	12	11	21	22	21	11	12	22	11	12	12	21	12	11	12	12	22	12	12	11	12	11	11	11	12	11	12	11	12
4	0	48.581	82.586	12	12	21	12	12	11	22	11	11	12	12	22	12	21	12	12	12	21	12	11	12	11	11	11	21	12	22	12	12	12	12	12	11	22	11	11	12	12	11	21	11	12	11	12	11	22	12	12	12	12	12	11	22	12	22	11	21	22	22	12	11	21	22	21	11	12	22	11	12	12	21	12	11	12	12	22	12	12	11	12	11	11	11	12	11	12	11	12
9	0	48.581	83.762	12	12	21	12	12	11	22	11	11	12	12	22	12	21	12	12	12	21	12	11	12	11	11	11	21	12	22	12	12	12	12	12	11	22	11	11	12	12	11	21	11	12	11	12	11	22	12	12	12	12	12	11	22	12	22	11	21	22	22	12	11	21	22	21	11	12	22	11	12	12	22	12	11	12	12	22	12	12	11	12	11	11	11	12	11	12	11	12
8	0	48.581	83.762	12	12	21	12	12	11	22	11	11	12	12	22	12	21	12	12	12	21	12	11	12	11	11	11	21	12	22	12	12	12	12	12	11	22	11	11	12	12	11	21	11	12	11	12	11	22	12	12	12	12	12	11	22	12	22	11	21	22	22	12	11	21	22	21	11	12	22	11	12	12	22	12	11	12	12	22	12	12	11	12	11	11	11	12	11	12	11	12
1	0	49.757	88.644	12	12	21	22	11	11	21	11	11	12	12	22	12	21	12	12	12	21	12	11	12	11	11	11	22	12	22	12	12	12	12	12	11	22	11	11	12	12	11	21	11	12	11	12	11	22	12	12	12	12	12	11	22	12	22	11	21	22	22	12	11	21	22	21	11	12	22	11	12	12	22	12	11	12	12	22	12	12	11	11	11	11	11	12	11	12	11	12
2	0	49.757	88.644	12	12	21	22	11	11	21	11	11	12	12	22	12	21	12	12	12	21	12	11	12	11	11	11	22	12	22	12	12	12	12	12	11	22	11	11	12	12	11	21	11	12	11	12	11	22	12	12	12	12	12	11	22	12	22	11	21	22	22	12	11	21	22	21	11	12	22	11	12	12	22	12	11	12	12	22	12	12	11	11	11	11	11	12	11	12	11	12
3	0	49.757	88.644	12	12	21	22	11	11	21	11	11	12	12	22	12	21	12	12	12	21	12	11	12	11	11	11	22	12	22	12	12	12	12	12	11	22	11	11	12	12	11	21	11	12	11	12	11	22	12	12	12	12	12	11	22	12	22	11	21	22	22	12	11	21	22	21	11	12	22	11	12	12	22	12	11	12	12	22	12	12	11	11	11	11	11	12	11	12	11	12
