MARKER	CHR	MALE_POS	FEMALE_POS	P1xP2	P1xP2	P1xP2	P1xP2	P1xP2	P1xP2	P1xP2	P1xP2	P1xP2	P1xP2	P1xP2	P1xP2	P1xP2	P1xP2	P1xP2	P1xP2	P1xP2	P1xP2	P1xP2	P1xP2	P1xP2	P1xP2	P1xP2	P1xP2	P1xP2	P1xP2	P1xP2	P1xP2	P1xP2	P1xP2	P1xP2	P1xP2	P1xP2	P1xP2	P1xP2	P1xP2	P1xP2	P1xP2	P1xP2	P1xP2	P1xP2	P1xP2	P1xP2	P1xP2	P1xP2	P1xP2	P1xP2	P1xP2	P1xP2	P1xP2	P1xP2	P1xP2	P1xP2	P1xP2	P1xP2	P1xP2	P1xP2	P1xP2	P1xP2	P1xP2	P1xP2	P1xP2	P1xP2	P1xP2	P1xP2	P1xP2	P1xP2	P1xP2	P1xP2	P1xP2	P1xP2	P1xP2	P1xP2	P1xP2	P1xP2	P1xP2	P1xP2	P1xP2	P1xP2	P1xP2	P1xP2	P1xP2	P1xP2	P1xP2	P1xP2	P1xP2	P1xP2	P1xP2
MARKER	CHR	MALE_POS	FEMALE_POS	P1	P2	C1	C2	C3	C4	C5	C6	C7	C8	C9	C10	C11	C12	C13	C14	C15	C16	C17	C18	C19	C20	C21	C22	C23	C24	C25	C26	C27	C28	C29	C30	C31	C32	C33	C34	C35	C36	C37	C38	C39	C40	C41	C42	C43	C44	C45	C46	C47	C48	C49	C50	C51	C52	C53	C54	C55	C56	C57	C58	C59	C60	C61	C62	C63	C64	C65	C66	C67	C68	C69	C70	C71	C72	C73	C74	C75	C76	C77	C78	C79	C80	C81	C82	C83	C84	C85	C86
MARKER	CHR	MALE_POS	FEMALE_POS	0	0	P1	P1	P1	P1	P1	P1	P1	P1	P1	P1	P1	P1	P1	P1	P1	P1	P1	P1	P1	P1	P1	P1	P1	P1	P1	P1	P1	P1	P1	P1	P1	P1	P1	P1	P1	P1	P1	P1	P1	P1	P1	P1	P1	P1	P1	P1	P1	P1	P1	P1	P1	P1	P1	P1	P1	P1	P1	P1	P1	P1	P1	P1	P1	P1	P1	P1	P1	P1	P1	P1	P1	P1	P1	P1	P1	P1	P1	P1	P1	P1	P1	P1	P1	P1	P1	P1
MARKER	CHR	MALE_POS	FEMALE_POS	0	0	P2	P2	P2	P2	P2	P2	P2	P2	P2	P2	P2	P2	P2	P2	P2	P2	P2	P2	P2	P2	P2	P2	P2	P2	P2	P2	P2	P2	P2	P2	P2	P2	P2	P2	P2	P2	P2	P2	P2	P2	P2	P2	P2	P2	P2	P2	P2	P2	P2	P2	P2	P2	P2	P2	P2	P2	P2	P2	P2	P2	P2	P2	P2	P2	P2	P2	P2	P2	P2	P2	P2	P2	P2	P2	P2	P2	P2	P2	P2	P2	P2	P2	P2	P2	P2	P2
MARKER	CHR	MALE_POS	FEMALE_POS	1	2	0	0	0	0	0	0	0	0	0	0	0	0	0	0	0	0	0	0	0	0	0	0	0	0	0	0	0	0	0	0	0	0	0	0	0	0	0	0	0	0	0	0	0	0	0	0	0	0	0	0	0	0	0	0	0	0	0	0	0	0	0	0	0	0	0	0	0	0	0	0	0	0	0	0	0	0	0	0	0	0	0	0	0	0	0	0
MARKER	CHR	MALE_POS	FEMALE_POS	0	0	0	0	0	0	0	0	0	0	0	0	0	0	0	0	0	0	0	0	0	0	0	0	0	0	0	0	0	0	0	0	0	0	0	0	0	0	0	0	0	0	0	0	0	0	0	0	0	0	0	0	0	0	0	0	0	0	0	0	0	0	0	0	0	0	0	0	0	0	0	0	0	0	0	0	0	0	0	0	0	0	0	0	0	0	0	0
2	0	0.000	0.000	12	12	22	21	21	22	12	21	11	22	21	12	11	11	11	22	11	22	11	22	11	21	11	11	22	12	11	21	21	11	11	22	22	22	11	21	12	22	12	11	12	11	11	21	11	12	21	21	21	21	22	21	22	22	11	22	12	22	22	11	22	21	21	22	11	12	11	21	11	22	22	11	21	21	12	11	21	21	11	21	11	22	11	22	21	12	22	21
1	0	0.000	2.381	12	12	22	21	21	22	12	21	11	22	21	12	11	11	11	22	11	22	11	22	11	21	11	11	22	12	11	21	21	11	11	22	22	22	11	21	12	22	12	11	12	11	11	21	11	12	21	21	21	21	22	21	22	22	11	22	12	22	22	12	22	21	21	22	12	12	11	21	11	22	22	11	21	21	12	11	21	21	11	21	11	22	11	22	21	12	22	21
3	0	0.000	3.558	12	12	22	22	21	22	12	21	11	22	21	12	11	11	11	22	11	22	11	22	11	21	11	11	22	12	11	21	21	11	11	22	22	22	11	21	12	22	12	11	12	11	11	21	11	12	21	21	21	21	22	21	22	22	11	22	12	22	22	12	22	21	21	22	12	12	11	21	11	22	22	11	21	21	12	11	21	21	11	21	11	22	11	22	21	12	22	21
4	0	0.000	3.558	12	12	22	22	21	22	12	21	11	22	21	12	11	11	11	22	11	22	11	22	11	21	11	11	22	12	11	21	21	11	11	22	22	22	11	21	12	22	12	11	12	11	11	21	11	12	21	21	21	21	22	21	22	22	11	22	12	22	22	12	22	21	21	22	12	12	11	21	11	22	22	11	21	21	12	11	21	21	11	21	11	22	11	22	21	12	22	21
7	0	0.000	8.440	12	12	22	22	21	22	12	21	11	22	21	12	11	11	11	22	11	22	11	22	11	21	12	12	22	12	11	21	21	11	11	22	22	22	11	21	12	22	12	11	12	11	11	21	11	12	21	21	21	21	22	21	22	22	11	22	12	22	22	12	22	21	22	22	12	12	11	21	11	22	22	11	21	21	12	11	22	21	11	21	11	22	11	22	21	12	22	21
8	0	0.000	8.440	12	12	22	22	21	22	12	21	11	22	21	12	11	11	11	22	11	22	11	22	11	21	12	12	22	12	11	21	21	11	11	22	22	22	11	21	12	22	12	11	12	11	11	21	11	12	21	21	21	21	22	21	22	22	11	22	12	22	22	12	22	21	22	22	12	12	11	21	11	22	22	11	21	21	12	11	22	21	11	21	11	22	11	22	21	12	22	21
6	0	0.000	8.440	12	12	22	22	21	22	12	21	11	22	21	12	11	11	11	22	11	22	11	22	11	21	12	12	22	12	11	21	21	11	11	22	22	22	11	21	12	22	12	11	12	11	11	21	11	12	21	21	21	21	22	21	22	22	11	22	12	22	22	12	22	21	22	22	12	12	11	21	11	22	22	11	21	21	12	11	22	21	11	21	11	22	11	22	21	12	22	21
5	0	0.000	8.440	12	12	22	22	21	22	12	21	11	22	21	12	11	11	11	22	11	22	11	22	11	21	12	12	22	12	11	21	21	11	11	22	22	22	11	21	12	22	12	11	12	11	11	21	11	12	21	21	21	21	22	21	22	22	11	22	12	22	22	12	22	21	22	22	12	12	11	21	11	22	22	11	21	21	12	11	22	21	11	21	11	22	11	22	21	12	22	21
11	0	0.000	9.616	12	12	22	22	21	22	12	21	11	22	21	12	11	11	11	22	11	22	11	22	11	21	12	12	22	12	11	21	21	11	11	22	22	22	11	21	12	22	12	11	12	11	11	21	11	12	21	21	21	21	22	21	22	22	11	22	12	21	22	12	22	21	22	22	12	12	11	21	11	22	22	11	21	21	12	11	22	21	11	21	11	22	11	22	21	12	22	21
10	0	0.000	9.616	12	12	22	22	21	22	12	21	11	22	21	12	11	11	11	22	11	22	11	22	11	21	12	12	22	12	11	21	21	11	11	22	22	22	11	21	12	22	12	11	12	11	11	21	11	12	21	21	21	21	22	21	22	22	11	22	12	21	22	12	22	21	22	22	12	12	11	21	11	22	22	11	21	21	12	11	22	21	11	21	11	22	11	22	21	12	22	21
14	0	0.000	9.616	12	12	22	22	21	22	12	21	11	22	21	12	11	11	11	22	11	22	11	22	11	21	12	12	22	12	11	21	21	11	11	22	22	22	11	21	12	22	12	11	12	11	11	21	11	12	21	21	21	21	22	21	22	22	11	22	12	21	22	12	22	21	22	22	12	12	11	21	11	22	22	11	21	21	12	11	22	21	11	21	11	22	11	22	21	12	22	21
15	0	0.000	9.616	12	12	22	22	21	22	12	21	11	22	21	12	11	11	11	22	11	22	11	22	11	21	12	12	22	12	11	21	21	11	11	22	22	22	11	21	12	22	12	11	12	11	11	21	11	12	21	21	21	21	22	21	22	22	11	22	12	21	22	12	22	21	22	22	12	12	11	21	11	22	22	11	21	21	12	11	22	21	11	21	11	22	11	22	21	12	22	21
9	0	0.000	9.616	12	12	22	22	21	22	12	21	11	22	21	12	11	11	11	22	11	22	11	22	11	21	12	12	22	12	11	21	21	11	11	22	22	22	11	21	12	22	12	11	12	11	11	21	11	12	21	21	21	21	22	21	22	22	11	22	12	21	22	12	22	21	22	22	12	12	11	21	11	22	22	11	21	21	12	11	22	21	11	21	11	22	11	22	21	12	22	21
13	0	0.000	9.616	12	12	22	22	21	22	12	21	11	22	21	12	11	11	11	22	11	22	11	22	11	21	12	12	22	12	11	21	21	11	11	22	22	22	11	21	12	22	12	11	12	11	11	21	11	12	21	21	21	21	22	21	22	22	11	22	12	21	22	12	22	21	22	22	12	12	11	21	11	22	22	11	21	21	12	11	22	21	11	21	11	22	11	22	21	12	22	21
12	0	0.000	9.616	12	12	22	22	21	22	12	21	11	22	21	12	11	11	11	22	11	22	11	22	11	21	12	12	22	12	11	21	21	11	11	22	22	22	11	21	12	22	12	11	12	11	11	21	11	12	21	21	21	21	22	21	22	22	11	22	12	21	22	12	22	21	22	22	12	12	11	21	11	22	22	11	21	21	12	11	22	21	11	21	11	22	11	22	21	12	22	21
19	0	0.000	10.793	12	12	22	22	21	22	12	21	11	22	21	12	11	11	11	22	11	22	11	22	11	21	12	12	22	12	11	21	21	11	11	22	21	22	11	21	12	22	12	11	12	11	11	21	11	12	21	21	21	21	22	21	22	22	11	22	12	21	22	12	22	21	22	22	12	12	11	21	11	22	22	11	21	21	12	11	22	21	11	21	11	22	11	22	21	12	22	21
20	0	0.000	10.793	12	12	22	22	21	22	12	21	11	22	21	12	11	11	11	22	11	22	11	22	11	21	12	12	22	12	11	21	21	11	11	22	21	22	11	21	12	22	12	11	12	11	11	21	11	12	21	21	21	21	22	21	22	22	11	22	12	21	22	12	22	21	22	22	12	12	11	21	11	22	22	11	21	21	12	11	22	21	11	21	11	22	11	22	21	12	22	21
24	0	0.000	11.969	12	12	22	22	21	22	12	21	11	22	21	12	11	11	11	22	11	22	11	22	11	21	12	12	22	12	11	21	21	11	11	22	21	22	11	21	12	22	12	11	12	11	11	21	11	12	21	21	21	21	22	21	22	22	11	22	12	21	22	12	22	21	22	22	12	12	11	21	11	22	22	11	22	21	12	11	22	21	11	21	11	22	11	22	21	12	22	21
25	0	0.000	11.969	12	12	22	22	21	22	12	21	11	22	21	12	11	11	11	22	11	22	11	22	11	21	12	12	22	12	11	21	21	11	11	22	21	22	11	21	12	22	12	11	12	11	11	21	11	12	21	21	21	21	22	21	22	22	11	22	12	21	22	12	22	21	22	22	12	12	11	21	11	22	22	11	22	21	12	11	22	21	11	21	11	22	11	22	21	12	22	21
22	0	0.000	11.969	12	12	22	22	21	22	12	21	11	22	21	12	11	11	11	22	11	22	11	22	11	21	12	12	22	12	11	21	21	11	11	22	21	22	11	21	12	22	12	11	12	11	11	21	11	12	21	21	21	21	22	21	22	22	11	22	12	21	22	12	22	21	22	22	12	12	11	21	11	22	22	11	22	21	12	11	22	21	11	21	11	22	11	22	21	12	22	21
16	0	0.000	11.969	12	12	22	22	21	22	12	21	11	22	21	12	11	11	11	22	11	22	11	22	11	21	12	12	22	12	11	21	21	11	11	22	21	22	11	21	12	22	12	11	12	11	11	21	11	12	21	21	21	21	22	21	22	22	11	22	12	21	22	12	22	21	22	22	12	12	11	21	11	22	22	11	22	21	12	11	22	21	11	21	11	22	11	22	21	12	22	21
21	0	0.000	11.969	12	12	22	22	21	22	12	21	11	22	21	12	11	11	11	22	11	22	11	22	11	21	12	12	22	12	11	21	21	11	11	22	21	22	11	21	12	22	12	11	12	11	11	21	11	12	21	21	21	21	22	21	22	22	11	22	12	21	22	12	22	21	22	22	12	12	11	21	11	22	22	11	22	21	12	11	22	21	11	21	11	22	11	22	21	12	22	21
23	0	0.000	11.969	12	12	22	22	21	22	12	21	11	22	21	12	11	11	11	22	11	22	11	22	11	21	12	12	22	12	11	21	21	11	11	22	21	22	11	21	12	22	12	11	12	11	11	21	11	12	21	21	21	21	22	21	22	22	11	22	12	21	22	12	22	21	22	22	12	12	11	21	11	22	22	11	22	21	12	11	22	21	11	21	11	22	11	22	21	12	22	21
17	0	0.000	11.969	12	12	22	22	21	22	12	21	11	22	21	12	11	11	11	22	11	22	11	22	11	21	12	12	22	12	11	21	21	11	11	22	21	22	11	21	12	22	12	11	12	11	11	21	11	12	21	21	21	21	22	21	22	22	11	22	12	21	22	12	22	21	22	22	12	12	11	21	11	22	22	11	22	21	12	11	22	21	11	21	11	22	11	22	21	12	22	21
18	0	0.000	11.969	12	12	22	22	21	22	12	21	11	22	21	12	11	11	11	22	11	22	11	22	11	21	12	12	22	12	11	21	21	11	11	22	21	22	11	21	12	22	12	11	12	11	11	21	11	12	21	21	21	21	22	21	22	22	11	22	12	21	22	12	22	21	22	22	12	12	11	21	11	22	22	11	22	21	12	11	22	21	11	21	11	22	11	22	21	12	22	21
26	0	0.000	11.969	12	12	22	22	21	22	12	21	11	22	21	12	11	11	11	22	11	22	11	22	11	21	12	12	22	12	11	21	21	11	11	22	21	22	11	21	12	22	12	11	12	11	11	21	11	12	21	21	21	21	22	21	22	22	11	22	12	21	22	12	22	21	22	22	12	12	11	21	11	22	22	11	22	21	12	11	22	21	11	21	11	22	11	22	21	12	22	21
27	0	0.000	18.150	12	12	22	22	21	22	12	21	11	22	21	12	11	11	11	22	11	22	11	22	11	21	12	12	22	12	11	21	21	12	12	22	21	22	11	21	12	22	12	11	12	11	11	22	11	12	21	21	21	21	22	21	22	22	11	22	12	21	22	12	22	21	22	22	12	12	11	21	11	22	22	11	22	21	11	11	22	21	11	21	11	22	11	22	22	12	22	21
28	0	0.000	19.327	12	12	22	22	21	22	12	21	11	22	21	12	11	11	11	22	11	22	11	22	11	21	12	12	22	12	11	21	21	12	12	22	21	22	11	21	12	22	12	12	12	11	11	22	11	12	21	21	21	21	22	21	22	22	11	22	12	21	22	12	22	21	22	22	12	12	11	21	11	22	22	11	22	21	11	11	22	21	11	21	11	22	11	22	22	12	22	21
29	0	0.000	20.503	12	12	22	22	21	22	12	21	11	22	21	12	11	11	12	22	11	22	11	22	11	21	12	12	22	12	11	21	21	12	12	22	21	22	11	21	12	22	12	12	12	11	11	22	11	12	21	21	21	21	22	21	22	22	11	22	12	21	22	12	22	21	22	22	12	12	11	21	11	22	22	11	22	21	11	11	22	21	11	21	11	22	11	22	22	12	22	21
30	0	0.000	20.503	12	12	22	22	21	22	12	21	11	22	21	12	11	11	12	22	11	22	11	22	11	21	12	12	22	12	11	21	21	12	12	22	21	22	11	21	12	22	12	12	12	11	11	22	11	12	21	21	21	21	22	21	22	22	11	22	12	21	22	12	22	21	22	22	12	12	11	21	11	22	22	11	22	21	11	11	22	21	11	21	11	22	11	22	22	12	22	21
31	0	0.000	21.680	12	12	22	22	21	22	12	21	11	22	21	12	11	11	12	22	11	22	11	22	11	21	12	12	22	12	11	21	21	12	12	22	21	22	11	21	12	22	12	12	12	11	11	22	11	12	21	21	21	21	22	21	22	22	11	21	12	21	22	12	22	21	22	22	12	12	11	21	11	22	22	11	22	21	11	11	22	21	11	21	11	22	11	22	22	12	22	21
32	0	0.000	21.680	12	12	22	22	21	22	12	21	11	22	21	12	11	11	12	22	11	22	11	22	11	21	12	12	22	12	11	21	21	12	12	22	21	22	11	21	12	22	12	12	12	11	11	22	11	12	21	21	21	21	22	21	22	22	11	21	12	21	22	12	22	21	22	22	12	12	11	21	11	22	22	11	22	21	11	11	22	21	11	21	11	22	11	22	22	12	22	21
33	0	0.000	22.856	12	12	22	22	21	22	12	21	11	22	21	12	11	11	12	22	11	22	11	22	11	21	12	12	22	12	11	21	21	12	12	22	21	22	11	21	12	22	12	12	12	11	11	22	11	12	21	21	21	21	22	21	22	22	11	21	12	21	22	12	22	21	22	22	12	12	11	21	11	22	22	11	22	21	11	11	22	21	11	21	11	21	11	22	22	12	22	21
36	0	1.177	25.238	12	12	22	22	11	22	12	21	11	22	21	12	11	11	12	22	11	22	11	22	11	21	12	12	22	12	11	21	21	12	12	22	21	22	11	21	12	22	12	12	12	11	11	22	11	12	21	21	21	21	22	21	22	22	11	21	12	21	22	12	21	21	22	22	12	12	11	21	11	21	22	11	22	21	11	11	22	21	11	21	11	21	11	22	22	12	22	21
35	0	1.177	25.238	12	12	22	22	11	22	12	21	11	22	21	12	11	11	12	22	11	22	11	22	11	21	12	12	22	12	11	21	21	12	12	22	21	22	11	21	12	22	12	12	12	11	11	22	11	12	21	21	21	21	22	21	22	22	11	21	12	21	22	12	21	21	22	22	12	12	11	21	11	21	22	11	22	21	11	11	22	21	11	21	11	21	11	22	22	12	22	21
34	0	1.177	25.238	12	12	22	22	11	22	12	21	11	22	21	12	11	11	12	22	11	22	11	22	11	21	12	12	22	12	11	21	21	12	12	22	21	22	11	21	12	22	12	12	12	11	11	22	11	12	21	21	21	21	22	21	22	22	11	21	12	21	22	12	21	21	22	22	12	12	11	21	11	21	22	11	22	21	11	11	22	21	11	21	11	21	11	22	22	12	22	21
37	0	2.353	26.414	12	12	22	22	11	22	12	21	11	22	21	12	11	11	12	22	11	22	11	22	11	21	12	12	22	12	11	21	21	12	12	22	21	22	11	21	12	22	12	12	12	11	11	22	11	11	21	21	21	21	22	21	22	22	11	21	12	21	22	12	21	21	22	22	12	12	11	21	11	21	22	11	22	21	11	11	22	11	11	21	11	21	11	22	22	12	22	21
38	0	2.353	28.796	12	12	22	22	11	22	12	21	11	22	21	12	11	11	12	22	11	22	11	22	11	21	12	12	22	12	11	21	21	12	12	22	21	22	11	21	12	22	12	12	12	11	11	22	11	11	21	21	21	21	22	21	22	22	11	21	12	21	22	12	21	21	22	22	12	12	11	21	11	21	21	11	22	21	11	11	22	11	11	21	11	21	12	22	22	12	22	21
39	0	4.734	29.972	12	12	22	22	11	22	12	21	11	22	21	12	11	11	12	22	21	22	11	22	11	21	12	12	22	12	11	21	21	12	12	22	21	22	11	21	12	22	12	12	12	11	11	22	11	11	21	21	21	21	22	21	22	22	11	21	12	11	22	12	21	21	22	22	12	12	11	21	11	21	21	11	22	21	11	12	22	11	11	21	11	21	12	22	22	12	22	21
41	0	4.734	31.149	12	12	22	22	11	22	12	21	11	22	21	12	11	11	12	22	21	22	11	22	11	21	12	12	22	12	11	21	21	12	12	22	21	22	11	21	12	22	12	12	12	11	11	22	11	11	21	21	21	21	22	21	22	22	11	21	12	11	22	12	21	21	22	22	12	12	11	21	11	21	21	11	22	21	11	12	22	11	11	21	11	21	12	22	22	12	21	21
45	0	4.734	32.325	12	12	22	22	11	22	12	21	11	22	21	12	11	11	12	22	21	22	11	22	11	21	12	12	22	12	11	21	21	12	12	22	21	22	11	21	12	22	12	12	12	11	11	22	11	11	21	21	21	21	22	21	22	22	11	21	12	11	22	12	21	21	22	22	12	12	12	21	11	21	21	11	22	21	11	12	22	11	11	21	11	21	12	22	22	12	21	21
49	0	4.734	32.325	12	12	22	22	11	22	12	21	11	22	21	12	11	11	12	22	21	22	11	22	11	21	12	12	22	12	11	21	21	12	12	22	21	22	11	21	12	22	12	12	12	11	11	22	11	11	21	21	21	21	22	21	22	22	11	21	12	11	22	12	21	21	22	22	12	12	12	21	11	21	21	11	22	21	11	12	22	11	11	21	11	21	12	22	22	12	21	21
42	0	4.734	32.325	12	12	22	22	11	22	12	21	11	22	21	12	11	11	12	22	21	22	11	22	11	21	12	12	22	12	11	21	21	12	12	22	21	22	11	21	12	22	12	12	12	11	11	22	11	11	21	21	21	21	22	21	22	22	11	21	12	11	22	12	21	21	22	22	12	12	12	21	11	21	21	11	22	21	11	12	22	11	11	21	11	21	12	22	22	12	21	21
46	0	4.734	32.325	12	12	22	22	11	22	12	21	11	22	21	12	11	11	12	22	21	22	11	22	11	21	12	12	22	12	11	21	21	12	12	22	21	22	11	21	12	22	12	12	12	11	11	22	11	11	21	21	21	21	22	21	22	22	11	21	12	11	22	12	21	21	22	22	12	12	12	21	11	21	21	11	22	21	11	12	22	11	11	21	11	21	12	22	22	12	21	21
44	0	4.734	32.325	12	12	22	22	11	22	12	21	11	22	21	12	11	11	12	22	21	22	11	22	11	21	12	12	22	12	11	21	21	12	12	22	21	22	11	21	12	22	12	12	12	11	11	22	11	11	21	21	21	21	22	21	22	22	11	21	12	11	22	12	21	21	22	22	12	12	12	21	11	21	21	11	22	21	11	12	22	11	11	21	11	21	12	22	22	12	21	21
48	0	4.734	32.325	12	12	22	22	11	22	12	21	11	22	21	12	11	11	12	22	21	22	11	22	11	21	12	12	22	12	11	21	21	12	12	22	21	22	11	21	12	22	12	12	12	11	11	22	11	11	21	21	21	21	22	21	22	22	11	21	12	11	22	12	21	21	22	22	12	12	12	21	11	21	21	11	22	21	11	12	22	11	11	21	11	21	12	22	22	12	21	21
47	0	4.734	32.325	12	12	22	22	11	22	12	21	11	22	21	12	11	11	12	22	21	22	11	22	11	21	12	12	22	12	11	21	21	12	12	22	21	22	11	21	12	22	12	12	12	11	11	22	11	11	21	21	21	21	22	21	22	22	11	21	12	11	22	12	21	21	22	22	12	12	12	21	11	21	21	11	22	21	11	12	22	11	11	21	11	21	12	22	22	12	21	21
43	0	4.734	32.325	12	12	22	22	11	22	12	21	11	22	21	12	11	11	12	22	21	22	11	22	11	21	12	12	22	12	11	21	21	12	12	22	21	22	11	21	12	22	12	12	12	11	11	22	11	11	21	21	21	21	22	21	22	22	11	21	12	11	22	12	21	21	22	22	12	12	12	21	11	21	21	11	22	21	11	12	22	11	11	21	11	21	12	22	22	12	21	21
40	0	4.734	33.502	12	12	22	22	11	22	12	21	11	22	21	12	11	11	12	22	21	22	11	22	11	21	12	12	22	12	11	21	21	12	12	22	21	22	11	21	12	22	12	12	12	11	11	22	11	11	21	21	21	21	22	21	22	22	11	21	12	11	22	12	21	21	22	22	12	12	12	22	11	21	21	11	22	21	11	12	22	11	11	21	11	21	12	22	22	12	21	21
55	0	9.616	34.678	12	12	22	22	11	22	12	21	11	22	21	12	11	11	22	22	21	22	11	22	11	11	22	22	22	12	11	21	21	12	12	22	21	22	11	21	12	22	12	12	12	11	11	22	11	11	21	21	21	21	22	21	22	22	11	21	12	11	22	12	21	22	22	22	12	12	12	22	11	21	21	11	22	21	11	12	22	11	11	21	11	21	12	22	22	12	21	21
59	0	10.793	34.678	12	12	22	22	11	22	12	21	11	22	21	12	11	11	22	22	21	22	11	22	11	11	22	22	22	12	11	21	21	12	12	22	21	22	11	21	12	22	12	12	12	11	11	22	11	11	21	21	21	21	22	21	22	22	11	21	12	11	22	12	21	22	22	22	12	12	12	22	11	21	21	11	22	21	11	12	22	11	11	21	21	21	12	22	22	12	21	21
58	0	10.793	34.678	12	12	22	22	11	22	12	21	11	22	21	12	11	11	22	22	21	22	11	22	11	11	22	22	22	12	11	21	21	12	12	22	21	22	11	21	12	22	12	12	12	11	11	22	11	11	21	21	21	21	22	21	22	22	11	21	12	11	22	12	21	22	22	22	12	12	12	22	11	21	21	11	22	21	11	12	22	11	11	21	21	21	12	22	22	12	21	21
54	0	10.793	34.678	12	12	22	22	11	22	12	21	11	22	21	12	11	11	22	22	21	22	11	22	11	11	22	22	22	12	11	21	21	12	12	22	21	22	11	21	12	22	12	12	12	11	11	22	11	11	21	21	21	21	22	21	22	22	11	21	12	11	22	12	21	22	22	22	12	12	12	22	11	21	21	11	22	21	11	12	22	11	11	21	21	21	12	22	22	12	21	21
56	0	10.793	34.678	12	12	22	22	11	22	12	21	11	22	21	12	11	11	22	22	21	22	11	22	11	11	22	22	22	12	11	21	21	12	12	22	21	22	11	21	12	22	12	12	12	11	11	22	11	11	21	21	21	21	22	21	22	22	11	21	12	11	22	12	21	22	22	22	12	12	12	22	11	21	21	11	22	21	11	12	22	11	11	21	21	21	12	22	22	12	21	21
52	0	10.793	34.678	12	12	22	22	11	22	12	21	11	22	21	12	11	11	22	22	21	22	11	22	11	11	22	22	22	12	11	21	21	12	12	22	21	22	11	21	12	22	12	12	12	11	11	22	11	11	21	21	21	21	22	21	22	22	11	21	12	11	22	12	21	22	22	22	12	12	12	22	11	21	21	11	22	21	11	12	22	11	11	21	21	21	12	22	22	12	21	21
50	0	10.793	34.678	12	12	22	22	11	22	12	21	11	22	21	12	11	11	22	22	21	22	11	22	11	11	22	22	22	12	11	21	21	12	12	22	21	22	11	21	12	22	12	12	12	11	11	22	11	11	21	21	21	21	22	21	22	22	11	21	12	11	22	12	21	22	22	22	12	12	12	22	11	21	21	11	22	21	11	12	22	11	11	21	21	21	12	22	22	12	21	21
51	0	10.793	34.678	12	12	22	22	11	22	12	21	11	22	21	12	11	11	22	22	21	22	11	22	11	11	22	22	22	12	11	21	21	12	12	22	21	22	11	21	12	22	12	12	12	11	11	22	11	11	21	21	21	21	22	21	22	22	11	21	12	11	22	12	21	22	22	22	12	12	12	22	11	21	21	11	22	21	11	12	22	11	11	21	21	21	12	22	22	12	21	21
53	0	10.793	34.678	12	12	22	22	11	22	12	21	11	22	21	12	11	11	22	22	21	22	11	22	11	11	22	22	22	12	11	21	21	12	12	22	21	22	11	21	12	22	12	12	12	11	11	22	11	11	21	21	21	21	22	21	22	22	11	21	12	11	22	12	21	22	22	22	12	12	12	22	11	21	21	11	22	21	11	12	22	11	11	21	21	21	12	22	22	12	21	21
57	0	10.793	34.678	12	12	22	22	11	22	12	21	11	22	21	12	11	11	22	22	21	22	11	22	11	11	22	22	22	12	11	21	21	12	12	22	21	22	11	21	12	22	12	12	12	11	11	22	11	11	21	21	21	21	22	21	22	22	11	21	12	11	22	12	21	22	22	22	12	12	12	22	11	21	21	11	22	21	11	12	22	11	11	21	21	21	12	22	22	12	21	21
60	0	10.793	35.855	12	12	22	22	11	22	11	21	11	22	21	12	11	11	22	22	21	22	11	22	11	11	22	22	22	12	11	21	21	12	12	22	21	22	11	21	12	22	12	12	12	11	11	22	11	11	21	21	21	21	22	21	22	22	11	21	12	11	22	12	21	22	22	22	12	12	12	22	11	21	21	11	22	21	11	12	22	11	11	21	21	21	12	22	22	12	21	21
62	0	10.793	35.855	12	12	22	22	11	22	11	21	11	22	21	12	11	11	22	22	21	22	11	22	11	11	22	22	22	12	11	21	21	12	12	22	21	22	11	21	12	22	12	12	12	11	11	22	11	11	21	21	21	21	22	21	22	22	11	21	12	11	22	12	21	22	22	22	12	12	12	22	11	21	21	11	22	21	11	12	22	11	11	21	21	21	12	22	22	12	21	21
61	0	10.793	35.855	12	12	22	22	11	22	11	21	11	22	21	12	11	11	22	22	21	22	11	22	11	11	22	22	22	12	11	21	21	12	12	22	21	22	11	21	12	22	12	12	12	11	11	22	11	11	21	21	21	21	22	21	22	22	11	21	12	11	22	12	21	22	22	22	12	12	12	22	11	21	21	11	22	21	11	12	22	11	11	21	21	21	12	22	22	12	21	21
64	0	11.969	35.855	12	12	22	22	11	22	11	21	11	22	21	12	11	11	22	22	21	22	11	22	11	11	22	22	22	12	11	21	21	12	12	22	21	22	11	21	12	22	12	12	12	11	11	22	11	11	21	21	21	21	22	21	22	22	11	21	12	11	22	12	21	22	22	22	12	12	22	22	11	21	21	11	22	21	11	12	22	11	11	21	21	21	12	22	22	12	21	21
65	0	11.969	35.855	12	12	22	22	11	22	11	21	11	22	21	12	11	11	22	22	21	22	11	22	11	11	22	22	22	12	11	21	21	12	12	22	21	22	11	21	12	22	12	12	12	11	11	22	11	11	21	21	21	21	22	21	22	22	11	21	12	11	22	12	21	22	22	22	12	12	22	22	11	21	21	11	22	21	11	12	22	11	11	21	21	21	12	22	22	12	21	21
66	0	11.969	35.855	12	12	22	22	11	22	11	21	11	22	21	12	11	11	22	22	21	22	11	22	11	11	22	22	22	12	11	21	21	12	12	22	21	22	11	21	12	22	12	12	12	11	11	22	11	11	21	21	21	21	22	21	22	22	11	21	12	11	22	12	21	22	22	22	12	12	22	22	11	21	21	11	22	21	11	12	22	11	11	21	21	21	12	22	22	12	21	21
63	0	11.969	35.855	12	12	22	22	11	22	11	21	11	22	21	12	11	11	22	22	21	22	11	22	11	11	22	22	22	12	11	21	21	12	12	22	21	22	11	21	12	22	12	12	12	11	11	22	11	11	21	21	21	21	22	21	22	22	11	21	12	11	22	12	21	22	22	22	12	12	22	22	11	21	21	11	22	21	11	12	22	11	11	21	21	21	12	22	22	12	21	21
67	0	14.351	38.236	12	12	22	22	11	22	11	21	11	22	11	12	11	11	22	22	21	22	11	22	11	11	22	22	22	12	11	21	21	12	12	22	21	21	11	21	12	22	12	12	12	11	11	22	11	11	22	21	21	21	22	21	22	22	11	21	12	11	22	12	21	22	22	22	12	12	22	22	11	21	21	11	22	21	11	12	22	11	11	11	21	21	12	22	22	12	21	21
68	0	14.351	39.413	12	12	22	22	11	22	11	21	11	22	11	12	11	11	22	21	21	22	11	22	11	11	22	22	22	12	11	21	21	12	12	22	21	21	11	21	12	22	12	12	12	11	11	22	11	11	22	21	21	21	22	21	22	22	11	21	12	11	22	12	21	22	22	22	12	12	22	22	11	21	21	11	22	21	11	12	22	11	11	11	21	21	12	22	22	12	21	21
69	0	14.351	40.589	12	12	22	22	11	22	11	21	11	22	11	12	11	11	22	21	21	22	11	22	11	11	22	22	22	12	11	21	21	12	12	22	21	21	11	21	12	22	12	12	12	11	11	22	11	11	22	21	21	21	22	21	22	22	11	21	12	11	22	12	21	22	22	22	12	12	22	22	11	21	21	11	22	21	11	12	22	11	11	11	21	21	12	22	22	11	21	21
71	0	14.351	42.971	12	12	22	22	11	22	11	21	11	22	11	12	11	11	22	21	21	22	11	22	11	11	22	22	22	12	11	21	21	12	12	22	21	21	11	21	12	22	12	12	12	11	11	22	11	11	22	21	21	21	22	21	22	22	11	21	12	11	22	12	21	22	22	22	12	11	22	22	11	21	21	11	22	21	11	12	22	11	12	11	21	21	12	22	22	11	21	21
73	0	14.351	42.971	12	12	22	22	11	22	11	21	11	22	11	12	11	11	22	21	21	22	11	22	11	11	22	22	22	12	11	21	21	12	12	22	21	21	11	21	12	22	12	12	12	11	11	22	11	11	22	21	21	21	22	21	22	22	11	21	12	11	22	12	21	22	22	22	12	11	22	22	11	21	21	11	22	21	11	12	22	11	12	11	21	21	12	22	22	11	21	21
72	0	14.351	42.971	12	12	22	22	11	22	11	21	11	22	11	12	11	11	22	21	21	22	11	22	11	11	22	22	22	12	11	21	21	12	12	22	21	21	11	21	12	22	12	12	12	11	11	22	11	11	22	21	21	21	22	21	22	22	11	21	12	11	22	12	21	22	22	22	12	11	22	22	11	21	21	11	22	21	11	12	22	11	12	11	21	21	12	22	22	11	21	21
74	0	14.351	42.971	12	12	22	22	11	22	11	21	11	22	11	12	11	11	22	21	21	22	11	22	11	11	22	22	22	12	11	21	21	12	12	22	21	21	11	21	12	22	12	12	12	11	11	22	11	11	22	21	21	21	22	21	22	22	11	21	12	11	22	12	21	22	22	22	12	11	22	22	11	21	21	11	22	21	11	12	22	11	12	11	21	21	12	22	22	11	21	21
70	0	14.351	42.971	12	12	22	22	11	22	11	21	11	22	11	12	11	11	22	21	21	22	11	22	11	11	22	22	22	12	11	21	21	12	12	22	21	21	11	21	12	22	12	12	12	11	11	22	11	11	22	21	21	21	22	21	22	22	11	21	12	11	22	12	21	22	22	22	12	11	22	22	11	21	21	11	22	21	11	12	22	11	12	11	21	21	12	22	22	11	21	21
75	0	14.351	42.971	12	12	22	22	11	22	11	21	11	22	11	12	11	11	22	21	21	22	11	22	11	11	22	22	22	12	11	21	21	12	12	22	21	21	11	21	12	22	12	12	12	11	11	22	11	11	22	21	21	21	22	21	22	22	11	21	12	11	22	12	21	22	22	22	12	11	22	22	11	21	21	11	22	21	11	12	22	11	12	11	21	21	12	22	22	11	21	21
76	0	15.527	46.587	12	12	22	22	11	21	11	21	11	22	11	12	11	11	22	21	21	22	11	22	11	11	22	22	22	12	11	21	21	12	12	22	21	21	11	21	12	22	12	12	12	11	11	22	11	11	22	21	21	21	22	21	22	22	11	21	12	11	22	12	21	22	22	21	12	11	22	12	11	21	21	11	22	21	11	12	22	11	12	12	21	21	12	22	22	11	21	21
77	0	16.704	46.587	12	12	22	12	11	21	11	21	11	22	11	12	11	11	22	21	21	22	11	22	11	11	22	22	22	12	11	21	21	12	12	22	21	21	11	21	12	22	12	12	12	11	11	22	11	11	22	21	21	21	22	21	22	22	11	21	12	11	22	12	21	22	22	21	12	11	22	12	11	21	21	11	22	21	11	12	22	11	12	12	21	21	12	22	22	11	21	21
84	0	17.880	48.968	12	12	21	12	11	21	11	21	11	22	11	12	11	11	22	21	21	22	11	22	11	11	22	22	22	12	11	21	21	12	12	22	21	21	11	21	12	22	12	22	12	11	11	22	11	11	22	21	21	21	22	21	22	22	11	21	12	11	22	12	21	22	22	21	12	11	22	12	11	21	21	12	22	21	11	12	22	11	12	12	21	21	12	22	22	11	21	21
80	0	17.880	48.968	12	12	21	12	11	21	11	21	11	22	11	12	11	11	22	21	21	22	11	22	11	11	22	22	22	12	11	21	21	12	12	22	21	21	11	21	12	22	12	22	12	11	11	22	11	11	22	21	21	21	22	21	22	22	11	21	12	11	22	12	21	22	22	21	12	11	22	12	11	21	21	12	22	21	11	12	22	11	12	12	21	21	12	22	22	11	21	21
83	0	19.057	48.968	12	12	21	12	11	21	11	21	11	22	11	12	11	11	22	21	21	22	11	22	11	11	22	22	22	12	11	21	21	12	12	22	21	21	11	21	12	22	12	22	12	11	11	22	11	11	22	21	21	21	22	21	22	22	11	21	12	11	22	12	21	22	22	21	12	11	22	12	11	21	11	12	22	21	11	12	22	11	12	12	21	21	12	22	22	11	21	21
81	0	19.057	48.968	12	12	21	12	11	21	11	21	11	22	11	12	11	11	22	21	21	22	11	22	11	11	22	22	22	12	11	21	21	12	12	22	21	21	11	21	12	22	12	22	12	11	11	22	11	11	22	21	21	21	22	21	22	22	11	21	12	11	22	12	21	22	22	21	12	11	22	12	11	21	11	12	22	21	11	12	22	11	12	12	21	21	12	22	22	11	21	21
79	0	19.057	48.968	12	12	21	12	11	21	11	21	11	22	11	12	11	11	22	21	21	22	11	22	11	11	22	22	22	12	11	21	21	12	12	22	21	21	11	21	12	22	12	22	12	11	11	22	11	11	22	21	21	21	22	21	22	22	11	21	12	11	22	12	21	22	22	21	12	11	22	12	11	21	11	12	22	21	11	12	22	11	12	12	21	21	12	22	22	11	21	21
85	0	19.057	48.968	12	12	21	12	11	21	11	21	11	22	11	12	11	11	22	21	21	22	11	22	11	11	22	22	22	12	11	21	21	12	12	22	21	21	11	21	12	22	12	22	12	11	11	22	11	11	22	21	21	21	22	21	22	22	11	21	12	11	22	12	21	22	22	21	12	11	22	12	11	21	11	12	22	21	11	12	22	11	12	12	21	21	12	22	22	11	21	21
86	0	19.057	48.968	12	12	21	12	11	21	11	21	11	22	11	12	11	11	22	21	21	22	11	22	11	11	22	22	22	12	11	21	21	12	12	22	21	21	11	21	12	22	12	22	12	11	11	22	11	11	22	21	21	21	22	21	22	22	11	21	12	11	22	12	21	22	22	21	12	11	22	12	11	21	11	12	22	21	11	12	22	11	12	12	21	21	12	22	22	11	21	21
82	0	19.057	48.968	12	12	21	12	11	21	11	21	11	22	11	12	11	11	22	21	21	22	11	22	11	11	22	22	22	12	11	21	21	12	12	22	21	21	11	21	12	22	12	22	12	11	11	22	11	11	22	21	21	21	22	21	22	22	11	21	12	11	22	12	21	22	22	21	12	11	22	12	11	21	11	12	22	21	11	12	22	11	12	12	21	21	12	22	22	11	21	21
87	0	19.057	48.968	12	12	21	12	11	21	11	21	11	22	11	12	11	11	22	21	21	22	11	22	11	11	22	22	22	12	11	21	21	12	12	22	21	21	11	21	12	22	12	22	12	11	11	22	11	11	22	21	21	21	22	21	22	22	11	21	12	11	22	12	21	22	22	21	12	11	22	12	11	21	11	12	22	21	11	12	22	11	12	12	21	21	12	22	22	11	21	21
78	0	19.057	48.968	12	12	21	12	11	21	11	21	11	22	11	12	11	11	22	21	21	22	11	22	11	11	22	22	22	12	11	21	21	12	12	22	21	21	11	21	12	22	12	22	12	11	11	22	11	11	22	21	21	21	22	21	22	22	11	21	12	11	22	12	21	22	22	21	12	11	22	12	11	21	11	12	22	21	11	12	22	11	12	12	21	21	12	22	22	11	21	21
89	0	19.057	50.145	12	12	21	12	11	21	11	21	11	22	11	12	11	11	22	21	21	22	11	22	11	11	22	22	22	12	11	21	21	12	12	22	21	21	11	21	11	22	12	22	12	11	11	22	11	11	22	21	21	21	22	21	22	22	11	21	12	11	22	12	21	22	22	21	12	11	22	12	11	21	11	12	22	21	11	12	22	11	12	12	21	21	12	22	22	11	21	21
90	0	19.057	50.145	12	12	21	12	11	21	11	21	11	22	11	12	11	11	22	21	21	22	11	22	11	11	22	22	22	12	11	21	21	12	12	22	21	21	11	21	11	22	12	22	12	11	11	22	11	11	22	21	21	21	22	21	22	22	11	21	12	11	22	12	21	22	22	21	12	11	22	12	11	21	11	12	22	21	11	12	22	11	12	12	21	21	12	22	22	11	21	21
88	0	19.057	50.145	12	12	21	12	11	21	11	21	11	22	11	12	11	11	22	21	21	22	11	22	11	11	22	22	22	12	11	21	21	12	12	22	21	21	11	21	11	22	12	22	12	11	11	22	11	11	22	21	21	21	22	21	22	22	11	21	12	11	22	12	21	22	22	21	12	11	22	12	11	21	11	12	22	21	11	12	22	11	12	12	21	21	12	22	22	11	21	21
91	0	19.057	52.526	12	12	21	12	11	21	11	21	11	22	11	12	11	11	22	21	21	22	11	22	11	11	22	22	22	12	11	21	21	12	12	21	21	21	11	21	11	22	12	22	12	11	11	22	11	11	22	21	21	21	22	21	22	22	11	21	12	11	22	12	21	22	22	21	12	11	22	12	11	21	11	12	22	21	11	12	22	11	12	12	21	21	12	22	22	11	21	22
92	0	19.057	53.702	12	12	21	12	11	21	11	21	11	22	11	12	11	11	22	21	21	22	11	22	11	11	22	22	22	12	11	21	21	12	12	21	21	21	11	21	11	22	12	22	12	12	11	22	11	11	22	21	21	21	22	21	22	22	11	21	12	11	22	12	21	22	22	21	12	11	22	12	11	21	11	12	22	21	11	12	22	11	12	12	21	21	12	22	22	11	21	22
95	0	19.057	53.702	12	12	21	12	11	21	11	21	11	22	11	12	11	11	22	21	21	22	11	22	11	11	22	22	22	12	11	21	21	12	12	21	21	21	11	21	11	22	12	22	12	12	11	22	11	11	22	21	21	21	22	21	22	22	11	21	12	11	22	12	21	22	22	21	12	11	22	12	11	21	11	12	22	21	11	12	22	11	12	12	21	21	12	22	22	11	21	22
96	0	19.057	53.702	12	12	21	12	11	21	11	21	11	22	11	12	11	11	22	21	21	22	11	22	11	11	22	22	22	12	11	21	21	12	12	21	21	21	11	21	11	22	12	22	12	12	11	22	11	11	22	21	21	21	22	21	22	22	11	21	12	11	22	12	21	22	22	21	12	11	22	12	11	21	11	12	22	21	11	12	22	11	12	12	21	21	12	22	22	11	21	22
94	0	19.057	53.702	12	12	21	12	11	21	11	21	11	22	11	12	11	11	22	21	21	22	11	22	11	11	22	22	22	12	11	21	21	12	12	21	21	21	11	21	11	22	12	22	12	12	11	22	11	11	22	21	21	21	22	21	22	22	11	21	12	11	22	12	21	22	22	21	12	11	22	12	11	21	11	12	22	21	11	12	22	11	12	12	21	21	12	22	22	11	21	22
93	0	19.057	54.879	12	12	21	12	11	21	11	21	11	22	11	12	11	11	22	21	21	22	11	22	11	11	22	22	22	12	11	21	21	12	12	21	21	21	11	21	11	22	12	22	12	12	11	22	11	11	22	21	21	21	22	21	22	22	11	21	12	11	22	12	21	22	22	21	12	11	22	12	11	21	11	12	22	21	11	12	22	12	12	12	21	21	12	22	22	11	21	22
102	0	21.438	58.495	12	12	21	12	11	21	11	21	11	22	11	12	11	11	22	21	21	22	11	22	11	11	22	22	22	12	11	21	21	12	12	21	21	21	11	21	11	22	12	22	12	12	11	22	11	11	22	21	22	21	22	21	22	21	11	21	12	11	22	12	21	22	22	21	12	11	22	12	11	21	11	12	22	22	11	12	12	12	12	12	21	21	22	22	22	11	21	22
99	0	21.438	58.495	12	12	21	12	11	21	11	21	11	22	11	12	11	11	22	21	21	22	11	22	11	11	22	22	22	12	11	21	21	12	12	21	21	21	11	21	11	22	12	22	12	12	11	22	11	11	22	21	22	21	22	21	22	21	11	21	12	11	22	12	21	22	22	21	12	11	22	12	11	21	11	12	22	22	11	12	12	12	12	12	21	21	22	22	22	11	21	22
101	0	21.438	58.495	12	12	21	12	11	21	11	21	11	22	11	12	11	11	22	21	21	22	11	22	11	11	22	22	22	12	11	21	21	12	12	21	21	21	11	21	11	22	12	22	12	12	11	22	11	11	22	21	22	21	22	21	22	21	11	21	12	11	22	12	21	22	22	21	12	11	22	12	11	21	11	12	22	22	11	12	12	12	12	12	21	21	22	22	22	11	21	22
104	0	21.438	58.495	12	12	21	12	11	21	11	21	11	22	11	12	11	11	22	21	21	22	11	22	11	11	22	22	22	12	11	21	21	12	12	21	21	21	11	21	11	22	12	22	12	12	11	22	11	11	22	21	22	21	22	21	22	21	11	21	12	11	22	12	21	22	22	21	12	11	22	12	11	21	11	12	22	22	11	12	12	12	12	12	21	21	22	22	22	11	21	22
105	0	21.438	58.495	12	12	21	12	11	21	11	21	11	22	11	12	11	11	22	21	21	22	11	22	11	11	22	22	22	12	11	21	21	12	12	21	21	21	11	21	11	22	12	22	12	12	11	22	11	11	22	21	22	21	22	21	22	21	11	21	12	11	22	12	21	22	22	21	12	11	22	12	11	21	11	12	22	22	11	12	12	12	12	12	21	21	22	22	22	11	21	22
100	0	21.438	58.495	12	12	21	12	11	21	11	21	11	22	11	12	11	11	22	21	21	22	11	22	11	11	22	22	22	12	11	21	21	12	12	21	21	21	11	21	11	22	12	22	12	12	11	22	11	11	22	21	22	21	22	21	22	21	11	21	12	11	22	12	21	22	22	21	12	11	22	12	11	21	11	12	22	22	11	12	12	12	12	12	21	21	22	22	22	11	21	22
108	0	21.438	58.495	12	12	21	12	11	21	11	21	11	22	11	12	11	11	22	21	21	22	11	22	11	11	22	22	22	12	11	21	21	12	12	21	21	21	11	21	11	22	12	22	12	12	11	22	11	11	22	21	22	21	22	21	22	21	11	21	12	11	22	12	21	22	22	21	12	11	22	12	11	21	11	12	22	22	11	12	12	12	12	12	21	21	22	22	22	11	21	22
106	0	21.438	58.495	12	12	21	12	11	21	11	21	11	22	11	12	11	11	22	21	21	22	11	22	11	11	22	22	22	12	11	21	21	12	12	21	21	21	11	21	11	22	12	22	12	12	11	22	11	11	22	21	22	21	22	21	22	21	11	21	12	11	22	12	21	22	22	21	12	11	22	12	11	21	11	12	22	22	11	12	12	12	12	12	21	21	22	22	22	11	21	22
97	0	21.438	58.495	12	12	21	12	11	21	11	21	11	22	11	12	11	11	22	21	21	22	11	22	11	11	22	22	22	12	11	21	21	12	12	21	21	21	11	21	11	22	12	22	12	12	11	22	11	11	22	21	22	21	22	21	22	21	11	21	12	11	22	12	21	22	22	21	12	11	22	12	11	21	11	12	22	22	11	12	12	12	12	12	21	21	22	22	22	11	21	22
103	0	21.438	58.495	12	12	21	12	11	21	11	21	11	22	11	12	11	11	22	21	21	22	11	22	11	11	22	22	22	12	11	21	21	12	12	21	21	21	11	21	11	22	12	22	12	12	11	22	11	11	22	21	22	21	22	21	22	21	11	21	12	11	22	12	21	22	22	21	12	11	22	12	11	21	11	12	22	22	11	12	12	12	12	12	21	21	22	22	22	11	21	22
98	0	21.438	58.495	12	12	21	12	11	21	11	21	11	22	11	12	11	11	22	21	21	22	11	22	11	11	22	22	22	12	11	21	21	12	12	21	21	21	11	21	11	22	12	22	12	12	11	22	11	11	22	21	22	21	22	21	22	21	11	21	12	11	22	12	21	22	22	21	12	11	22	12	11	21	11	12	22	22	11	12	12	12	12	12	21	21	22	22	22	11	21	22
107	0	21.438	58.495	12	12	21	12	11	21	11	21	11	22	11	12	11	11	22	21	21	22	11	22	11	11	22	22	22	12	11	21	21	12	12	21	21	21	11	21	11	22	12	22	12	12	11	22	11	11	22	21	22	21	22	21	22	21	11	21	12	11	22	12	21	22	22	21	12	11	22	12	11	21	11	12	22	22	11	12	12	12	12	12	21	21	22	22	22	11	21	22
116	0	21.438	59.672	12	12	21	12	11	21	11	21	11	22	11	12	11	11	22	21	21	22	11	22	11	11	22	22	22	12	11	21	21	12	12	21	21	21	11	21	11	22	12	22	12	12	11	22	11	11	22	21	22	21	21	21	22	21	11	21	12	11	22	12	21	22	22	21	12	11	22	12	11	21	11	12	22	22	11	12	12	12	12	12	21	21	22	22	22	11	21	22
117	0	21.438	59.672	12	12	21	12	11	21	11	21	11	22	11	12	11	11	22	21	21	22	11	22	11	11	22	22	22	12	11	21	21	12	12	21	21	21	11	21	11	22	12	22	12	12	11	22	11	11	22	21	22	21	21	21	22	21	11	21	12	11	22	12	21	22	22	21	12	11	22	12	11	21	11	12	22	22	11	12	12	12	12	12	21	21	22	22	22	11	21	22
115	0	21.438	59.672	12	12	21	12	11	21	11	21	11	22	11	12	11	11	22	21	21	22	11	22	11	11	22	22	22	12	11	21	21	12	12	21	21	21	11	21	11	22	12	22	12	12	11	22	11	11	22	21	22	21	21	21	22	21	11	21	12	11	22	12	21	22	22	21	12	11	22	12	11	21	11	12	22	22	11	12	12	12	12	12	21	21	22	22	22	11	21	22
109	0	21.438	59.672	12	12	21	12	11	21	11	21	11	22	11	12	11	11	22	21	21	22	11	22	11	11	22	22	22	12	11	21	21	12	12	21	21	21	11	21	11	22	12	22	12	12	11	22	11	11	22	21	22	21	21	21	22	21	11	21	12	11	22	12	21	22	22	21	12	11	22	12	11	21	11	12	22	22	11	12	12	12	12	12	21	21	22	22	22	11	21	22
110	0	21.438	59.672	12	12	21	12	11	21	11	21	11	22	11	12	11	11	22	21	21	22	11	22	11	11	22	22	22	12	11	21	21	12	12	21	21	21	11	21	11	22	12	22	12	12	11	22	11	11	22	21	22	21	21	21	22	21	11	21	12	11	22	12	21	22	22	21	12	11	22	12	11	21	11	12	22	22	11	12	12	12	12	12	21	21	22	22	22	11	21	22
111	0	21.438	59.672	12	12	21	12	11	21	11	21	11	22	11	12	11	11	22	21	21	22	11	22	11	11	22	22	22	12	11	21	21	12	12	21	21	21	11	21	11	22	12	22	12	12	11	22	11	11	22	21	22	21	21	21	22	21	11	21	12	11	22	12	21	22	22	21	12	11	22	12	11	21	11	12	22	22	11	12	12	12	12	12	21	21	22	22	22	11	21	22
119	0	21.438	60.848	12	12	21	12	11	21	11	21	11	22	11	12	11	12	22	21	21	22	11	22	11	11	22	22	22	12	11	21	21	12	12	21	21	21	11	21	11	22	12	22	12	12	11	22	11	11	22	21	22	21	21	21	22	21	11	21	12	11	22	12	21	22	22	21	12	11	22	12	11	21	11	12	22	22	11	12	12	12	12	12	21	21	22	22	22	11	21	22
120	0	21.438	60.848	12	12	21	12	11	21	11	21	11	22	11	12	11	12	22	21	21	22	11	22	11	11	22	22	22	12	11	21	21	12	12	21	21	21	11	21	11	22	12	22	12	12	11	22	11	11	22	21	22	21	21	21	22	21	11	21	12	11	22	12	21	22	22	21	12	11	22	12	11	21	11	12	22	22	11	12	12	12	12	12	21	21	22	22	22	11	21	22
113	0	21.438	60.848	12	12	21	12	11	21	11	21	11	22	11	12	11	12	22	21	21	22	11	22	11	11	22	22	22	12	11	21	21	12	12	21	21	21	11	21	11	22	12	22	12	12	11	22	11	11	22	21	22	21	21	21	22	21	11	21	12	11	22	12	21	22	22	21	12	11	22	12	11	21	11	12	22	22	11	12	12	12	12	12	21	21	22	22	22	11	21	22
118	0	21.438	60.848	12	12	21	12	11	21	11	21	11	22	11	12	11	12	22	21	21	22	11	22	11	11	22	22	22	12	11	21	21	12	12	21	21	21	11	21	11	22	12	22	12	12	11	22	11	11	22	21	22	21	21	21	22	21	11	21	12	11	22	12	21	22	22	21	12	11	22	12	11	21	11	12	22	22	11	12	12	12	12	12	21	21	22	22	22	11	21	22
114	0	21.438	60.848	12	12	21	12	11	21	11	21	11	22	11	12	11	12	22	21	21	22	11	22	11	11	22	22	22	12	11	21	21	12	12	21	21	21	11	21	11	22	12	22	12	12	11	22	11	11	22	21	22	21	21	21	22	21	11	21	12	11	22	12	21	22	22	21	12	11	22	12	11	21	11	12	22	22	11	12	12	12	12	12	21	21	22	22	22	11	21	22
112	0	21.438	62.025	12	12	21	12	11	21	11	21	11	22	11	12	11	11	22	21	21	22	11	22	11	11	22	22	22	12	11	21	21	12	12	21	21	21	11	21	11	22	12	22	12	12	11	22	11	11	22	21	22	21	21	21	22	21	11	21	12	11	22	12	21	22	22	21	12	11	22	12	11	21	11	12	22	22	11	12	12	12	12	12	21	21	22	22	22	11	21	22
147	0	22.615	63.201	12	12	21	12	11	21	11	21	11	22	11	12	11	11	22	21	21	22	11	22	11	11	22	22	22	12	11	21	21	12	12	21	21	11	11	21	11	22	12	22	12	12	11	22	11	11	22	21	22	21	21	22	22	21	11	21	12	11	22	12	21	22	22	21	12	11	22	12	11	21	11	12	22	22	11	12	12	12	12	12	21	21	22	22	22	11	21	22
148	0	22.615	63.201	12	12	21	12	11	21	11	21	11	22	11	12	11	11	22	21	21	22	11	22	11	11	22	22	22	12	11	21	21	12	12	21	21	11	11	21	11	22	12	22	12	12	11	22	11	11	22	21	22	21	21	22	22	21	11	21	12	11	22	12	21	22	22	21	12	11	22	12	11	21	11	12	22	22	11	12	12	12	12	12	21	21	22	22	22	11	21	22
121	0	22.615	64.378	12	12	21	12	11	21	11	21	11	22	11	12	11	11	22	21	21	22	11	22	11	11	22	22	22	12	11	21	21	12	12	21	21	11	11	21	11	22	12	22	12	12	11	22	11	11	22	21	22	21	21	22	22	21	12	21	12	11	22	12	21	22	22	21	12	11	22	12	11	21	11	12	22	22	11	12	12	12	12	12	21	21	22	22	22	11	21	22
142	0	22.615	64.378	12	12	21	12	11	21	11	21	11	22	11	12	11	11	22	21	21	22	11	22	11	11	22	22	22	12	11	21	21	12	12	21	21	11	11	21	11	22	12	22	12	12	11	22	11	11	22	21	22	21	21	22	22	21	12	21	12	11	22	12	21	22	22	21	12	11	22	12	11	21	11	12	22	22	11	12	12	12	12	12	21	21	22	22	22	11	21	22
131	0	22.615	64.378	12	12	21	12	11	21	11	21	11	22	11	12	11	11	22	21	21	22	11	22	11	11	22	22	22	12	11	21	21	12	12	21	21	11	11	21	11	22	12	22	12	12	11	22	11	11	22	21	22	21	21	22	22	21	12	21	12	11	22	12	21	22	22	21	12	11	22	12	11	21	11	12	22	22	11	12	12	12	12	12	21	21	22	22	22	11	21	22
125	0	22.615	64.378	12	12	21	12	11	21	11	21	11	22	11	12	11	11	22	21	21	22	11	22	11	11	22	22	22	12	11	21	21	12	12	21	21	11	11	21	11	22	12	22	12	12	11	22	11	11	22	21	22	21	21	22	22	21	12	21	12	11	22	12	21	22	22	21	12	11	22	12	11	21	11	12	22	22	11	12	12	12	12	12	21	21	22	22	22	11	21	22
143	0	22.615	64.378	12	12	21	12	11	21	11	21	11	22	11	12	11	11	22	21	21	22	11	22	11	11	22	22	22	12	11	21	21	12	12	21	21	11	11	21	11	22	12	22	12	12	11	22	11	11	22	21	22	21	21	22	22	21	12	21	12	11	22	12	21	22	22	21	12	11	22	12	11	21	11	12	22	22	11	12	12	12	12	12	21	21	22	22	22	11	21	22
139	0	22.615	64.378	12	12	21	12	11	21	11	21	11	22	11	12	11	11	22	21	21	22	11	22	11	11	22	22	22	12	11	21	21	12	12	21	21	11	11	21	11	22	12	22	12	12	11	22	11	11	22	21	22	21	21	22	22	21	12	21	12	11	22	12	21	22	22	21	12	11	22	12	11	21	11	12	22	22	11	12	12	12	12	12	21	21	22	22	22	11	21	22
140	0	22.615	64.378	12	12	21	12	11	21	11	21	11	22	11	12	11	11	22	21	21	22	11	22	11	11	22	22	22	12	11	21	21	12	12	21	21	11	11	21	11	22	12	22	12	12	11	22	11	11	22	21	22	21	21	22	22	21	12	21	12	11	22	12	21	22	22	21	12	11	22	12	11	21	11	12	22	22	11	12	12	12	12	12	21	21	22	22	22	11	21	22
128	0	22.615	64.378	12	12	21	12	11	21	11	21	11	22	11	12	11	11	22	21	21	22	11	22	11	11	22	22	22	12	11	21	21	12	12	21	21	11	11	21	11	22	12	22	12	12	11	22	11	11	22	21	22	21	21	22	22	21	12	21	12	11	22	12	21	22	22	21	12	11	22	12	11	21	11	12	22	22	11	12	12	12	12	12	21	21	22	22	22	11	21	22
138	0	22.615	64.378	12	12	21	12	11	21	11	21	11	22	11	12	11	11	22	21	21	22	11	22	11	11	22	22	22	12	11	21	21	12	12	21	21	11	11	21	11	22	12	22	12	12	11	22	11	11	22	21	22	21	21	22	22	21	12	21	12	11	22	12	21	22	22	21	12	11	22	12	11	21	11	12	22	22	11	12	12	12	12	12	21	21	22	22	22	11	21	22
130	0	22.615	64.378	12	12	21	12	11	21	11	21	11	22	11	12	11	11	22	21	21	22	11	22	11	11	22	22	22	12	11	21	21	12	12	21	21	11	11	21	11	22	12	22	12	12	11	22	11	11	22	21	22	21	21	22	22	21	12	21	12	11	22	12	21	22	22	21	12	11	22	12	11	21	11	12	22	22	11	12	12	12	12	12	21	21	22	22	22	11	21	22
127	0	22.615	64.378	12	12	21	12	11	21	11	21	11	22	11	12	11	11	22	21	21	22	11	22	11	11	22	22	22	12	11	21	21	12	12	21	21	11	11	21	11	22	12	22	12	12	11	22	11	11	22	21	22	21	21	22	22	21	12	21	12	11	22	12	21	22	22	21	12	11	22	12	11	21	11	12	22	22	11	12	12	12	12	12	21	21	22	22	22	11	21	22
129	0	22.615	64.378	12	12	21	12	11	21	11	21	11	22	11	12	11	11	22	21	21	22	11	22	11	11	22	22	22	12	11	21	21	12	12	21	21	11	11	21	11	22	12	22	12	12	11	22	11	11	22	21	22	21	21	22	22	21	12	21	12	11	22	12	21	22	22	21	12	11	22	12	11	21	11	12	22	22	11	12	12	12	12	12	21	21	22	22	22	11	21	22
132	0	22.615	64.378	12	12	21	12	11	21	11	21	11	22	11	12	11	11	22	21	21	22	11	22	11	11	22	22	22	12	11	21	21	12	12	21	21	11	11	21	11	22	12	22	12	12	11	22	11	11	22	21	22	21	21	22	22	21	12	21	12	11	22	12	21	22	22	21	12	11	22	12	11	21	11	12	22	22	11	12	12	12	12	12	21	21	22	22	22	11	21	22
124	0	22.615	64.378	12	12	21	12	11	21	11	21	11	22	11	12	11	11	22	21	21	22	11	22	11	11	22	22	22	12	11	21	21	12	12	21	21	11	11	21	11	22	12	22	12	12	11	22	11	11	22	21	22	21	21	22	22	21	12	21	12	11	22	12	21	22	22	21	12	11	22	12	11	21	11	12	22	22	11	12	12	12	12	12	21	21	22	22	22	11	21	22
146	0	22.615	64.378	12	12	21	12	11	21	11	21	11	22	11	12	11	11	22	21	21	22	11	22	11	11	22	22	22	12	11	21	21	12	12	21	21	11	11	21	11	22	12	22	12	12	11	22	11	11	22	21	22	21	21	22	22	21	12	21	12	11	22	12	21	22	22	21	12	11	22	12	11	21	11	12	22	22	11	12	12	12	12	12	21	21	22	22	22	11	21	22
123	0	22.615	64.378	12	12	21	12	11	21	11	21	11	22	11	12	11	11	22	21	21	22	11	22	11	11	22	22	22	12	11	21	21	12	12	21	21	11	11	21	11	22	12	22	12	12	11	22	11	11	22	21	22	21	21	22	22	21	12	21	12	11	22	12	21	22	22	21	12	11	22	12	11	21	11	12	22	22	11	12	12	12	12	12	21	21	22	22	22	11	21	22
126	0	22.615	64.378	12	12	21	12	11	21	11	21	11	22	11	12	11	11	22	21	21	22	11	22	11	11	22	22	22	12	11	21	21	12	12	21	21	11	11	21	11	22	12	22	12	12	11	22	11	11	22	21	22	21	21	22	22	21	12	21	12	11	22	12	21	22	22	21	12	11	22	12	11	21	11	12	22	22	11	12	12	12	12	12	21	21	22	22	22	11	21	22
137	0	22.615	64.378	12	12	21	12	11	21	11	21	11	22	11	12	11	11	22	21	21	22	11	22	11	11	22	22	22	12	11	21	21	12	12	21	21	11	11	21	11	22	12	22	12	12	11	22	11	11	22	21	22	21	21	22	22	21	12	21	12	11	22	12	21	22	22	21	12	11	22	12	11	21	11	12	22	22	11	12	12	12	12	12	21	21	22	22	22	11	21	22
145	0	22.615	64.378	12	12	21	12	11	21	11	21	11	22	11	12	11	11	22	21	21	22	11	22	11	11	22	22	22	12	11	21	21	12	12	21	21	11	11	21	11	22	12	22	12	12	11	22	11	11	22	21	22	21	21	22	22	21	12	21	12	11	22	12	21	22	22	21	12	11	22	12	11	21	11	12	22	22	11	12	12	12	12	12	21	21	22	22	22	11	21	22
141	0	22.615	64.378	12	12	21	12	11	21	11	21	11	22	11	12	11	11	22	21	21	22	11	22	11	11	22	22	22	12	11	21	21	12	12	21	21	11	11	21	11	22	12	22	12	12	11	22	11	11	22	21	22	21	21	22	22	21	12	21	12	11	22	12	21	22	22	21	12	11	22	12	11	21	11	12	22	22	11	12	12	12	12	12	21	21	22	22	22	11	21	22
122	0	22.615	64.378	12	12	21	12	11	21	11	21	11	22	11	12	11	11	22	21	21	22	11	22	11	11	22	22	22	12	11	21	21	12	12	21	21	11	11	21	11	22	12	22	12	12	11	22	11	11	22	21	22	21	21	22	22	21	12	21	12	11	22	12	21	22	22	21	12	11	22	12	11	21	11	12	22	22	11	12	12	12	12	12	21	21	22	22	22	11	21	22
144	0	22.615	64.378	12	12	21	12	11	21	11	21	11	22	11	12	11	11	22	21	21	22	11	22	11	11	22	22	22	12	11	21	21	12	12	21	21	11	11	21	11	22	12	22	12	12	11	22	11	11	22	21	22	21	21	22	22	21	12	21	12	11	22	12	21	22	22	21	12	11	22	12	11	21	11	12	22	22	11	12	12	12	12	12	21	21	22	22	22	11	21	22
136	0	22.615	69.260	12	12	21	12	11	21	11	21	11	22	11	12	11	11	22	21	22	22	11	22	11	11	22	22	22	12	11	21	21	12	12	21	22	11	11	21	11	22	12	22	12	12	11	22	11	11	22	21	22	22	21	22	22	21	12	21	12	11	22	12	21	22	22	21	12	11	22	12	11	21	11	12	22	22	11	12	12	12	12	12	21	21	22	22	22	11	22	22
134	0	22.615	69.260	12	12	21	12	11	21	11	21	11	22	11	12	11	11	22	21	22	22	11	22	11	11	22	22	22	12	11	21	21	12	12	21	22	11	11	21	11	22	12	22	12	12	11	22	11	11	22	21	22	22	21	22	22	21	12	21	12	11	22	12	21	22	22	21	12	11	22	12	11	21	11	12	22	22	11	12	12	12	12	12	21	21	22	22	22	11	22	22
135	0	22.615	69.260	12	12	21	12	11	21	11	21	11	22	11	12	11	11	22	21	22	22	11	22	11	11	22	22	22	12	11	21	21	12	12	21	22	11	11	21	11	22	12	22	12	12	11	22	11	11	22	21	22	22	21	22	22	21	12	21	12	11	22	12	21	22	22	21	12	11	22	12	11	21	11	12	22	22	11	12	12	12	12	12	21	21	22	22	22	11	22	22
133	0	22.615	69.260	12	12	21	12	11	21	11	21	11	22	11	12	11	11	22	21	22	22	11	22	11	11	22	22	22	12	11	21	21	12	12	21	22	11	11	21	11	22	12	22	12	12	11	22	11	11	22	21	22	22	21	22	22	21	12	21	12	11	22	12	21	22	22	21	12	11	22	12	11	21	11	12	22	22	11	12	12	12	12	12	21	21	22	22	22	11	22	22
149	0	27.497	69.260	12	12	21	12	11	21	11	21	11	22	11	12	11	11	22	21	12	22	11	22	11	11	22	22	22	12	11	21	11	12	12	21	22	11	11	21	11	22	12	22	12	12	11	22	11	11	22	21	22	12	21	22	22	21	12	21	12	11	22	12	21	22	22	21	12	11	22	12	11	21	11	12	22	22	11	12	12	12	12	12	21	21	22	22	22	11	12	22
150	0	27.497	69.260	12	12	21	12	11	21	11	21	11	22	11	12	11	11	22	21	12	22	11	22	11	11	22	22	22	12	11	21	11	12	12	21	22	11	11	21	11	22	12	22	12	12	11	22	11	11	22	21	22	12	21	22	22	21	12	21	12	11	22	12	21	22	22	21	12	11	22	12	11	21	11	12	22	22	11	12	12	12	12	12	21	21	22	22	22	11	12	22
158	0	28.673	70.436	12	12	21	12	12	21	11	21	11	22	11	12	11	11	22	21	12	22	11	22	11	11	22	22	22	12	11	21	11	12	12	21	12	11	11	21	11	22	12	22	12	12	11	22	11	11	22	21	22	12	21	22	22	21	12	21	12	11	22	12	21	22	22	21	12	11	22	12	11	21	11	12	22	22	11	12	12	12	12	12	21	21	22	22	22	11	12	22
152	0	28.673	70.436	12	12	21	12	12	21	11	21	11	22	11	12	11	11	22	21	12	22	11	22	11	11	22	22	22	12	11	21	11	12	12	21	12	11	11	21	11	22	12	22	12	12	11	22	11	11	22	21	22	12	21	22	22	21	12	21	12	11	22	12	21	22	22	21	12	11	22	12	11	21	11	12	22	22	11	12	12	12	12	12	21	21	22	22	22	11	12	22
156	0	28.673	71.613	12	12	21	12	12	21	11	21	11	22	11	12	11	11	22	21	12	22	11	21	11	11	22	22	22	12	11	21	11	12	12	21	12	11	11	21	11	22	12	22	12	12	11	22	11	11	22	21	22	12	21	22	22	21	12	21	12	11	22	12	21	22	22	21	12	11	22	12	11	21	11	12	22	22	11	12	12	12	12	12	21	21	22	22	22	11	12	22
155	0	28.673	71.613	12	12	21	12	12	21	11	21	11	22	11	12	11	11	22	21	12	22	11	21	11	11	22	22	22	12	11	21	11	12	12	21	12	11	11	21	11	22	12	22	12	12	11	22	11	11	22	21	22	12	21	22	22	21	12	21	12	11	22	12	21	22	22	21	12	11	22	12	11	21	11	12	22	22	11	12	12	12	12	12	21	21	22	22	22	11	12	22
154	0	28.673	71.613	12	12	21	12	12	21	11	21	11	22	11	12	11	11	22	21	12	22	11	21	11	11	22	22	22	12	11	21	11	12	12	21	12	11	11	21	11	22	12	22	12	12	11	22	11	11	22	21	22	12	21	22	22	21	12	21	12	11	22	12	21	22	22	21	12	11	22	12	11	21	11	12	22	22	11	12	12	12	12	12	21	21	22	22	22	11	12	22
157	0	28.673	71.613	12	12	21	12	12	21	11	21	11	22	11	12	11	11	22	21	12	22	11	21	11	11	22	22	22	12	11	21	11	12	12	21	12	11	11	21	11	22	12	22	12	12	11	22	11	11	22	21	22	12	21	22	22	21	12	21	12	11	22	12	21	22	22	21	12	11	22	12	11	21	11	12	22	22	11	12	12	12	12	12	21	21	22	22	22	11	12	22
151	0	28.673	72.789	12	12	21	12	12	21	11	21	11	22	11	12	11	11	22	21	12	22	11	22	11	11	22	22	22	12	11	21	11	12	12	21	12	11	11	21	11	22	12	22	12	12	11	22	11	11	22	21	22	12	21	22	22	21	12	21	12	11	22	12	21	22	22	21	12	11	22	12	11	21	11	12	22	22	11	12	12	12	12	12	21	21	22	22	22	11	12	22
153	0	28.673	72.789	12	12	21	12	12	21	11	21	11	22	11	12	11	11	22	21	12	22	11	22	11	11	22	22	22	12	11	21	11	12	12	21	12	11	11	21	11	22	12	22	12	12	11	22	11	11	22	21	22	12	21	22	22	21	12	21	12	11	22	12	21	22	22	21	12	11	22	12	11	21	11	12	22	22	11	12	12	12	12	12	21	21	22	22	22	11	12	22
159	0	29.850	73.966	12	12	21	12	12	21	11	21	11	22	12	12	11	11	22	21	12	22	11	22	11	11	22	22	22	12	11	21	11	12	12	21	12	11	11	21	11	22	12	22	12	12	11	22	11	11	22	21	22	12	21	22	22	21	12	21	12	11	22	12	11	22	22	21	12	11	22	12	11	21	11	12	22	22	11	12	12	12	12	12	21	21	22	22	22	11	12	22
160	0	29.850	73.966	12	12	21	12	12	21	11	21	11	22	12	12	11	11	22	21	12	22	11	22	11	11	22	22	22	12	11	21	11	12	12	21	12	11	11	21	11	22	12	22	12	12	11	22	11	11	22	21	22	12	21	22	22	21	12	21	12	11	22	12	11	22	22	21	12	11	22	12	11	21	11	12	22	22	11	12	12	12	12	12	21	21	22	22	22	11	12	22
162	0	31.026	75.142	12	12	21	12	12	21	11	21	11	22	12	12	11	11	22	21	12	22	11	22	11	11	22	22	22	12	11	21	12	12	12	21	12	11	11	21	11	22	12	22	12	12	11	12	11	11	22	21	22	12	21	22	22	21	12	21	12	11	22	12	11	22	22	21	12	11	22	12	11	21	11	12	22	22	11	12	12	12	12	12	21	21	22	22	22	11	12	22
161	0	31.026	75.142	12	12	21	12	12	21	11	21	11	22	12	12	11	11	22	21	12	22	11	22	11	11	22	22	22	12	11	21	12	12	12	21	12	11	11	21	11	22	12	22	12	12	11	12	11	11	22	21	22	12	21	22	22	21	12	21	12	11	22	12	11	22	22	21	12	11	22	12	11	21	11	12	22	22	11	12	12	12	12	12	21	21	22	22	22	11	12	22
168	0	33.408	82.656	12	12	21	12	12	21	11	21	12	21	12	12	11	11	22	21	12	22	11	22	11	11	11	11	21	12	11	21	12	12	12	21	12	11	11	21	11	22	12	22	12	12	11	12	11	11	22	21	22	12	21	22	22	21	12	21	11	11	22	12	11	22	22	21	12	11	22	12	11	21	11	12	22	22	11	12	12	12	12	12	21	21	22	22	22	11	12	22
164	0	33.408	82.656	12	12	21	12	12	21	11	21	12	21	12	12	11	11	22	21	12	22	11	22	11	11	11	11	21	12	11	21	12	12	12	21	12	11	11	21	11	22	12	22	12	12	11	12	11	11	22	21	22	12	21	22	22	21	12	21	11	11	22	12	11	22	22	21	12	11	22	12	11	21	11	12	22	22	11	12	12	12	12	12	21	21	22	22	22	11	12	22
169	0	33.408	82.656	12	12	21	12	12	21	11	21	12	21	12	12	11	11	22	21	12	22	11	22	11	11	11	11	21	12	11	21	12	12	12	21	12	11	11	21	11	22	12	22	12	12	11	12	11	11	22	21	22	12	21	22	22	21	12	21	11	11	22	12	11	22	22	21	12	11	22	12	11	21	11	12	22	22	11	12	12	12	12	12	21	21	22	22	22	11	12	22
166	0	33.408	82.656	12	12	21	12	12	21	11	21	12	21	12	12	11	11	22	21	12	22	11	22	11	11	11	11	21	12	11	21	12	12	12	21	12	11	11	21	11	22	12	22	12	12	11	12	11	11	22	21	22	12	21	22	22	21	12	21	11	11	22	12	11	22	22	21	12	11	22	12	11	21	11	12	22	22	11	12	12	12	12	12	21	21	22	22	22	11	12	22
165	0	33.408	82.656	12	12	21	12	12	21	11	21	12	21	12	12	11	11	22	21	12	22	11	22	11	11	11	11	21	12	11	21	12	12	12	21	12	11	11	21	11	22	12	22	12	12	11	12	11	11	22	21	22	12	21	22	22	21	12	21	11	11	22	12	11	22	22	21	12	11	22	12	11	21	11	12	22	22	11	12	12	12	12	12	21	21	22	22	22	11	12	22
163	0	33.408	82.656	12	12	21	12	12	21	11	21	12	21	12	12	11	11	22	21	12	22	11	22	11	11	11	11	21	12	11	21	12	12	12	21	12	11	11	21	11	22	12	22	12	12	11	12	11	11	22	21	22	12	21	22	22	21	12	21	11	11	22	12	11	22	22	21	12	11	22	12	11	21	11	12	22	22	11	12	12	12	12	12	21	21	22	22	22	11	12	22
167	0	33.408	82.656	12	12	21	12	12	21	11	21	12	21	12	12	11	11	22	21	12	22	11	22	11	11	11	11	21	12	11	21	12	12	12	21	12	11	11	21	11	22	12	22	12	12	11	12	11	11	22	21	22	12	21	22	22	21	12	21	11	11	22	12	11	22	22	21	12	11	22	12	11	21	11	12	22	22	11	12	12	12	12	12	21	21	22	22	22	11	12	22
171	0	33.408	83.833	12	12	21	12	12	21	11	21	12	21	12	12	11	11	22	21	12	22	11	22	11	11	11	11	21	12	11	21	12	12	12	21	12	11	11	22	11	22	12	22	12	12	11	12	11	11	22	21	22	12	21	22	22	21	12	21	11	11	22	12	11	22	22	21	12	11	22	12	11	21	11	12	22	22	11	12	12	12	12	12	21	21	22	22	22	11	12	22
170	0	33.408	83.833	12	12	21	12	12	21	11	21	12	21	12	12	11	11	22	21	12	22	11	22	11	11	11	11	21	12	11	21	12	12	12	21	12	11	11	22	11	22	12	22	12	12	11	12	11	11	22	21	22	12	21	22	22	21	12	21	11	11	22	12	11	22	22	21	12	11	22	12	11	21	11	12	22	22	11	12	12	12	12	12	21	21	22	22	22	11	12	22
174	0	34.584	83.833	12	12	21	12	12	21	11	21	12	21	12	12	11	11	22	21	12	22	11	22	11	11	11	11	21	12	11	21	12	12	12	21	12	11	11	22	11	22	12	22	12	12	11	12	11	11	22	21	22	12	21	22	22	21	12	21	11	11	22	12	11	22	22	21	12	11	22	12	11	21	11	12	22	22	11	22	12	12	12	12	21	21	22	22	22	11	12	22
175	0	34.584	83.833	12	12	21	12	12	21	11	21	12	21	12	12	11	11	22	21	12	22	11	22	11	11	11	11	21	12	11	21	12	12	12	21	12	11	11	22	11	22	12	22	12	12	11	12	11	11	22	21	22	12	21	22	22	21	12	21	11	11	22	12	11	22	22	21	12	11	22	12	11	21	11	12	22	22	11	22	12	12	12	12	21	21	22	22	22	11	12	22
173	0	34.584	83.833	12	12	21	12	12	21	11	21	12	21	12	12	11	11	22	21	12	22	11	22	11	11	11	11	21	12	11	21	12	12	12	21	12	11	11	22	11	22	12	22	12	12	11	12	11	11	22	21	22	12	21	22	22	21	12	21	11	11	22	12	11	22	22	21	12	11	22	12	11	21	11	12	22	22	11	22	12	12	12	12	21	21	22	22	22	11	12	22
172	0	35.761	83.833	12	12	21	12	12	21	11	21	12	21	12	12	11	11	22	21	12	22	11	22	11	11	11	11	21	12	11	21	12	12	12	21	22	11	11	22	11	22	12	22	12	12	11	12	11	11	22	21	22	12	21	22	22	21	12	21	11	11	22	12	11	22	22	21	12	11	22	12	11	21	11	12	22	22	11	22	12	12	12	12	21	21	22	22	22	11	12	22
177	0	35.761	85.009	12	12	21	12	12	21	11	21	12	21	12	12	11	11	22	21	12	22	11	22	11	12	11	11	21	12	11	21	12	12	12	21	22	11	11	22	11	22	12	22	12	12	11	12	11	11	22	21	22	12	21	22	22	21	12	21	11	11	22	12	11	22	22	21	12	11	22	12	11	21	11	12	22	22	11	22	12	12	12	12	21	21	22	22	22	11	12	22
179	0	35.761	85.009	12	12	21	12	12	21	11	21	12	21	12	12	11	11	22	21	12	22	11	22	11	12	11	11	21	12	11	21	12	12	12	21	22	11	11	22	11	22	12	22	12	12	11	12	11	11	22	21	22	12	21	22	22	21	12	21	11	11	22	12	11	22	22	21	12	11	22	12	11	21	11	12	22	22	11	22	12	12	12	12	21	21	22	22	22	11	12	22
178	0	35.761	85.009	12	12	21	12	12	21	11	21	12	21	12	12	11	11	22	21	12	22	11	22	11	12	11	11	21	12	11	21	12	12	12	21	22	11	11	22	11	22	12	22	12	12	11	12	11	11	22	21	22	12	21	22	22	21	12	21	11	11	22	12	11	22	22	21	12	11	22	12	11	21	11	12	22	22	11	22	12	12	12	12	21	21	22	22	22	11	12	22
176	0	35.761	86.186	12	12	21	12	12	21	11	21	12	21	12	12	11	11	22	21	12	22	11	22	11	12	11	11	21	12	11	22	12	12	12	21	22	11	11	22	11	22	12	22	12	12	11	12	11	11	22	21	22	12	21	22	22	21	12	21	11	11	22	12	11	22	22	21	12	11	22	12	11	21	11	12	22	22	11	22	12	12	12	12	21	21	22	22	22	11	12	22
181	0	41.942	86.186	12	12	21	12	12	21	11	21	12	21	12	12	11	11	22	11	12	22	11	22	11	12	11	11	21	12	11	22	12	12	12	21	22	11	11	22	11	22	12	22	12	22	11	12	11	11	22	21	22	12	21	22	22	21	12	21	11	11	22	12	11	22	12	11	12	11	22	12	11	21	11	12	12	22	11	22	12	12	12	12	21	21	22	22	22	11	12	22
180	0	41.942	86.186	12	12	21	12	12	21	11	21	12	21	12	12	11	11	22	11	12	22	11	22	11	12	11	11	21	12	11	22	12	12	12	21	22	11	11	22	11	22	12	22	12	22	11	12	11	11	22	21	22	12	21	22	22	21	12	21	11	11	22	12	11	22	12	11	12	11	22	12	11	21	11	12	12	22	11	22	12	12	12	12	21	21	22	22	22	11	12	22
182	0	41.942	88.567	12	12	21	12	12	21	11	21	12	21	12	12	11	11	22	11	12	22	11	22	11	12	11	11	21	12	11	22	12	12	12	21	22	11	11	22	11	22	11	22	11	22	11	12	11	11	22	21	22	12	21	22	22	21	12	21	11	11	22	12	11	22	12	11	12	11	22	12	11	21	11	12	12	22	11	22	12	12	12	12	21	21	22	22	22	11	12	22
184	0	41.942	88.567	12	12	21	12	12	21	11	21	12	21	12	12	11	11	22	11	12	22	11	22	11	12	11	11	21	12	11	22	12	12	12	21	22	11	11	22	11	22	11	22	11	22	11	12	11	11	22	21	22	12	21	22	22	21	12	21	11	11	22	12	11	22	12	11	12	11	22	12	11	21	11	12	12	22	11	22	12	12	12	12	21	21	22	22	22	11	12	22
183	0	41.942	88.567	12	12	21	12	12	21	11	21	12	21	12	12	11	11	22	11	12	22	11	22	11	12	11	11	21	12	11	22	12	12	12	21	22	11	11	22	11	22	11	22	11	22	11	12	11	11	22	21	22	12	21	22	22	21	12	21	11	11	22	12	11	22	12	11	12	11	22	12	11	21	11	12	12	22	11	22	12	12	12	12	21	21	22	22	22	11	12	22
200	0	43.118	89.744	12	12	21	12	12	21	11	21	12	21	12	12	21	11	22	11	12	22	11	22	11	12	11	11	21	12	11	22	12	12	12	21	22	11	11	22	11	22	11	22	11	22	11	12	11	11	22	21	22	12	21	22	22	21	12	21	11	11	21	12	11	22	12	11	12	11	22	12	11	21	11	12	12	22	11	22	12	12	12	12	21	21	22	22	22	11	12	22
191	0	43.118	89.744	12	12	21	12	12	21	11	21	12	21	12	12	21	11	22	11	12	22	11	22	11	12	11	11	21	12	11	22	12	12	12	21	22	11	11	22	11	22	11	22	11	22	11	12	11	11	22	21	22	12	21	22	22	21	12	21	11	11	21	12	11	22	12	11	12	11	22	12	11	21	11	12	12	22	11	22	12	12	12	12	21	21	22	22	22	11	12	22
194	0	43.118	89.744	12	12	21	12	12	21	11	21	12	21	12	12	21	11	22	11	12	22	11	22	11	12	11	11	21	12	11	22	12	12	12	21	22	11	11	22	11	22	11	22	11	22	11	12	11	11	22	21	22	12	21	22	22	21	12	21	11	11	21	12	11	22	12	11	12	11	22	12	11	21	11	12	12	22	11	22	12	12	12	12	21	21	22	22	22	11	12	22
205	0	43.118	90.920	12	12	21	12	12	21	11	21	12	21	12	12	21	11	22	11	12	22	11	22	11	12	11	11	21	12	12	22	12	12	12	21	22	11	11	22	11	22	11	22	11	22	11	12	11	11	22	21	22	12	21	22	22	21	12	21	11	11	21	12	11	22	12	11	12	11	22	12	11	21	11	12	12	22	11	22	12	12	12	12	21	21	22	22	22	11	12	22
195	0	43.118	90.920	12	12	21	12	12	21	11	21	12	21	12	12	21	11	22	11	12	22	11	22	11	12	11	11	21	12	12	22	12	12	12	21	22	11	11	22	11	22	11	22	11	22	11	12	11	11	22	21	22	12	21	22	22	21	12	21	11	11	21	12	11	22	12	11	12	11	22	12	11	21	11	12	12	22	11	22	12	12	12	12	21	21	22	22	22	11	12	22
196	0	43.118	90.920	12	12	21	12	12	21	11	21	12	21	12	12	21	11	22	11	12	22	11	22	11	12	11	11	21	12	12	22	12	12	12	21	22	11	11	22	11	22	11	22	11	22	11	12	11	11	22	21	22	12	21	22	22	21	12	21	11	11	21	12	11	22	12	11	12	11	22	12	11	21	11	12	12	22	11	22	12	12	12	12	21	21	22	22	22	11	12	22
207	0	43.118	90.920	12	12	21	12	12	21	11	21	12	21	12	12	21	11	22	11	12	22	11	22	11	12	11	11	21	12	12	22	12	12	12	21	22	11	11	22	11	22	11	22	11	22	11	12	11	11	22	21	22	12	21	22	22	21	12	21	11	11	21	12	11	22	12	11	12	11	22	12	11	21	11	12	12	22	11	22	12	12	12	12	21	21	22	22	22	11	12	22
198	0	43.118	90.920	12	12	21	12	12	21	11	21	12	21	12	12	21	11	22	11	12	22	11	22	11	12	11	11	21	12	12	22	12	12	12	21	22	11	11	22	11	22	11	22	11	22	11	12	11	11	22	21	22	12	21	22	22	21	12	21	11	11	21	12	11	22	12	11	12	11	22	12	11	21	11	12	12	22	11	22	12	12	12	12	21	21	22	22	22	11	12	22
197	0	43.118	90.920	12	12	21	12	12	21	11	21	12	21	12	12	21	11	22	11	12	22	11	22	11	12	11	11	21	12	12	22	12	12	12	21	22	11	11	22	11	22	11	22	11	22	11	12	11	11	22	21	22	12	21	22	22	21	12	21	11	11	21	12	11	22	12	11	12	11	22	12	11	21	11	12	12	22	11	22	12	12	12	12	21	21	22	22	22	11	12	22
208	0	43.118	90.920	12	12	21	12	12	21	11	21	12	21	12	12	21	11	22	11	12	22	11	22	11	12	11	11	21	12	12	22	12	12	12	21	22	11	11	22	11	22	11	22	11	22	11	12	11	11	22	21	22	12	21	22	22	21	12	21	11	11	21	12	11	22	12	11	12	11	22	12	11	21	11	12	12	22	11	22	12	12	12	12	21	21	22	22	22	11	12	22
199	0	43.118	90.920	12	12	21	12	12	21	11	21	12	21	12	12	21	11	22	11	12	22	11	22	11	12	11	11	21	12	12	22	12	12	12	21	22	11	11	22	11	22	11	22	11	22	11	12	11	11	22	21	22	12	21	22	22	21	12	21	11	11	21	12	11	22	12	11	12	11	22	12	11	21	11	12	12	22	11	22	12	12	12	12	21	21	22	22	22	11	12	22
206	0	43.118	90.920	12	12	21	12	12	21	11	21	12	21	12	12	21	11	22	11	12	22	11	22	11	12	11	11	21	12	12	22	12	12	12	21	22	11	11	22	11	22	11	22	11	22	11	12	11	11	22	21	22	12	21	22	22	21	12	21	11	11	21	12	11	22	12	11	12	11	22	12	11	21	11	12	12	22	11	22	12	12	12	12	21	21	22	22	22	11	12	22
189	0	43.118	90.920	12	12	21	12	12	21	11	21	12	21	12	12	21	11	22	11	12	22	11	22	11	12	11	11	21	12	12	22	12	12	12	21	22	11	11	22	11	22	11	22	11	22	11	12	11	11	22	21	22	12	21	22	22	21	12	21	11	11	21	12	11	22	12	11	12	11	22	12	11	21	11	12	12	22	11	22	12	12	12	12	21	21	22	22	22	11	12	22
204	0	43.118	92.097	12	12	21	12	12	22	11	21	12	21	12	12	21	11	22	11	12	22	11	22	11	12	11	11	21	12	12	22	12	12	12	21	22	11	11	22	11	22	11	22	11	22	11	12	11	11	22	21	22	12	21	22	22	21	12	21	11	11	21	12	11	22	12	11	12	11	22	12	11	21	11	12	12	22	11	22	12	12	12	12	21	21	22	22	22	11	12	22
188	0	43.118	94.478	12	12	21	12	12	22	11	21	12	21	12	12	22	11	22	11	12	22	11	22	11	12	11	11	21	12	12	22	12	12	12	21	22	11	11	22	11	22	11	22	11	22	11	12	11	11	22	21	22	12	21	22	22	21	12	21	11	11	21	12	11	22	12	11	12	11	22	12	11	21	11	12	12	22	11	22	12	12	12	12	21	22	22	22	22	11	12	22
186	0	43.118	94.478	12	12	21	12	12	22	11	21	12	21	12	12	22	11	22	11	12	22	11	22	11	12	11	11	21	12	12	22	12	12	12	21	22	11	11	22	11	22	11	22	11	22	11	12	11	11	22	21	22	12	21	22	22	21	12	21	11	11	21	12	11	22	12	11	12	11	22	12	11	21	11	12	12	22	11	22	12	12	12	12	21	22	22	22	22	11	12	22
187	0	43.118	94.478	12	12	21	12	12	22	11	21	12	21	12	12	22	11	22	11	12	22	11	22	11	12	11	11	21	12	12	22	12	12	12	21	22	11	11	22	11	22	11	22	11	22	11	12	11	11	22	21	22	12	21	22	22	21	12	21	11	11	21	12	11	22	12	11	12	11	22	12	11	21	11	12	12	22	11	22	12	12	12	12	21	22	22	22	22	11	12	22
185	0	43.118	94.478	12	12	21	12	12	22	11	21	12	21	12	12	22	11	22	11	12	22	11	22	11	12	11	11	21	12	12	22	12	12	12	21	22	11	11	22	11	22	11	22	11	22	11	12	11	11	22	21	22	12	21	22	22	21	12	21	11	11	21	12	11	22	12	11	12	11	22	12	11	21	11	12	12	22	11	22	12	12	12	12	21	22	22	22	22	11	12	22
192	0	45.499	95.655	12	12	21	12	12	22	11	21	12	21	12	12	12	11	22	11	12	22	11	22	11	12	11	11	21	12	12	22	12	12	12	21	22	11	11	22	11	22	11	22	11	22	11	12	11	11	22	21	22	12	21	22	22	21	12	21	11	11	21	12	11	22	12	11	12	11	22	12	11	21	11	12	12	22	11	22	12	12	12	12	22	12	22	22	22	11	12	22
190	0	46.676	95.655	12	12	21	12	12	12	11	21	12	21	12	12	12	11	22	11	12	22	11	22	11	12	11	11	21	12	12	22	12	12	12	21	22	11	11	22	11	22	11	22	11	22	11	12	11	11	22	21	22	12	21	22	22	21	12	21	11	11	21	12	11	22	12	11	12	11	22	12	11	21	11	12	12	22	11	22	12	12	12	12	22	12	22	22	22	11	12	22
203	0	46.676	96.831	12	12	21	12	12	12	11	21	12	21	12	12	12	11	22	11	12	22	11	22	11	12	11	11	21	12	12	22	12	12	12	21	22	11	11	22	11	22	11	22	11	22	11	12	12	11	22	21	22	12	21	22	22	21	12	21	11	11	21	12	11	22	12	11	12	11	22	12	11	21	11	12	12	22	11	22	12	12	12	12	22	12	22	22	22	11	12	22
202	0	46.676	96.831	12	12	21	12	12	12	11	21	12	21	12	12	12	11	22	11	12	22	11	22	11	12	11	11	21	12	12	22	12	12	12	21	22	11	11	22	11	22	11	22	11	22	11	12	12	11	22	21	22	12	21	22	22	21	12	21	11	11	21	12	11	22	12	11	12	11	22	12	11	21	11	12	12	22	11	22	12	12	12	12	22	12	22	22	22	11	12	22
201	0	46.676	96.831	12	12	21	12	12	12	11	21	12	21	12	12	12	11	22	11	12	22	11	22	11	12	11	11	21	12	12	22	12	12	12	21	22	11	11	22	11	22	11	22	11	22	11	12	12	11	22	21	22	12	21	22	22	21	12	21	11	11	21	12	11	22	12	11	12	11	22	12	11	21	11	12	12	22	11	22	12	12	12	12	22	12	22	22	22	11	12	22
193	0	49.057	98.008	12	12	21	12	12	12	11	11	12	21	12	12	12	11	22	11	12	22	11	22	11	12	11	11	21	12	12	22	12	12	12	21	22	11	11	22	11	22	11	22	11	22	11	12	12	11	22	22	22	12	21	22	22	21	12	21	11	11	21	12	11	22	12	11	12	11	22	12	11	21	11	12	12	22	11	22	12	12	12	12	12	12	22	22	22	11	12	22
212	0	50.234	101.624	12	12	21	12	12	12	11	11	12	21	12	11	12	11	22	11	12	22	11	22	11	12	11	11	21	12	12	22	12	12	12	21	22	11	11	22	11	22	11	22	11	22	12	12	12	11	22	22	22	12	21	22	21	21	12	21	11	11	11	12	11	22	12	11	12	11	22	12	11	21	11	12	12	22	11	22	12	12	12	12	12	12	22	22	22	11	12	22
210	0	50.234	101.624	12	12	21	12	12	12	11	11	12	21	12	11	12	11	22	11	12	22	11	22	11	12	11	11	21	12	12	22	12	12	12	21	22	11	11	22	11	22	11	22	11	22	12	12	12	11	22	22	22	12	21	22	21	21	12	21	11	11	11	12	11	22	12	11	12	11	22	12	11	21	11	12	12	22	11	22	12	12	12	12	12	12	22	22	22	11	12	22
209	0	50.234	101.624	12	12	21	12	12	12	11	11	12	21	12	11	12	11	22	11	12	22	11	22	11	12	11	11	21	12	12	22	12	12	12	21	22	11	11	22	11	22	11	22	11	22	12	12	12	11	22	22	22	12	21	22	21	21	12	21	11	11	11	12	11	22	12	11	12	11	22	12	11	21	11	12	12	22	11	22	12	12	12	12	12	12	22	22	22	11	12	22
211	0	50.234	101.624	12	12	21	12	12	12	11	11	12	21	12	11	12	11	22	11	12	22	11	22	11	12	11	11	21	12	12	22	12	12	12	21	22	11	11	22	11	22	11	22	11	22	12	12	12	11	22	22	22	12	21	22	21	21	12	21	11	11	11	12	11	22	12	11	12	11	22	12	11	21	11	12	12	22	11	22	12	12	12	12	12	12	22	22	22	11	12	22
216	0	51.410	101.624	12	12	21	12	12	12	11	11	12	21	12	11	12	11	22	11	12	22	11	22	11	12	11	11	21	12	12	22	12	12	12	21	22	11	11	22	11	22	11	22	11	22	12	12	12	11	22	22	22	12	21	22	21	21	12	21	11	11	11	12	11	22	12	11	12	11	22	12	11	21	11	22	12	22	11	22	12	12	12	12	12	12	22	22	22	11	12	22
215	0	51.410	101.624	12	12	21	12	12	12	11	11	12	21	12	11	12	11	22	11	12	22	11	22	11	12	11	11	21	12	12	22	12	12	12	21	22	11	11	22	11	22	11	22	11	22	12	12	12	11	22	22	22	12	21	22	21	21	12	21	11	11	11	12	11	22	12	11	12	11	22	12	11	21	11	22	12	22	11	22	12	12	12	12	12	12	22	22	22	11	12	22
217	0	51.410	102.800	12	12	21	12	12	12	11	12	12	21	12	11	12	11	22	11	12	22	11	22	11	12	11	11	21	12	12	22	12	12	12	21	22	11	11	22	11	22	11	22	11	22	12	12	12	11	22	22	22	12	21	22	21	21	12	21	11	11	11	12	11	22	12	11	12	11	22	12	11	21	11	22	12	22	11	22	12	12	12	12	12	12	22	22	22	11	12	22
214	0	52.587	102.800	12	12	21	12	12	12	11	12	12	21	12	11	12	11	22	11	12	22	11	22	11	12	11	11	21	12	12	22	12	12	12	21	22	11	11	22	11	22	11	22	11	22	12	12	12	11	22	12	22	12	21	22	21	21	12	21	11	11	11	12	11	22	12	11	12	11	22	12	11	21	11	22	12	22	11	22	12	12	12	12	12	12	22	22	22	11	12	22
213	0	52.587	102.800	12	12	21	12	12	12	11	12	12	21	12	11	12	11	22	11	12	22	11	22	11	12	11	11	21	12	12	22	12	12	12	21	22	11	11	22	11	22	11	22	11	22	12	12	12	11	22	12	22	12	21	22	21	21	12	21	11	11	11	12	11	22	12	11	12	11	22	12	11	21	11	22	12	22	11	22	12	12	12	12	12	12	22	22	22	11	12	22
