#java OrderMarkers2 data=data_fil.call map=map.txt scale=2M/N randSeed=-1505754235581134795
#*** LG = 1 likelihood = -2936.8402
#marker_number	male_position	female_position	( 0.0 )[	phased data]
2	0.000	0.000	( 0 )	1111010110000101010100100110011101010000010011111111010110111100010110110011010101101110011001010001010100001100000111001110100001000010110111101001010001100010000001010110 0 0
1	0.000	2.381	( 0 )	1111010110000101010100100110011101010000010011111111010110111100010110110011010101101110011001010001010100001100000111001110100001000010110111111001110001100010000001010110 0 2
3	0.000	3.558	( 0 )	1111010110000101010100100110011101010000010011111111010110111100010110110011010101101111011001010001010100001100000111001110100001000010110111111001110001100010000001010110 0 1
4	0.000	3.558	( 0 )	1111010110000101010100100110011101010000010011111111010110111100010110110011010101101111011001010001010100001100000111001110100001000010110111111001110001100010000001010110 0 0
7	0.000	8.440	( 0 )	1111010110000101010100100110011101010000010011111111010110111100010110110011010101101111011001010001010100111100000111001110100001000010110111111011110001100010100001010110 0 4
8	0.000	8.440	( 0 )	1111010110000101010100100110011101010000010011111111010110111100010110110011010101101111011001010001010100111100000111001110100001000010110111111011110001100010100001010110 0 0
6	0.000	8.440	( 0 )	1111010110000101010100100110011101010000010011111111010110111100010110110011010101101111011001010001010100111100000111001110100001000010110111111011110001100010100001010110 0 0
5	0.000	8.440	( 0 )	1111010110000101010100100110011101010000010011111111010110111100010110110011010101101111011001010001010100111100000111001110100001000010110111111011110001100010100001010110 0 0
11	0.000	9.616	( 0 )	1111010110000101010100100110011101010000010011111111010110111100010110110011010101101111011001010001010100111100000111001110100001000010110110111011110001100010100001010110 0 1
10	0.000	9.616	( 0 )	1111010110000101010100100110011101010000010011111111010110111100010110110011010101101111011001010001010100111100000111001110100001000010110110111011110001100010100001010110 0 0
14	0.000	9.616	( 0 )	1111010110000101010100100110011101010000010011111111010110111100010110110011010101101111011001010001010100111100000111001110100001000010110110111011110001100010100001010110 0 0
15	0.000	9.616	( 0 )	1111010110000101010100100110011101010000010011111111010110111100010110110011010101101111011001010001010100111100000111001110100001000010110110111011110001100010100001010110 0 0
9	0.000	9.616	( 0 )	1111010110000101010100100110011101010000010011111111010110111100010110110011010101101111011001010001010100111100000111001110100001000010110110111011110001100010100001010110 0 0
13	0.000	9.616	( 0 )	1111010110000101010100100110011101010000010011111111010110111100010110110011010101101111011001010001010100111100000111001110100001000010110110111011110001100010100001010110 0 0
12	0.000	9.616	( 0 )	1111010110000101010100100110011101010000010011111111010110111100010110110011010101101111011001010001010100111100000111001110100001000010110110111011110001100010100001010110 0 0
19	0.000	10.793	( 0 )	1111010110000101010100100110011101010000010011111111010110111100010110110011010101101111011001010001010100111100000101001110100001000010110110111011110001100010100001010110 0 1
20	0.000	10.793	( 0 )	1111010110000101010100100110011101010000010011111111010110111100010110110011010101101111011001010001010100111100000101001110100001000010110110111011110001100010100001010110 0 0
24	0.000	11.969	( 0 )	1111010110000101010100100110011101010000010011111111010110111100010110110011010101101111011001010001010100111100000101001110100001000010110110111011110001101010100001010110 0 1
25	0.000	11.969	( 0 )	1111010110000101010100100110011101010000010011111111010110111100010110110011010101101111011001010001010100111100000101001110100001000010110110111011110001101010100001010110 0 0
22	0.000	11.969	( 0 )	1111010110000101010100100110011101010000010011111111010110111100010110110011010101101111011001010001010100111100000101001110100001000010110110111011110001101010100001010110 0 0
16	0.000	11.969	( 0 )	1111010110000101010100100110011101010000010011111111010110111100010110110011010101101111011001010001010100111100000101001110100001000010110110111011110001101010100001010110 0 0
21	0.000	11.969	( 0 )	1111010110000101010100100110011101010000010011111111010110111100010110110011010101101111011001010001010100111100000101001110100001000010110110111011110001101010100001010110 0 0
23	0.000	11.969	( 0 )	1111010110000101010100100110011101010000010011111111010110111100010110110011010101101111011001010001010100111100000101001110100001000010110110111011110001101010100001010110 0 0
17	0.000	11.969	( 0 )	1111010110000101010100100110011101010000010011111111010110111100010110110011010101101111011001010001010100111100000101001110100001000010110110111011110001101010100001010110 0 0
18	0.000	11.969	( 0 )	1111010110000101010100100110011101010000010011111111010110111100010110110011010101101111011001010001010100111100000101001110100001000010110110111011110001101010100001010110 0 0
26	0.000	11.969	( 0 )	1111010110000101010100100110011101010000010011111111010110111100010110110011010101101111011001010001010100111100000101001110100001000010110110111011110001101010100001010110 0 0
27	0.000	18.150	( 0 )	1111010110000101010100100110011101010000010011111111010110111100010110110011010101101111011001010001010100111100011101001110100101000010110110111011110001101000100001011110 0 5
28	0.000	19.327	( 0 )	1111010110000101010100100110011101010000010011111111010110111100010110110011010101101111011001010001010100111100011101001111100101000010110110111011110001101000100001011110 0 1
29	0.000	20.503	( 0 )	1111010110000101010100100110011101010000010011111111010110111100010110110011010101101111011001010011010100111100011101001111100101000010110110111011110001101000100001011110 0 1
30	0.000	20.503	( 0 )	1111010110000101010100100110011101010000010011111111010110111100010110110011010101101111011001010011010100111100011101001111100101000010110110111011110001101000100001011110 0 0
31	0.000	21.680	( 0 )	1111010110000101010100100110011101010000010011111111010110111100010110110011010101101111011001010011010100111100011101001111100101000010110010111011110001101000100001011110 0 1
32	0.000	21.680	( 0 )	1111010110000101010100100110011101010000010011111111010110111100010110110011010101101111011001010011010100111100011101001111100101000010110010111011110001101000100001011110 0 0
33	0.000	22.856	( 0 )	1111010110000101010100100110011101010000010011111111010110111100010110110011010101101111011001010011010100111100011101001111100101000010110010111011110001101000100000011110 0 1
36	1.177	25.238	( 0 )	1101010110000101010100100110011101010000010011111111010110111100010110110011010101101111011001010011010100111100011101001111100101000010110010110011110000101000100000011110 1 2
35	1.177	25.238	( 0 )	1101010110000101010100100110011101010000010011111111010110111100010110110011010101101111011001010011010100111100011101001111100101000010110010110011110000101000100000011110 0 0
34	1.177	25.238	( 0 )	1101010110000101010100100110011101010000010011111111010110111100010110110011010101101111011001010011010100111100011101001111100101000010110010110011110000101000100000011110 0 0
37	2.353	26.414	( 0 )	1101010110000101010100100110011101010000010011111111010110111100010110110010010101101111011001010011010100111100011101001111100100000010110010110011110000101000100000011110 1 1
38	2.353	28.796	( 0 )	1101010110000101010100100110011101010000010011111111010110111100010110110010010101101111011001010011010100111100011101001111100100000010110010110011110000001000100000111110 0 2
39	4.734	29.972	( 0 )	1101010110000111010100100110011101010000010011111111010010111100010110110010010101101111011001010011010100111100011101001111100100000010110010110011110000001001100000111110 2 1
41	4.734	31.149	( 0 )	1101010110000111010100100110011101010000010011111111010010111100010110110010010101101111011001010011010100111100011101001111100100000010110010110011110000001001100000111100 0 1
45	4.734	32.325	( 0 )	1101010110000111010100100110011101010000010011111111010010111100010110110010010101101111011001010011010100111100011101001111100100000010110010110011111000001001100000111100 0 1
49	4.734	32.325	( 0 )	1101010110000111010100100110011101010000010011111111010010111100010110110010010101101111011001010011010100111100011101001111100100000010110010110011111000001001100000111100 0 0
42	4.734	32.325	( 0 )	1101010110000111010100100110011101010000010011111111010010111100010110110010010101101111011001010011010100111100011101001111100100000010110010110011111000001001100000111100 0 0
46	4.734	32.325	( 0 )	1101010110000111010100100110011101010000010011111111010010111100010110110010010101101111011001010011010100111100011101001111100100000010110010110011111000001001100000111100 0 0
44	4.734	32.325	( 0 )	1101010110000111010100100110011101010000010011111111010010111100010110110010010101101111011001010011010100111100011101001111100100000010110010110011111000001001100000111100 0 0
48	4.734	32.325	( 0 )	1101010110000111010100100110011101010000010011111111010010111100010110110010010101101111011001010011010100111100011101001111100100000010110010110011111000001001100000111100 0 0
47	4.734	32.325	( 0 )	1101010110000111010100100110011101010000010011111111010010111100010110110010010101101111011001010011010100111100011101001111100100000010110010110011111000001001100000111100 0 0
43	4.734	32.325	( 0 )	1101010110000111010100100110011101010000010011111111010010111100010110110010010101101111011001010011010100111100011101001111100100000010110010110011111000001001100000111100 0 0
40	4.734	33.502	( 0 )	1101010110000111010100100110011101010000010011111111010010111100010110110010010101101111011001010011010100111100011101001111100100000010110010110011111100001001100000111100 0 1
55	9.616	34.678	( 0 )	1101010110001111010011100110011101010000010011111111010010111100010110110010010101101111011001010011010100111100011101001111100100000010110010110111111100001001100000111100 4 1
59	10.793	34.678	( 0 )	1101010110001111010011100110011101010000010011111111010010111100010110110010011101101111011001010011010100111100011101001111100100000010110010110111111100001001100000111100 1 0
58	10.793	34.678	( 0 )	1101010110001111010011100110011101010000010011111111010010111100010110110010011101101111011001010011010100111100011101001111100100000010110010110111111100001001100000111100 0 0
54	10.793	34.678	( 0 )	1101010110001111010011100110011101010000010011111111010010111100010110110010011101101111011001010011010100111100011101001111100100000010110010110111111100001001100000111100 0 0
56	10.793	34.678	( 0 )	1101010110001111010011100110011101010000010011111111010010111100010110110010011101101111011001010011010100111100011101001111100100000010110010110111111100001001100000111100 0 0
52	10.793	34.678	( 0 )	1101010110001111010011100110011101010000010011111111010010111100010110110010011101101111011001010011010100111100011101001111100100000010110010110111111100001001100000111100 0 0
50	10.793	34.678	( 0 )	1101010110001111010011100110011101010000010011111111010010111100010110110010011101101111011001010011010100111100011101001111100100000010110010110111111100001001100000111100 0 0
51	10.793	34.678	( 0 )	1101010110001111010011100110011101010000010011111111010010111100010110110010011101101111011001010011010100111100011101001111100100000010110010110111111100001001100000111100 0 0
53	10.793	34.678	( 0 )	1101010110001111010011100110011101010000010011111111010010111100010110110010011101101111011001010011010100111100011101001111100100000010110010110111111100001001100000111100 0 0
57	10.793	34.678	( 0 )	1101010110001111010011100110011101010000010011111111010010111100010110110010011101101111011001010011010100111100011101001111100100000010110010110111111100001001100000111100 0 0
60	10.793	35.855	( 0 )	1101010110001111010011100110011101010000010011111111010010111100010110110010011101101111010001010011010100111100011101001111100100000010110010110111111100001001100000111100 0 1
62	10.793	35.855	( 0 )	1101010110001111010011100110011101010000010011111111010010111100010110110010011101101111010001010011010100111100011101001111100100000010110010110111111100001001100000111100 0 0
61	10.793	35.855	( 0 )	1101010110001111010011100110011101010000010011111111010010111100010110110010011101101111010001010011010100111100011101001111100100000010110010110111111100001001100000111100 0 0
64	11.969	35.855	( 0 )	1101010110001111010011100110011101010000010011111111010010111100110110110010011101101111010001010011010100111100011101001111100100000010110010110111111100001001100000111100 1 0
65	11.969	35.855	( 0 )	1101010110001111010011100110011101010000010011111111010010111100110110110010011101101111010001010011010100111100011101001111100100000010110010110111111100001001100000111100 0 0
66	11.969	35.855	( 0 )	1101010110001111010011100110011101010000010011111111010010111100110110110010011101101111010001010011010100111100011101001111100100000010110010110111111100001001100000111100 0 0
63	11.969	35.855	( 0 )	1101010110001111010011100110011101010000010011111111010010111100110110110010011101101111010001010011010100111100011101001111100100000010110010110111111100001001100000111100 0 0
67	14.351	38.236	( 0 )	1101010100001111010011100110011101010000010011111111010010111100110110110010001101101111010001010011010100111100011100001111100100100010110010110111111100001001100000111100 2 2
68	14.351	39.413	( 0 )	1101010100001111010011100110011101010000010011111111010010111100110110110010001101101111010001010010010100111100011100001111100100100010110010110111111100001001100000111100 0 1
69	14.351	40.589	( 0 )	1101010100001111010011100110011101010000010011111111010010111100110110110010001101101111010001010010010100111100011100001111100100100010110010110111111100001001100000111000 0 1
71	14.351	42.971	( 0 )	1101010100001111010011100110011101010000010011111111010010111100110110110010001101101111010001010010010100111100011100001111100100100010110010110111101100001001101000111000 0 2
73	14.351	42.971	( 0 )	1101010100001111010011100110011101010000010011111111010010111100110110110010001101101111010001010010010100111100011100001111100100100010110010110111101100001001101000111000 0 0
72	14.351	42.971	( 0 )	1101010100001111010011100110011101010000010011111111010010111100110110110010001101101111010001010010010100111100011100001111100100100010110010110111101100001001101000111000 0 0
74	14.351	42.971	( 0 )	1101010100001111010011100110011101010000010011111111010010111100110110110010001101101111010001010010010100111100011100001111100100100010110010110111101100001001101000111000 0 0
70	14.351	42.971	( 0 )	1101010100001111010011100110011101010000010011111111010010111100110110110010001101101111010001010010010100111100011100001111100100100010110010110111101100001001101000111000 0 0
75	14.351	42.971	( 0 )	1101010100001111010011100110011101010000010011111111010010111100110110110010001101101111010001010010010100111100011100001111100100100010110010110111101100001001101000111000 0 0
76	15.527	46.587	( 0 )	1101010100001111010011100110011101010000010011111111010010111100100110110010001101101111000001010010010100111100011100001111100100100010110010110110101100001001101100111000 1 3
77	16.704	46.587	( 0 )	1001010100001111010011100110011101010000010011111111010010111100100110110010001101101111000001010010010100111100011100001111100100100010110010110110101100001001101100111000 1 0
84	17.880	48.968	( 0 )	1001010100001111010011100110011101010100010011111111010010111100100110110010001101101101000001010010010100111100011100001111100100100010110010110110101100011001101100111000 1 2
80	17.880	48.968	( 0 )	1001010100001111010011100110011101010100010011111111010010111100100110110010001101101101000001010010010100111100011100001111100100100010110010110110101100011001101100111000 0 0
83	19.057	48.968	( 0 )	1001010100001111010011100110011101010100010011111111010010111100100100110010001101101101000001010010010100111100011100001111100100100010110010110110101100011001101100111000 1 0
81	19.057	48.968	( 0 )	1001010100001111010011100110011101010100010011111111010010111100100100110010001101101101000001010010010100111100011100001111100100100010110010110110101100011001101100111000 0 0
79	19.057	48.968	( 0 )	1001010100001111010011100110011101010100010011111111010010111100100100110010001101101101000001010010010100111100011100001111100100100010110010110110101100011001101100111000 0 0
85	19.057	48.968	( 0 )	1001010100001111010011100110011101010100010011111111010010111100100100110010001101101101000001010010010100111100011100001111100100100010110010110110101100011001101100111000 0 0
86	19.057	48.968	( 0 )	1001010100001111010011100110011101010100010011111111010010111100100100110010001101101101000001010010010100111100011100001111100100100010110010110110101100011001101100111000 0 0
82	19.057	48.968	( 0 )	1001010100001111010011100110011101010100010011111111010010111100100100110010001101101101000001010010010100111100011100001111100100100010110010110110101100011001101100111000 0 0
87	19.057	48.968	( 0 )	1001010100001111010011100110011101010100010011111111010010111100100100110010001101101101000001010010010100111100011100001111100100100010110010110110101100011001101100111000 0 0
78	19.057	48.968	( 0 )	1001010100001111010011100110011101010100010011111111010010111100100100110010001101101101000001010010010100111100011100001111100100100010110010110110101100011001101100111000 0 0
89	19.057	50.145	( 0 )	1001010100001111010011100110011101010100010011111111010010111100100100110010001101101101000001010010010100111100011100000111100100100010110010110110101100011001101100111000 0 1
90	19.057	50.145	( 0 )	1001010100001111010011100110011101010100010011111111010010111100100100110010001101101101000001010010010100111100011100000111100100100010110010110110101100011001101100111000 0 0
88	19.057	50.145	( 0 )	1001010100001111010011100110011101010100010011111111010010111100100100110010001101101101000001010010010100111100011100000111100100100010110010110110101100011001101100111000 0 0
91	19.057	52.526	( 0 )	1001010100001111010011100110011101010100010011111111010010111100100100110010001101101101000001010010010100111100011000000111100100100010110010110110101100011001101100111001 0 2
92	19.057	53.702	( 0 )	1001010100001111010011100110011101010100010011111111010010111100100100110010001101101101000001010010010100111100011000000111110100100010110010110110101100011001101100111001 0 1
95	19.057	53.702	( 0 )	1001010100001111010011100110011101010100010011111111010010111100100100110010001101101101000001010010010100111100011000000111110100100010110010110110101100011001101100111001 0 0
96	19.057	53.702	( 0 )	1001010100001111010011100110011101010100010011111111010010111100100100110010001101101101000001010010010100111100011000000111110100100010110010110110101100011001101100111001 0 0
94	19.057	53.702	( 0 )	1001010100001111010011100110011101010100010011111111010010111100100100110010001101101101000001010010010100111100011000000111110100100010110010110110101100011001101100111001 0 0
93	19.057	54.879	( 0 )	1001010100001111010011100110011101010100010011111111010010111100100100110010001101101101000001010010010100111100011000000111110100100010110010110110101100011001111100111001 0 1
102	21.438	58.495	( 0 )	1001010100001111010011100110011101010100010011111111010010111100100100110000001111101101000001010010010100111100011000000111110100101010100010110110101100011101111100111001 2 3
99	21.438	58.495	( 0 )	1001010100001111010011100110011101010100010011111111010010111100100100110000001111101101000001010010010100111100011000000111110100101010100010110110101100011101111100111001 0 0
101	21.438	58.495	( 0 )	1001010100001111010011100110011101010100010011111111010010111100100100110000001111101101000001010010010100111100011000000111110100101010100010110110101100011101111100111001 0 0
104	21.438	58.495	( 0 )	1001010100001111010011100110011101010100010011111111010010111100100100110000001111101101000001010010010100111100011000000111110100101010100010110110101100011101111100111001 0 0
105	21.438	58.495	( 0 )	1001010100001111010011100110011101010100010011111111010010111100100100110000001111101101000001010010010100111100011000000111110100101010100010110110101100011101111100111001 0 0
100	21.438	58.495	( 0 )	1001010100001111010011100110011101010100010011111111010010111100100100110000001111101101000001010010010100111100011000000111110100101010100010110110101100011101111100111001 0 0
108	21.438	58.495	( 0 )	1001010100001111010011100110011101010100010011111111010010111100100100110000001111101101000001010010010100111100011000000111110100101010100010110110101100011101111100111001 0 0
106	21.438	58.495	( 0 )	1001010100001111010011100110011101010100010011111111010010111100100100110000001111101101000001010010010100111100011000000111110100101010100010110110101100011101111100111001 0 0
97	21.438	58.495	( 0 )	1001010100001111010011100110011101010100010011111111010010111100100100110000001111101101000001010010010100111100011000000111110100101010100010110110101100011101111100111001 0 0
103	21.438	58.495	( 0 )	1001010100001111010011100110011101010100010011111111010010111100100100110000001111101101000001010010010100111100011000000111110100101010100010110110101100011101111100111001 0 0
98	21.438	58.495	( 0 )	1001010100001111010011100110011101010100010011111111010010111100100100110000001111101101000001010010010100111100011000000111110100101010100010110110101100011101111100111001 0 0
107	21.438	58.495	( 0 )	1001010100001111010011100110011101010100010011111111010010111100100100110000001111101101000001010010010100111100011000000111110100101010100010110110101100011101111100111001 0 0
116	21.438	59.672	( 0 )	1001010100001111010011100110011101010100010011111111010010111100100100110000001111101101000001010010010100111100011000000111110100101000100010110110101100011101111100111001 0 1
117	21.438	59.672	( 0 )	1001010100001111010011100110011101010100010011111111010010111100100100110000001111101101000001010010010100111100011000000111110100101000100010110110101100011101111100111001 0 0
115	21.438	59.672	( 0 )	1001010100001111010011100110011101010100010011111111010010111100100100110000001111101101000001010010010100111100011000000111110100101000100010110110101100011101111100111001 0 0
109	21.438	59.672	( 0 )	1001010100001111010011100110011101010100010011111111010010111100100100110000001111101101000001010010010100111100011000000111110100101000100010110110101100011101111100111001 0 0
110	21.438	59.672	( 0 )	1001010100001111010011100110011101010100010011111111010010111100100100110000001111101101000001010010010100111100011000000111110100101000100010110110101100011101111100111001 0 0
111	21.438	59.672	( 0 )	1001010100001111010011100110011101010100010011111111010010111100100100110000001111101101000001010010010100111100011000000111110100101000100010110110101100011101111100111001 0 0
119	21.438	60.848	( 0 )	1001010100001111010011100110011101010100010011111111010010111100100100110000001111101101000001010110010100111100011000000111110100101000100010110110101100011101111100111001 0 1
120	21.438	60.848	( 0 )	1001010100001111010011100110011101010100010011111111010010111100100100110000001111101101000001010110010100111100011000000111110100101000100010110110101100011101111100111001 0 0
113	21.438	60.848	( 0 )	1001010100001111010011100110011101010100010011111111010010111100100100110000001111101101000001010110010100111100011000000111110100101000100010110110101100011101111100111001 0 0
118	21.438	60.848	( 0 )	1001010100001111010011100110011101010100010011111111010010111100100100110000001111101101000001010110010100111100011000000111110100101000100010110110101100011101111100111001 0 0
114	21.438	60.848	( 0 )	1001010100001111010011100110011101010100010011111111010010111100100100110000001111101101000001010110010100111100011000000111110100101000100010110110101100011101111100111001 0 0
112	21.438	62.025	( 0 )	1001010100001111010011100110011101010100010011111111010010111100100100110000001111101101000001010010010100111100011000000111110100101000100010110110101100011101111100111001 0 1
147	22.615	63.201	( 0 )	1001010100001111010011100110011001010100010011111111010010111100100100110000001111101101000001010010010100111100011000000111110100101001100010110110101100011101111100111001 1 1
148	22.615	63.201	( 0 )	1001010100001111010011100110011001010100010011111111010010111100100100110000001111101101000001010010010100111100011000000111110100101001100010110110101100011101111100111001 0 0
121	22.615	64.378	( 0 )	1001010100001111010011100110011001010100010011111111010010111100100100110000001111101101000001010010010100111100011000000111110100101001101010110110101100011101111100111001 0 1
142	22.615	64.378	( 0 )	1001010100001111010011100110011001010100010011111111010010111100100100110000001111101101000001010010010100111100011000000111110100101001101010110110101100011101111100111001 0 0
131	22.615	64.378	( 0 )	1001010100001111010011100110011001010100010011111111010010111100100100110000001111101101000001010010010100111100011000000111110100101001101010110110101100011101111100111001 0 0
125	22.615	64.378	( 0 )	1001010100001111010011100110011001010100010011111111010010111100100100110000001111101101000001010010010100111100011000000111110100101001101010110110101100011101111100111001 0 0
143	22.615	64.378	( 0 )	1001010100001111010011100110011001010100010011111111010010111100100100110000001111101101000001010010010100111100011000000111110100101001101010110110101100011101111100111001 0 0
139	22.615	64.378	( 0 )	1001010100001111010011100110011001010100010011111111010010111100100100110000001111101101000001010010010100111100011000000111110100101001101010110110101100011101111100111001 0 0
140	22.615	64.378	( 0 )	1001010100001111010011100110011001010100010011111111010010111100100100110000001111101101000001010010010100111100011000000111110100101001101010110110101100011101111100111001 0 0
128	22.615	64.378	( 0 )	1001010100001111010011100110011001010100010011111111010010111100100100110000001111101101000001010010010100111100011000000111110100101001101010110110101100011101111100111001 0 0
138	22.615	64.378	( 0 )	1001010100001111010011100110011001010100010011111111010010111100100100110000001111101101000001010010010100111100011000000111110100101001101010110110101100011101111100111001 0 0
130	22.615	64.378	( 0 )	1001010100001111010011100110011001010100010011111111010010111100100100110000001111101101000001010010010100111100011000000111110100101001101010110110101100011101111100111001 0 0
127	22.615	64.378	( 0 )	1001010100001111010011100110011001010100010011111111010010111100100100110000001111101101000001010010010100111100011000000111110100101001101010110110101100011101111100111001 0 0
129	22.615	64.378	( 0 )	1001010100001111010011100110011001010100010011111111010010111100100100110000001111101101000001010010010100111100011000000111110100101001101010110110101100011101111100111001 0 0
132	22.615	64.378	( 0 )	1001010100001111010011100110011001010100010011111111010010111100100100110000001111101101000001010010010100111100011000000111110100101001101010110110101100011101111100111001 0 0
124	22.615	64.378	( 0 )	1001010100001111010011100110011001010100010011111111010010111100100100110000001111101101000001010010010100111100011000000111110100101001101010110110101100011101111100111001 0 0
146	22.615	64.378	( 0 )	1001010100001111010011100110011001010100010011111111010010111100100100110000001111101101000001010010010100111100011000000111110100101001101010110110101100011101111100111001 0 0
123	22.615	64.378	( 0 )	1001010100001111010011100110011001010100010011111111010010111100100100110000001111101101000001010010010100111100011000000111110100101001101010110110101100011101111100111001 0 0
126	22.615	64.378	( 0 )	1001010100001111010011100110011001010100010011111111010010111100100100110000001111101101000001010010010100111100011000000111110100101001101010110110101100011101111100111001 0 0
137	22.615	64.378	( 0 )	1001010100001111010011100110011001010100010011111111010010111100100100110000001111101101000001010010010100111100011000000111110100101001101010110110101100011101111100111001 0 0
145	22.615	64.378	( 0 )	1001010100001111010011100110011001010100010011111111010010111100100100110000001111101101000001010010010100111100011000000111110100101001101010110110101100011101111100111001 0 0
141	22.615	64.378	( 0 )	1001010100001111010011100110011001010100010011111111010010111100100100110000001111101101000001010010010100111100011000000111110100101001101010110110101100011101111100111001 0 0
122	22.615	64.378	( 0 )	1001010100001111010011100110011001010100010011111111010010111100100100110000001111101101000001010010010100111100011000000111110100101001101010110110101100011101111100111001 0 0
144	22.615	64.378	( 0 )	1001010100001111010011100110011001010100010011111111010010111100100100110000001111101101000001010010010100111100011000000111110100101001101010110110101100011101111100111001 0 0
136	22.615	69.260	( 0 )	1001010100001111010011100110011001010100010011111111010010111100100100110000001111101101000001010010110100111100011010000111110100101101101010110110101100011101111100111011 0 4
134	22.615	69.260	( 0 )	1001010100001111010011100110011001010100010011111111010010111100100100110000001111101101000001010010110100111100011010000111110100101101101010110110101100011101111100111011 0 0
135	22.615	69.260	( 0 )	1001010100001111010011100110011001010100010011111111010010111100100100110000001111101101000001010010110100111100011010000111110100101101101010110110101100011101111100111011 0 0
133	22.615	69.260	( 0 )	1001010100001111010011100110011001010100010011111111010010111100100100110000001111101101000001010010110100111100011010000111110100101101101010110110101100011101111100111011 0 0
149	27.497	69.260	( 0 )	1001010100001101010011100100011001010100010011101111010010111100100100110000001111100101000001010010110100111100011010000111110100101101101010110110101100011101111100111011 4 0
150	27.497	69.260	( 0 )	1001010100001101010011100100011001010100010011101111010010111100100100110000001111100101000001010010110100111100011010000111110100101101101010110110101100011101111100111011 0 0
158	28.673	70.436	( 0 )	1001010100001101010011100100010001010100010011101111010010111100100100110000001111100101100001010010110100111100011010000111110100101101101010110110101100011101111100111011 1 1
152	28.673	70.436	( 0 )	1001010100001101010011100100010001010100010011101111010010111100100100110000001111100101100001010010110100111100011010000111110100101101101010110110101100011101111100111011 0 0
156	28.673	71.613	( 0 )	1001010100001101010011100100010001010100010011101111010010111100100100110000001111100101100001010010110000111100011010000111110100101101101010110110101100011101111100111011 0 1
155	28.673	71.613	( 0 )	1001010100001101010011100100010001010100010011101111010010111100100100110000001111100101100001010010110000111100011010000111110100101101101010110110101100011101111100111011 0 0
154	28.673	71.613	( 0 )	1001010100001101010011100100010001010100010011101111010010111100100100110000001111100101100001010010110000111100011010000111110100101101101010110110101100011101111100111011 0 0
157	28.673	71.613	( 0 )	1001010100001101010011100100010001010100010011101111010010111100100100110000001111100101100001010010110000111100011010000111110100101101101010110110101100011101111100111011 0 0
151	28.673	72.789	( 0 )	1001010100001101010011100100010001010100010011101111010010111100100100110000001111100101100001010010110100111100011010000111110100101101101010110110101100011101111100111011 0 1
153	28.673	72.789	( 0 )	1001010100001101010011100100010001010100010011101111010010111100100100110000001111100101100001010010110100111100011010000111110100101101101010110110101100011101111100111011 0 0
159	29.850	73.966	( 0 )	1001010100001101010011100100010001010100010011101111010010011100100100110000001111100101100001110010110100111100011010000111110100101101101010110110101100011101111100111011 1 1
160	29.850	73.966	( 0 )	1001010100001101010011100100010001010100010011101111010010011100100100110000001111100101100001110010110100111100011010000111110100101101101010110110101100011101111100111011 0 0
162	31.026	75.142	( 0 )	1001010100001101010011100100010001010100000011101111010010011100100100110000001111100101100001110010110100111100111010000111110100101101101010110110101100011101111100111011 1 1
161	31.026	75.142	( 0 )	1001010100001101010011100100010001010100000011101111010010011100100100110000001111100101100001110010110100111100111010000111110100101101101010110110101100011101111100111011 0 0
168	33.408	82.656	( 0 )	1001010100001101010000100100010001010100000011101111010010011100100100110000001111100101100010110010110100000100111010000111110100101101101000110110101100011101111100111011 2 6
164	33.408	82.656	( 0 )	1001010100001101010000100100010001010100000011101111010010011100100100110000001111100101100010110010110100000100111010000111110100101101101000110110101100011101111100111011 0 0
169	33.408	82.656	( 0 )	1001010100001101010000100100010001010100000011101111010010011100100100110000001111100101100010110010110100000100111010000111110100101101101000110110101100011101111100111011 0 0
166	33.408	82.656	( 0 )	1001010100001101010000100100010001010100000011101111010010011100100100110000001111100101100010110010110100000100111010000111110100101101101000110110101100011101111100111011 0 0
165	33.408	82.656	( 0 )	1001010100001101010000100100010001010100000011101111010010011100100100110000001111100101100010110010110100000100111010000111110100101101101000110110101100011101111100111011 0 0
163	33.408	82.656	( 0 )	1001010100001101010000100100010001010100000011101111010010011100100100110000001111100101100010110010110100000100111010000111110100101101101000110110101100011101111100111011 0 0
167	33.408	82.656	( 0 )	1001010100001101010000100100010001010100000011101111010010011100100100110000001111100101100010110010110100000100111010000111110100101101101000110110101100011101111100111011 0 0
171	33.408	83.833	( 0 )	1001010100001101010000100100010001010100000011101111010010011100100100110000001111100101100010110010110100000100111010010111110100101101101000110110101100011101111100111011 0 1
170	33.408	83.833	( 0 )	1001010100001101010000100100010001010100000011101111010010011100100100110000001111100101100010110010110100000100111010010111110100101101101000110110101100011101111100111011 0 0
174	34.584	83.833	( 0 )	1001010100001101010000100100010001010100000011101111010010011100100100110100001111100101100010110010110100000100111010010111110100101101101000110110101100011101111100111011 1 0
175	34.584	83.833	( 0 )	1001010100001101010000100100010001010100000011101111010010011100100100110100001111100101100010110010110100000100111010010111110100101101101000110110101100011101111100111011 0 0
173	34.584	83.833	( 0 )	1001010100001101010000100100010001010100000011101111010010011100100100110100001111100101100010110010110100000100111010010111110100101101101000110110101100011101111100111011 0 0
172	35.761	83.833	( 0 )	1001010100001101010000100100011001010100000011101111010010011100100100110100001111100101100010110010110100000100111010010111110100101101101000110110101100011101111100111011 1 0
177	35.761	85.009	( 0 )	1001010100001101010000100100011001010100000011101111010010011100100100110100001111100101100010110010110101000100111010010111110100101101101000110110101100011101111100111011 0 1
179	35.761	85.009	( 0 )	1001010100001101010000100100011001010100000011101111010010011100100100110100001111100101100010110010110101000100111010010111110100101101101000110110101100011101111100111011 0 0
178	35.761	85.009	( 0 )	1001010100001101010000100100011001010100000011101111010010011100100100110100001111100101100010110010110101000100111010010111110100101101101000110110101100011101111100111011 0 0
176	35.761	86.186	( 0 )	1001010100001101010000100100011001010100000011101111010010011100100100110100001111100101100010110010110101000101111010010111110100101101101000110110101100011101111100111011 0 1
181	41.942	86.186	( 0 )	1001010100001001010000100100011001010101000011101111010010010000100100010100001111100101100010110010110101000101111010010111110100101101101000110110101100011101111100111011 5 0
180	41.942	86.186	( 0 )	1001010100001001010000100100011001010101000011101111010010010000100100010100001111100101100010110010110101000101111010010111110100101101101000110110101100011101111100111011 0 0
182	41.942	88.567	( 0 )	1001010100001001010000100100011001010101000011101111010010010000100100010100001111100101100010110010110101000101111010010101010100101101101000110110101100011101111100111011 0 2
184	41.942	88.567	( 0 )	1001010100001001010000100100011001010101000011101111010010010000100100010100001111100101100010110010110101000101111010010101010100101101101000110110101100011101111100111011 0 0
183	41.942	88.567	( 0 )	1001010100001001010000100100011001010101000011101111010010010000100100010100001111100101100010110010110101000101111010010101010100101101101000110110101100011101111100111011 0 0
200	43.118	89.744	( 0 )	1001010100101001010000100100011001010101000011101111010010010000100100010100001111100101100010110010110101000101111010010101010100101101101000010110101100011101111100111011 1 1
191	43.118	89.744	( 0 )	1001010100101001010000100100011001010101000011101111010010010000100100010100001111100101100010110010110101000101111010010101010100101101101000010110101100011101111100111011 0 0
194	43.118	89.744	( 0 )	1001010100101001010000100100011001010101000011101111010010010000100100010100001111100101100010110010110101000101111010010101010100101101101000010110101100011101111100111011 0 0
205	43.118	90.920	( 0 )	1001010100101001010000100100011001010101000011101111010010010000100100010100001111100101100010110010110101000111111010010101010100101101101000010110101100011101111100111011 0 1
195	43.118	90.920	( 0 )	1001010100101001010000100100011001010101000011101111010010010000100100010100001111100101100010110010110101000111111010010101010100101101101000010110101100011101111100111011 0 0
196	43.118	90.920	( 0 )	1001010100101001010000100100011001010101000011101111010010010000100100010100001111100101100010110010110101000111111010010101010100101101101000010110101100011101111100111011 0 0
207	43.118	90.920	( 0 )	1001010100101001010000100100011001010101000011101111010010010000100100010100001111100101100010110010110101000111111010010101010100101101101000010110101100011101111100111011 0 0
198	43.118	90.920	( 0 )	1001010100101001010000100100011001010101000011101111010010010000100100010100001111100101100010110010110101000111111010010101010100101101101000010110101100011101111100111011 0 0
197	43.118	90.920	( 0 )	1001010100101001010000100100011001010101000011101111010010010000100100010100001111100101100010110010110101000111111010010101010100101101101000010110101100011101111100111011 0 0
208	43.118	90.920	( 0 )	1001010100101001010000100100011001010101000011101111010010010000100100010100001111100101100010110010110101000111111010010101010100101101101000010110101100011101111100111011 0 0
199	43.118	90.920	( 0 )	1001010100101001010000100100011001010101000011101111010010010000100100010100001111100101100010110010110101000111111010010101010100101101101000010110101100011101111100111011 0 0
206	43.118	90.920	( 0 )	1001010100101001010000100100011001010101000011101111010010010000100100010100001111100101100010110010110101000111111010010101010100101101101000010110101100011101111100111011 0 0
189	43.118	90.920	( 0 )	1001010100101001010000100100011001010101000011101111010010010000100100010100001111100101100010110010110101000111111010010101010100101101101000010110101100011101111100111011 0 0
204	43.118	92.097	( 0 )	1001010100101001010000100100011001010101000011101111010010010000100100010100001111100101110010110010110101000111111010010101010100101101101000010110101100011101111100111011 0 1
188	43.118	94.478	( 0 )	1001010100101001010000100100011001010101000011101111010010010000100100010100001111100101110010111010110101000111111010010101010100101101101000010110101100011101111101111011 0 2
186	43.118	94.478	( 0 )	1001010100101001010000100100011001010101000011101111010010010000100100010100001111100101110010111010110101000111111010010101010100101101101000010110101100011101111101111011 0 0
187	43.118	94.478	( 0 )	1001010100101001010000100100011001010101000011101111010010010000100100010100001111100101110010111010110101000111111010010101010100101101101000010110101100011101111101111011 0 0
185	43.118	94.478	( 0 )	1001010100101001010000100100011001010101000011101111010010010000100100010100001111100101110010111010110101000111111010010101010100101101101000010110101100011101111101111011 0 0
192	45.499	95.655	( 0 )	1001010100001001010000100100011001010101000011101111010010010000100100010100001011100101110010111010110101000111111010010101010100101101101000010110101100011101111111111011 2 1
190	46.676	95.655	( 0 )	1000010100001001010000100100011001010101000011101111010010010000100100010100001011100101110010111010110101000111111010010101010100101101101000010110101100011101111111111011 1 0
203	46.676	96.831	( 0 )	1000010100001001010000100100011001010101000011101111010010010000100100010100001011100101110010111010110101000111111010010101010110101101101000010110101100011101111111111011 0 1
202	46.676	96.831	( 0 )	1000010100001001010000100100011001010101000011101111010010010000100100010100001011100101110010111010110101000111111010010101010110101101101000010110101100011101111111111011 0 0
201	46.676	96.831	( 0 )	1000010100001001010000100100011001010101000011101111010010010000100100010100001011100101110010111010110101000111111010010101010110101101101000010110101100011101111111111011 0 0
193	49.057	98.008	( 0 )	1000000100001001010000100100011001010101000011101111010010010000100100010100000011100101110010111010110101000111111010010101010110111101101000010110101100011101111111111011 2 1
212	50.234	101.624	( 0 )	1000000100001001010000100100011001010101000011101111010000010000100100010100000011100101110010101010110101000111111010010101011110111101001000010110101100011101111111111011 1 3
210	50.234	101.624	( 0 )	1000000100001001010000100100011001010101000011101111010000010000100100010100000011100101110010101010110101000111111010010101011110111101001000010110101100011101111111111011 0 0
209	50.234	101.624	( 0 )	1000000100001001010000100100011001010101000011101111010000010000100100010100000011100101110010101010110101000111111010010101011110111101001000010110101100011101111111111011 0 0
211	50.234	101.624	( 0 )	1000000100001001010000100100011001010101000011101111010000010000100100010100000011100101110010101010110101000111111010010101011110111101001000010110101100011101111111111011 0 0
216	51.410	101.624	( 0 )	1000000100001001010000100100011001010101000011101111010000010000100101010100000011100101110010101010110101000111111010010101011110111101001000010110101100011101111111111011 1 0
215	51.410	101.624	( 0 )	1000000100001001010000100100011001010101000011101111010000010000100101010100000011100101110010101010110101000111111010010101011110111101001000010110101100011101111111111011 0 0
217	51.410	102.800	( 0 )	1000000100001001010000100100011001010101000011101111010000010000100101010100000011100101110110101010110101000111111010010101011110111101001000010110101100011101111111111011 0 1
214	52.587	102.800	( 0 )	1000000100001001010000100100011001010101000010101111010000010000100101010100000011100101110110101010110101000111111010010101011110111101001000010110101100011101111111111011 1 0
213	52.587	102.800	( 0 )	1000000100001001010000100100011001010101000010101111010000010000100101010100000011100101110110101010110101000111111010010101011110111101001000010110101100011101111111111011 0 0
