MARKER	CHR	MALE_POS	FEMALE_POS	P1xP2	P1xP2	P1xP2	P1xP2	P1xP2	P1xP2	P1xP2	P1xP2	P1xP2	P1xP2	P1xP2	P1xP2	P1xP2	P1xP2	P1xP2	P1xP2	P1xP2	P1xP2	P1xP2	P1xP2	P1xP2	P1xP2	P1xP2	P1xP2	P1xP2	P1xP2	P1xP2	P1xP2	P1xP2	P1xP2	P1xP2	P1xP2	P1xP2	P1xP2	P1xP2	P1xP2	P1xP2	P1xP2	P1xP2	P1xP2	P1xP2	P1xP2	P1xP2	P1xP2	P1xP2	P1xP2	P1xP2	P1xP2	P1xP2	P1xP2	P1xP2	P1xP2	P1xP2	P1xP2	P1xP2	P1xP2	P1xP2	P1xP2	P1xP2	P1xP2	P1xP2	P1xP2	P1xP2	P1xP2	P1xP2	P1xP2	P1xP2	P1xP2	P1xP2	P1xP2	P1xP2	P1xP2	P1xP2	P1xP2	P1xP2	P1xP2	P1xP2	P1xP2	P1xP2	P1xP2	P1xP2	P1xP2	P1xP2	P1xP2	P1xP2	P1xP2	P1xP2	P1xP2
MARKER	CHR	MALE_POS	FEMALE_POS	P1	P2	C1	C2	C3	C4	C5	C6	C7	C8	C9	C10	C11	C12	C13	C14	C15	C16	C17	C18	C19	C20	C21	C22	C23	C24	C25	C26	C27	C28	C29	C30	C31	C32	C33	C34	C35	C36	C37	C38	C39	C40	C41	C42	C43	C44	C45	C46	C47	C48	C49	C50	C51	C52	C53	C54	C55	C56	C57	C58	C59	C60	C61	C62	C63	C64	C65	C66	C67	C68	C69	C70	C71	C72	C73	C74	C75	C76	C77	C78	C79	C80	C81	C82	C83	C84	C85	C86
MARKER	CHR	MALE_POS	FEMALE_POS	0	0	P1	P1	P1	P1	P1	P1	P1	P1	P1	P1	P1	P1	P1	P1	P1	P1	P1	P1	P1	P1	P1	P1	P1	P1	P1	P1	P1	P1	P1	P1	P1	P1	P1	P1	P1	P1	P1	P1	P1	P1	P1	P1	P1	P1	P1	P1	P1	P1	P1	P1	P1	P1	P1	P1	P1	P1	P1	P1	P1	P1	P1	P1	P1	P1	P1	P1	P1	P1	P1	P1	P1	P1	P1	P1	P1	P1	P1	P1	P1	P1	P1	P1	P1	P1	P1	P1
MARKER	CHR	MALE_POS	FEMALE_POS	0	0	P2	P2	P2	P2	P2	P2	P2	P2	P2	P2	P2	P2	P2	P2	P2	P2	P2	P2	P2	P2	P2	P2	P2	P2	P2	P2	P2	P2	P2	P2	P2	P2	P2	P2	P2	P2	P2	P2	P2	P2	P2	P2	P2	P2	P2	P2	P2	P2	P2	P2	P2	P2	P2	P2	P2	P2	P2	P2	P2	P2	P2	P2	P2	P2	P2	P2	P2	P2	P2	P2	P2	P2	P2	P2	P2	P2	P2	P2	P2	P2	P2	P2	P2	P2	P2	P2
MARKER	CHR	MALE_POS	FEMALE_POS	1	2	0	0	0	0	0	0	0	0	0	0	0	0	0	0	0	0	0	0	0	0	0	0	0	0	0	0	0	0	0	0	0	0	0	0	0	0	0	0	0	0	0	0	0	0	0	0	0	0	0	0	0	0	0	0	0	0	0	0	0	0	0	0	0	0	0	0	0	0	0	0	0	0	0	0	0	0	0	0	0	0	0	0	0	0	0	0
MARKER	CHR	MALE_POS	FEMALE_POS	0	0	0	0	0	0	0	0	0	0	0	0	0	0	0	0	0	0	0	0	0	0	0	0	0	0	0	0	0	0	0	0	0	0	0	0	0	0	0	0	0	0	0	0	0	0	0	0	0	0	0	0	0	0	0	0	0	0	0	0	0	0	0	0	0	0	0	0	0	0	0	0	0	0	0	0	0	0	0	0	0	0	0	0	0	0	0	0
223	0	0.000	0.000	12	12	12	21	11	11	11	21	12	21	11	12	22	21	11	22	22	22	22	12	22	21	21	21	11	22	22	11	11	11	12	12	22	11	11	21	12	22	22	21	22	21	21	11	11	21	12	22	12	22	21	22	11	11	21	12	12	22	22	22	12	21	21	21	12	21	11	11	11	22	11	12	22	22	11	21	22	22	21	22	12	21	11	12	12	12	21	21
230	0	0.000	1.177	12	12	12	21	11	11	11	21	12	21	11	12	22	21	11	22	22	22	22	12	22	21	21	21	11	22	22	11	11	11	12	12	22	11	11	21	12	22	22	21	22	21	21	11	11	21	12	22	12	22	21	22	11	11	21	12	12	21	22	22	12	21	21	21	12	21	11	11	11	22	11	12	22	22	11	21	22	22	21	22	12	21	11	12	12	12	21	21
229	0	0.000	1.177	12	12	12	21	11	11	11	21	12	21	11	12	22	21	11	22	22	22	22	12	22	21	21	21	11	22	22	11	11	11	12	12	22	11	11	21	12	22	22	21	22	21	21	11	11	21	12	22	12	22	21	22	11	11	21	12	12	21	22	22	12	21	21	21	12	21	11	11	11	22	11	12	22	22	11	21	22	22	21	22	12	21	11	12	12	12	21	21
222	0	0.000	1.177	12	12	12	21	11	11	11	21	12	21	11	12	22	21	11	22	22	22	22	12	22	21	21	21	11	22	22	11	11	11	12	12	22	11	11	21	12	22	22	21	22	21	21	11	11	21	12	22	12	22	21	22	11	11	21	12	12	21	22	22	12	21	21	21	12	21	11	11	11	22	11	12	22	22	11	21	22	22	21	22	12	21	11	12	12	12	21	21
231	0	0.000	1.177	12	12	12	21	11	11	11	21	12	21	11	12	22	21	11	22	22	22	22	12	22	21	21	21	11	22	22	11	11	11	12	12	22	11	11	21	12	22	22	21	22	21	21	11	11	21	12	22	12	22	21	22	11	11	21	12	12	21	22	22	12	21	21	21	12	21	11	11	11	22	11	12	22	22	11	21	22	22	21	22	12	21	11	12	12	12	21	21
227	0	0.000	1.177	12	12	12	21	11	11	11	21	12	21	11	12	22	21	11	22	22	22	22	12	22	21	21	21	11	22	22	11	11	11	12	12	22	11	11	21	12	22	22	21	22	21	21	11	11	21	12	22	12	22	21	22	11	11	21	12	12	21	22	22	12	21	21	21	12	21	11	11	11	22	11	12	22	22	11	21	22	22	21	22	12	21	11	12	12	12	21	21
228	0	0.000	1.177	12	12	12	21	11	11	11	21	12	21	11	12	22	21	11	22	22	22	22	12	22	21	21	21	11	22	22	11	11	11	12	12	22	11	11	21	12	22	22	21	22	21	21	11	11	21	12	22	12	22	21	22	11	11	21	12	12	21	22	22	12	21	21	21	12	21	11	11	11	22	11	12	22	22	11	21	22	22	21	22	12	21	11	12	12	12	21	21
225	0	1.177	1.177	12	12	12	21	11	21	11	21	12	21	11	12	22	21	11	22	22	22	22	12	22	21	21	21	11	22	22	11	11	11	12	12	22	11	11	21	12	22	22	21	22	21	21	11	11	21	12	22	12	22	21	22	11	11	21	12	12	21	22	22	12	21	21	21	12	21	11	11	11	22	11	12	22	22	11	21	22	22	21	22	12	21	11	12	12	12	21	21
232	0	2.353	1.177	12	12	12	21	11	21	11	11	12	21	11	12	22	21	11	22	22	22	22	12	22	21	21	21	11	22	22	11	11	11	12	12	22	11	11	21	12	22	22	21	22	21	21	11	11	21	12	22	12	22	21	22	11	11	21	12	12	21	22	22	12	21	21	21	12	21	11	11	11	22	11	12	22	22	11	21	22	22	21	22	12	21	11	12	12	12	21	21
234	0	2.353	1.177	12	12	12	21	11	21	11	11	12	21	11	12	22	21	11	22	22	22	22	12	22	21	21	21	11	22	22	11	11	11	12	12	22	11	11	21	12	22	22	21	22	21	21	11	11	21	12	22	12	22	21	22	11	11	21	12	12	21	22	22	12	21	21	21	12	21	11	11	11	22	11	12	22	22	11	21	22	22	21	22	12	21	11	12	12	12	21	21
233	0	2.353	1.177	12	12	12	21	11	21	11	11	12	21	11	12	22	21	11	22	22	22	22	12	22	21	21	21	11	22	22	11	11	11	12	12	22	11	11	21	12	22	22	21	22	21	21	11	11	21	12	22	12	22	21	22	11	11	21	12	12	21	22	22	12	21	21	21	12	21	11	11	11	22	11	12	22	22	11	21	22	22	21	22	12	21	11	12	12	12	21	21
224	0	2.353	1.177	12	12	12	21	11	21	11	11	12	21	11	12	22	21	11	22	22	22	22	12	22	21	21	21	11	22	22	11	11	11	12	12	22	11	11	21	12	22	22	21	22	21	21	11	11	21	12	22	12	22	21	22	11	11	21	12	12	21	22	22	12	21	21	21	12	21	11	11	11	22	11	12	22	22	11	21	22	22	21	22	12	21	11	12	12	12	21	21
235	0	2.353	1.177	12	12	12	21	11	21	11	11	12	21	11	12	22	21	11	22	22	22	22	12	22	21	21	21	11	22	22	11	11	11	12	12	22	11	11	21	12	22	22	21	22	21	21	11	11	21	12	22	12	22	21	22	11	11	21	12	12	21	22	22	12	21	21	21	12	21	11	11	11	22	11	12	22	22	11	21	22	22	21	22	12	21	11	12	12	12	21	21
226	0	2.353	1.177	12	12	12	21	11	21	11	11	12	21	11	12	22	21	11	22	22	22	22	12	22	21	21	21	11	22	22	11	11	11	12	12	22	11	11	21	12	22	22	21	22	21	21	11	11	21	12	22	12	22	21	22	11	11	21	12	12	21	22	22	12	21	21	21	12	21	11	11	11	22	11	12	22	22	11	21	22	22	21	22	12	21	11	12	12	12	21	21
220	0	2.353	2.353	12	12	12	21	11	21	11	11	12	21	11	12	22	21	11	22	22	22	22	12	22	21	21	21	11	22	22	11	11	11	12	12	22	11	11	21	12	22	22	21	22	21	21	11	11	21	12	22	12	22	21	22	11	11	22	12	12	21	22	22	12	21	21	21	12	21	11	11	11	22	11	12	22	22	11	21	22	22	21	22	12	21	11	12	12	12	21	21
221	0	2.353	2.353	12	12	12	21	11	21	11	11	12	21	11	12	22	21	11	22	22	22	22	12	22	21	21	21	11	22	22	11	11	11	12	12	22	11	11	21	12	22	22	21	22	21	21	11	11	21	12	22	12	22	21	22	11	11	22	12	12	21	22	22	12	21	21	21	12	21	11	11	11	22	11	12	22	22	11	21	22	22	21	22	12	21	11	12	12	12	21	21
219	0	2.353	2.353	12	12	12	21	11	21	11	11	12	21	11	12	22	21	11	22	22	22	22	12	22	21	21	21	11	22	22	11	11	11	12	12	22	11	11	21	12	22	22	21	22	21	21	11	11	21	12	22	12	22	21	22	11	11	22	12	12	21	22	22	12	21	21	21	12	21	11	11	11	22	11	12	22	22	11	21	22	22	21	22	12	21	11	12	12	12	21	21
218	0	2.353	4.734	12	12	12	21	11	21	11	11	12	21	12	12	22	21	11	22	22	22	22	12	22	21	21	21	11	22	22	11	11	11	12	12	22	11	11	21	12	22	22	21	22	21	21	11	11	21	12	22	12	22	21	22	11	11	22	12	12	21	22	22	12	21	21	21	12	22	11	11	11	22	11	12	22	22	11	21	22	22	21	22	12	21	11	12	12	12	21	21
217	0	2.353	5.911	12	12	12	21	11	21	11	11	12	21	12	12	22	21	11	22	22	22	22	12	22	21	21	21	11	22	22	11	11	11	12	12	22	11	11	21	12	22	22	21	22	21	21	11	11	21	12	22	12	22	21	22	12	11	22	12	12	21	22	22	12	21	21	21	12	22	11	11	11	22	11	12	22	22	11	21	22	22	21	22	12	21	11	12	12	12	21	21
216	0	2.353	5.911	12	12	12	21	11	21	11	11	12	21	12	12	22	21	11	22	22	22	22	12	22	21	21	21	11	22	22	11	11	11	12	12	22	11	11	21	12	22	22	21	22	21	21	11	11	21	12	22	12	22	21	22	12	11	22	12	12	21	22	22	12	21	21	21	12	22	11	11	11	22	11	12	22	22	11	21	22	22	21	22	12	21	11	12	12	12	21	21
215	0	2.353	5.911	12	12	12	21	11	21	11	11	12	21	12	12	22	21	11	22	22	22	22	12	22	21	21	21	11	22	22	11	11	11	12	12	22	11	11	21	12	22	22	21	22	21	21	11	11	21	12	22	12	22	21	22	12	11	22	12	12	21	22	22	12	21	21	21	12	22	11	11	11	22	11	12	22	22	11	21	22	22	21	22	12	21	11	12	12	12	21	21
213	0	2.353	8.292	12	12	12	21	11	21	11	11	12	21	12	12	22	21	11	22	22	22	22	12	22	21	22	22	11	22	22	11	11	11	12	12	22	11	11	21	12	22	22	21	22	21	21	11	11	21	12	22	12	22	21	22	12	11	22	12	12	21	22	22	12	21	21	21	12	22	11	11	11	22	11	12	22	22	11	21	22	22	21	22	12	21	11	12	12	12	21	21
214	0	2.353	8.292	12	12	12	21	11	21	11	11	12	21	12	12	22	21	11	22	22	22	22	12	22	21	22	22	11	22	22	11	11	11	12	12	22	11	11	21	12	22	22	21	22	21	21	11	11	21	12	22	12	22	21	22	12	11	22	12	12	21	22	22	12	21	21	21	12	22	11	11	11	22	11	12	22	22	11	21	22	22	21	22	12	21	11	12	12	12	21	21
211	0	2.353	9.469	12	12	11	21	11	21	11	11	12	21	12	12	22	21	11	22	22	22	22	12	22	21	22	22	11	22	22	11	11	11	12	12	22	11	11	21	12	22	22	21	22	21	21	11	11	21	12	22	12	22	21	22	12	11	22	12	12	21	22	22	12	21	21	21	12	22	11	11	11	22	11	12	22	22	11	21	22	22	21	22	12	21	11	12	12	12	21	21
210	0	2.353	9.469	12	12	11	21	11	21	11	11	12	21	12	12	22	21	11	22	22	22	22	12	22	21	22	22	11	22	22	11	11	11	12	12	22	11	11	21	12	22	22	21	22	21	21	11	11	21	12	22	12	22	21	22	12	11	22	12	12	21	22	22	12	21	21	21	12	22	11	11	11	22	11	12	22	22	11	21	22	22	21	22	12	21	11	12	12	12	21	21
208	0	3.530	9.469	12	12	11	21	11	21	11	21	12	21	12	12	22	21	11	22	22	22	22	12	22	21	22	22	11	22	22	11	11	11	12	12	22	11	11	21	12	22	22	21	22	21	21	11	11	21	12	22	12	22	21	22	12	11	22	12	12	21	22	22	12	21	21	21	12	22	11	11	11	22	11	12	22	22	11	21	22	22	21	22	12	21	11	12	12	12	21	21
209	0	3.530	9.469	12	12	11	21	11	21	11	21	12	21	12	12	22	21	11	22	22	22	22	12	22	21	22	22	11	22	22	11	11	11	12	12	22	11	11	21	12	22	22	21	22	21	21	11	11	21	12	22	12	22	21	22	12	11	22	12	12	21	22	22	12	21	21	21	12	22	11	11	11	22	11	12	22	22	11	21	22	22	21	22	12	21	11	12	12	12	21	21
212	0	4.706	9.469	12	12	11	11	11	21	11	21	12	21	12	12	22	21	11	22	22	22	22	12	22	21	22	22	11	22	22	11	11	11	12	12	22	11	11	21	12	22	22	21	22	21	21	11	11	21	12	22	12	22	21	22	12	11	22	12	12	21	22	22	12	21	21	21	12	22	11	11	11	22	11	12	22	22	11	21	22	22	21	22	12	21	11	12	12	12	21	21
200	0	7.088	10.645	12	12	11	11	11	21	11	21	12	11	12	12	22	21	11	22	22	22	22	12	22	21	22	22	11	22	22	11	11	11	12	12	22	11	11	21	12	22	22	21	22	21	11	11	11	21	12	22	12	22	21	22	12	11	22	12	12	21	22	22	12	21	21	21	12	22	11	11	11	22	11	12	22	22	11	21	22	22	21	22	12	21	12	12	12	12	21	21
199	0	7.088	10.645	12	12	11	11	11	21	11	21	12	11	12	12	22	21	11	22	22	22	22	12	22	21	22	22	11	22	22	11	11	11	12	12	22	11	11	21	12	22	22	21	22	21	11	11	11	21	12	22	12	22	21	22	12	11	22	12	12	21	22	22	12	21	21	21	12	22	11	11	11	22	11	12	22	22	11	21	22	22	21	22	12	21	12	12	12	12	21	21
201	0	7.088	10.645	12	12	11	11	11	21	11	21	12	11	12	12	22	21	11	22	22	22	22	12	22	21	22	22	11	22	22	11	11	11	12	12	22	11	11	21	12	22	22	21	22	21	11	11	11	21	12	22	12	22	21	22	12	11	22	12	12	21	22	22	12	21	21	21	12	22	11	11	11	22	11	12	22	22	11	21	22	22	21	22	12	21	12	12	12	12	21	21
202	0	7.088	10.645	12	12	11	11	11	21	11	21	12	11	12	12	22	21	11	22	22	22	22	12	22	21	22	22	11	22	22	11	11	11	12	12	22	11	11	21	12	22	22	21	22	21	11	11	11	21	12	22	12	22	21	22	12	11	22	12	12	21	22	22	12	21	21	21	12	22	11	11	11	22	11	12	22	22	11	21	22	22	21	22	12	21	12	12	12	12	21	21
205	0	8.264	10.645	12	12	11	11	11	21	11	11	12	11	12	12	22	21	11	22	22	22	22	12	22	21	22	22	11	22	22	11	11	11	12	12	22	11	11	21	12	22	22	21	22	21	11	11	11	21	12	22	12	22	21	22	12	11	22	12	12	21	22	22	12	21	21	21	12	22	11	11	11	22	11	12	22	22	11	21	22	22	21	22	12	21	12	12	12	12	21	21
203	0	8.264	11.822	12	12	11	11	11	21	11	11	12	12	12	12	22	21	11	22	22	22	22	12	22	21	22	22	11	22	22	11	11	11	12	12	22	11	11	21	12	22	22	21	22	21	11	11	11	21	12	22	12	22	21	22	12	11	22	12	12	21	22	22	12	21	21	21	12	22	11	11	11	22	11	12	22	22	11	21	22	22	21	22	12	21	12	12	12	12	21	21
206	0	8.264	11.822	12	12	11	11	11	21	11	11	12	12	12	12	22	21	11	22	22	22	22	12	22	21	22	22	11	22	22	11	11	11	12	12	22	11	11	21	12	22	22	21	22	21	11	11	11	21	12	22	12	22	21	22	12	11	22	12	12	21	22	22	12	21	21	21	12	22	11	11	11	22	11	12	22	22	11	21	22	22	21	22	12	21	12	12	12	12	21	21
207	0	8.264	11.822	12	12	11	11	11	21	11	11	12	12	12	12	22	21	11	22	22	22	22	12	22	21	22	22	11	22	22	11	11	11	12	12	22	11	11	21	12	22	22	21	22	21	11	11	11	21	12	22	12	22	21	22	12	11	22	12	12	21	22	22	12	21	21	21	12	22	11	11	11	22	11	12	22	22	11	21	22	22	21	22	12	21	12	12	12	12	21	21
198	0	8.264	11.822	12	12	11	11	11	21	11	11	12	12	12	12	22	21	11	22	22	22	22	12	22	21	22	22	11	22	22	11	11	11	12	12	22	11	11	21	12	22	22	21	22	21	11	11	11	21	12	22	12	22	21	22	12	11	22	12	12	21	22	22	12	21	21	21	12	22	11	11	11	22	11	12	22	22	11	21	22	22	21	22	12	21	12	12	12	12	21	21
204	0	8.264	11.822	12	12	11	11	11	21	11	11	12	12	12	12	22	21	11	22	22	22	22	12	22	21	22	22	11	22	22	11	11	11	12	12	22	11	11	21	12	22	22	21	22	21	11	11	11	21	12	22	12	22	21	22	12	11	22	12	12	21	22	22	12	21	21	21	12	22	11	11	11	22	11	12	22	22	11	21	22	22	21	22	12	21	12	12	12	12	21	21
197	0	8.264	11.822	12	12	11	11	11	21	11	11	12	12	12	12	22	21	11	22	22	22	22	12	22	21	22	22	11	22	22	11	11	11	12	12	22	11	11	21	12	22	22	21	22	21	11	11	11	21	12	22	12	22	21	22	12	11	22	12	12	21	22	22	12	21	21	21	12	22	11	11	11	22	11	12	22	22	11	21	22	22	21	22	12	21	12	12	12	12	21	21
196	0	8.264	12.998	12	12	11	11	11	21	12	11	12	12	12	12	22	21	11	22	22	22	22	12	22	21	22	22	11	22	22	11	11	11	12	12	22	11	11	21	12	22	22	21	22	21	11	11	11	21	12	22	12	22	21	22	12	11	22	12	12	21	22	22	12	21	21	21	12	22	11	11	11	22	11	12	22	22	11	21	22	22	21	22	12	21	12	12	12	12	21	21
191	0	8.264	12.998	12	12	11	11	11	21	12	11	12	12	12	12	22	21	11	22	22	22	22	12	22	21	22	22	11	22	22	11	11	11	12	12	22	11	11	21	12	22	22	21	22	21	11	11	11	21	12	22	12	22	21	22	12	11	22	12	12	21	22	22	12	21	21	21	12	22	11	11	11	22	11	12	22	22	11	21	22	22	21	22	12	21	12	12	12	12	21	21
189	0	8.264	12.998	12	12	11	11	11	21	12	11	12	12	12	12	22	21	11	22	22	22	22	12	22	21	22	22	11	22	22	11	11	11	12	12	22	11	11	21	12	22	22	21	22	21	11	11	11	21	12	22	12	22	21	22	12	11	22	12	12	21	22	22	12	21	21	21	12	22	11	11	11	22	11	12	22	22	11	21	22	22	21	22	12	21	12	12	12	12	21	21
192	0	8.264	12.998	12	12	11	11	11	21	12	11	12	12	12	12	22	21	11	22	22	22	22	12	22	21	22	22	11	22	22	11	11	11	12	12	22	11	11	21	12	22	22	21	22	21	11	11	11	21	12	22	12	22	21	22	12	11	22	12	12	21	22	22	12	21	21	21	12	22	11	11	11	22	11	12	22	22	11	21	22	22	21	22	12	21	12	12	12	12	21	21
190	0	8.264	12.998	12	12	11	11	11	21	12	11	12	12	12	12	22	21	11	22	22	22	22	12	22	21	22	22	11	22	22	11	11	11	12	12	22	11	11	21	12	22	22	21	22	21	11	11	11	21	12	22	12	22	21	22	12	11	22	12	12	21	22	22	12	21	21	21	12	22	11	11	11	22	11	12	22	22	11	21	22	22	21	22	12	21	12	12	12	12	21	21
184	0	8.264	14.175	12	12	11	11	11	21	12	12	12	12	12	12	22	21	11	22	22	22	22	12	22	21	22	22	11	22	22	11	11	11	12	12	22	11	11	21	12	22	22	21	22	21	11	11	11	21	12	22	12	22	21	22	12	11	22	12	12	21	22	22	12	21	21	21	12	22	11	11	11	22	11	12	22	22	11	21	22	22	21	22	12	21	12	12	12	12	21	21
186	0	8.264	14.175	12	12	11	11	11	21	12	12	12	12	12	12	22	21	11	22	22	22	22	12	22	21	22	22	11	22	22	11	11	11	12	12	22	11	11	21	12	22	22	21	22	21	11	11	11	21	12	22	12	22	21	22	12	11	22	12	12	21	22	22	12	21	21	21	12	22	11	11	11	22	11	12	22	22	11	21	22	22	21	22	12	21	12	12	12	12	21	21
185	0	8.264	14.175	12	12	11	11	11	21	12	12	12	12	12	12	22	21	11	22	22	22	22	12	22	21	22	22	11	22	22	11	11	11	12	12	22	11	11	21	12	22	22	21	22	21	11	11	11	21	12	22	12	22	21	22	12	11	22	12	12	21	22	22	12	21	21	21	12	22	11	11	11	22	11	12	22	22	11	21	22	22	21	22	12	21	12	12	12	12	21	21
193	0	8.264	14.175	12	12	11	11	11	21	12	12	12	12	12	12	22	21	11	22	22	22	22	12	22	21	22	22	11	22	22	11	11	11	12	12	22	11	11	21	12	22	22	21	22	21	11	11	11	21	12	22	12	22	21	22	12	11	22	12	12	21	22	22	12	21	21	21	12	22	11	11	11	22	11	12	22	22	11	21	22	22	21	22	12	21	12	12	12	12	21	21
195	0	8.264	14.175	12	12	11	11	11	21	12	12	12	12	12	12	22	21	11	22	22	22	22	12	22	21	22	22	11	22	22	11	11	11	12	12	22	11	11	21	12	22	22	21	22	21	11	11	11	21	12	22	12	22	21	22	12	11	22	12	12	21	22	22	12	21	21	21	12	22	11	11	11	22	11	12	22	22	11	21	22	22	21	22	12	21	12	12	12	12	21	21
194	0	8.264	14.175	12	12	11	11	11	21	12	12	12	12	12	12	22	21	11	22	22	22	22	12	22	21	22	22	11	22	22	11	11	11	12	12	22	11	11	21	12	22	22	21	22	21	11	11	11	21	12	22	12	22	21	22	12	11	22	12	12	21	22	22	12	21	21	21	12	22	11	11	11	22	11	12	22	22	11	21	22	22	21	22	12	21	12	12	12	12	21	21
188	0	8.264	14.175	12	12	11	11	11	21	12	12	12	12	12	12	22	21	11	22	22	22	22	12	22	21	22	22	11	22	22	11	11	11	12	12	22	11	11	21	12	22	22	21	22	21	11	11	11	21	12	22	12	22	21	22	12	11	22	12	12	21	22	22	12	21	21	21	12	22	11	11	11	22	11	12	22	22	11	21	22	22	21	22	12	21	12	12	12	12	21	21
187	0	8.264	14.175	12	12	11	11	11	21	12	12	12	12	12	12	22	21	11	22	22	22	22	12	22	21	22	22	11	22	22	11	11	11	12	12	22	11	11	21	12	22	22	21	22	21	11	11	11	21	12	22	12	22	21	22	12	11	22	12	12	21	22	22	12	21	21	21	12	22	11	11	11	22	11	12	22	22	11	21	22	22	21	22	12	21	12	12	12	12	21	21
182	0	9.441	14.175	12	12	11	11	11	21	12	12	12	12	12	12	22	21	11	22	22	22	22	12	22	21	22	12	11	22	22	11	11	11	12	12	22	11	11	21	12	22	22	21	22	21	11	11	11	21	12	22	12	22	21	22	12	11	22	12	12	21	22	22	12	21	21	21	12	22	11	11	11	22	11	12	22	22	11	21	22	22	21	22	12	21	12	12	12	12	21	21
173	0	9.441	14.175	12	12	11	11	11	21	12	12	12	12	12	12	22	21	11	22	22	22	22	12	22	21	22	12	11	22	22	11	11	11	12	12	22	11	11	21	12	22	22	21	22	21	11	11	11	21	12	22	12	22	21	22	12	11	22	12	12	21	22	22	12	21	21	21	12	22	11	11	11	22	11	12	22	22	11	21	22	22	21	22	12	21	12	12	12	12	21	21
183	0	9.441	14.175	12	12	11	11	11	21	12	12	12	12	12	12	22	21	11	22	22	22	22	12	22	21	22	12	11	22	22	11	11	11	12	12	22	11	11	21	12	22	22	21	22	21	11	11	11	21	12	22	12	22	21	22	12	11	22	12	12	21	22	22	12	21	21	21	12	22	11	11	11	22	11	12	22	22	11	21	22	22	21	22	12	21	12	12	12	12	21	21
172	0	10.617	14.175	12	12	11	11	11	21	12	12	12	12	12	12	22	21	11	22	22	22	22	12	22	21	12	12	11	22	22	11	11	11	12	12	22	11	11	21	12	22	22	21	22	21	11	11	11	21	12	22	12	22	21	22	12	11	22	12	12	21	22	22	12	21	21	21	12	22	11	11	11	22	11	12	22	22	11	21	22	22	21	22	12	21	12	12	12	12	21	21
171	0	10.617	14.175	12	12	11	11	11	21	12	12	12	12	12	12	22	21	11	22	22	22	22	12	22	21	12	12	11	22	22	11	11	11	12	12	22	11	11	21	12	22	22	21	22	21	11	11	11	21	12	22	12	22	21	22	12	11	22	12	12	21	22	22	12	21	21	21	12	22	11	11	11	22	11	12	22	22	11	21	22	22	21	22	12	21	12	12	12	12	21	21
179	0	10.617	14.175	12	12	11	11	11	21	12	12	12	12	12	12	22	21	11	22	22	22	22	12	22	21	12	12	11	22	22	11	11	11	12	12	22	11	11	21	12	22	22	21	22	21	11	11	11	21	12	22	12	22	21	22	12	11	22	12	12	21	22	22	12	21	21	21	12	22	11	11	11	22	11	12	22	22	11	21	22	22	21	22	12	21	12	12	12	12	21	21
181	0	10.617	14.175	12	12	11	11	11	21	12	12	12	12	12	12	22	21	11	22	22	22	22	12	22	21	12	12	11	22	22	11	11	11	12	12	22	11	11	21	12	22	22	21	22	21	11	11	11	21	12	22	12	22	21	22	12	11	22	12	12	21	22	22	12	21	21	21	12	22	11	11	11	22	11	12	22	22	11	21	22	22	21	22	12	21	12	12	12	12	21	21
178	0	10.617	14.175	12	12	11	11	11	21	12	12	12	12	12	12	22	21	11	22	22	22	22	12	22	21	12	12	11	22	22	11	11	11	12	12	22	11	11	21	12	22	22	21	22	21	11	11	11	21	12	22	12	22	21	22	12	11	22	12	12	21	22	22	12	21	21	21	12	22	11	11	11	22	11	12	22	22	11	21	22	22	21	22	12	21	12	12	12	12	21	21
177	0	10.617	14.175	12	12	11	11	11	21	12	12	12	12	12	12	22	21	11	22	22	22	22	12	22	21	12	12	11	22	22	11	11	11	12	12	22	11	11	21	12	22	22	21	22	21	11	11	11	21	12	22	12	22	21	22	12	11	22	12	12	21	22	22	12	21	21	21	12	22	11	11	11	22	11	12	22	22	11	21	22	22	21	22	12	21	12	12	12	12	21	21
180	0	10.617	14.175	12	12	11	11	11	21	12	12	12	12	12	12	22	21	11	22	22	22	22	12	22	21	12	12	11	22	22	11	11	11	12	12	22	11	11	21	12	22	22	21	22	21	11	11	11	21	12	22	12	22	21	22	12	11	22	12	12	21	22	22	12	21	21	21	12	22	11	11	11	22	11	12	22	22	11	21	22	22	21	22	12	21	12	12	12	12	21	21
176	0	10.617	14.175	12	12	11	11	11	21	12	12	12	12	12	12	22	21	11	22	22	22	22	12	22	21	12	12	11	22	22	11	11	11	12	12	22	11	11	21	12	22	22	21	22	21	11	11	11	21	12	22	12	22	21	22	12	11	22	12	12	21	22	22	12	21	21	21	12	22	11	11	11	22	11	12	22	22	11	21	22	22	21	22	12	21	12	12	12	12	21	21
175	0	10.617	14.175	12	12	11	11	11	21	12	12	12	12	12	12	22	21	11	22	22	22	22	12	22	21	12	12	11	22	22	11	11	11	12	12	22	11	11	21	12	22	22	21	22	21	11	11	11	21	12	22	12	22	21	22	12	11	22	12	12	21	22	22	12	21	21	21	12	22	11	11	11	22	11	12	22	22	11	21	22	22	21	22	12	21	12	12	12	12	21	21
174	0	12.998	15.352	12	12	11	11	11	11	12	12	12	12	12	12	22	21	11	22	22	22	22	12	22	21	12	12	11	22	22	11	11	11	12	12	22	11	11	11	12	22	22	21	22	21	11	11	12	21	12	22	12	22	21	22	12	11	22	12	12	21	22	22	12	21	21	21	12	22	11	11	11	22	11	12	22	22	11	21	22	22	21	22	12	21	12	12	12	12	21	21
170	0	14.175	22.866	12	12	11	11	11	11	12	12	12	12	12	12	21	21	11	22	22	22	22	12	22	21	12	12	11	22	22	11	11	11	12	12	22	11	11	11	12	22	22	21	22	11	11	11	12	22	12	22	12	22	21	21	12	11	22	12	12	21	22	21	12	21	21	21	12	22	11	11	11	22	11	12	22	22	12	22	22	22	21	22	12	21	12	12	12	12	21	21
162	0	15.352	22.866	12	12	11	11	11	11	12	12	12	12	12	12	21	21	11	22	22	22	22	12	22	21	12	12	11	22	22	11	11	11	12	12	22	11	11	11	12	22	22	21	22	11	11	11	22	22	12	22	12	22	21	21	12	11	22	12	12	21	22	21	12	21	21	21	12	22	11	11	11	22	11	12	22	22	12	22	22	22	21	22	12	21	12	12	12	12	21	21
163	0	15.352	22.866	12	12	11	11	11	11	12	12	12	12	12	12	21	21	11	22	22	22	22	12	22	21	12	12	11	22	22	11	11	11	12	12	22	11	11	11	12	22	22	21	22	11	11	11	22	22	12	22	12	22	21	21	12	11	22	12	12	21	22	21	12	21	21	21	12	22	11	11	11	22	11	12	22	22	12	22	22	22	21	22	12	21	12	12	12	12	21	21
160	0	16.528	22.866	12	12	11	21	11	11	12	12	12	12	12	12	21	21	11	22	22	22	22	12	22	21	12	12	11	22	22	11	11	11	12	12	22	11	11	11	12	22	22	21	22	11	11	11	22	22	12	22	12	22	21	21	12	11	22	12	12	21	22	21	12	21	21	21	12	22	11	11	11	22	11	12	22	22	12	22	22	22	21	22	12	21	12	12	12	12	21	21
166	0	17.705	24.042	12	12	11	21	11	11	12	12	12	12	22	12	21	21	11	22	22	22	22	12	22	21	12	12	11	22	22	11	11	11	12	12	22	11	11	11	12	22	22	21	22	11	11	11	22	22	12	22	12	22	21	21	12	11	22	12	12	21	22	21	12	22	21	21	12	22	11	11	11	22	11	12	22	22	12	22	22	22	21	22	12	21	12	12	12	12	21	21
168	0	17.705	24.042	12	12	11	21	11	11	12	12	12	12	22	12	21	21	11	22	22	22	22	12	22	21	12	12	11	22	22	11	11	11	12	12	22	11	11	11	12	22	22	21	22	11	11	11	22	22	12	22	12	22	21	21	12	11	22	12	12	21	22	21	12	22	21	21	12	22	11	11	11	22	11	12	22	22	12	22	22	22	21	22	12	21	12	12	12	12	21	21
165	0	17.705	24.042	12	12	11	21	11	11	12	12	12	12	22	12	21	21	11	22	22	22	22	12	22	21	12	12	11	22	22	11	11	11	12	12	22	11	11	11	12	22	22	21	22	11	11	11	22	22	12	22	12	22	21	21	12	11	22	12	12	21	22	21	12	22	21	21	12	22	11	11	11	22	11	12	22	22	12	22	22	22	21	22	12	21	12	12	12	12	21	21
167	0	17.705	24.042	12	12	11	21	11	11	12	12	12	12	22	12	21	21	11	22	22	22	22	12	22	21	12	12	11	22	22	11	11	11	12	12	22	11	11	11	12	22	22	21	22	11	11	11	22	22	12	22	12	22	21	21	12	11	22	12	12	21	22	21	12	22	21	21	12	22	11	11	11	22	11	12	22	22	12	22	22	22	21	22	12	21	12	12	12	12	21	21
164	0	17.705	24.042	12	12	11	21	11	11	12	12	12	12	22	12	21	21	11	22	22	22	22	12	22	21	12	12	11	22	22	11	11	11	12	12	22	11	11	11	12	22	22	21	22	11	11	11	22	22	12	22	12	22	21	21	12	11	22	12	12	21	22	21	12	22	21	21	12	22	11	11	11	22	11	12	22	22	12	22	22	22	21	22	12	21	12	12	12	12	21	21
169	0	18.881	25.219	12	12	11	21	11	11	12	12	12	12	21	12	21	21	11	22	22	22	22	12	22	21	12	12	11	22	22	11	11	11	12	12	22	11	11	11	12	22	22	21	22	11	11	11	22	22	12	22	12	22	21	21	12	11	22	12	12	21	22	21	12	12	21	21	12	22	11	11	11	22	11	12	22	22	12	22	22	22	21	22	12	21	12	12	12	12	21	21
159	0	18.881	25.219	12	12	11	21	11	11	12	12	12	12	21	12	21	21	11	22	22	22	22	12	22	21	12	12	11	22	22	11	11	11	12	12	22	11	11	11	12	22	22	21	22	11	11	11	22	22	12	22	12	22	21	21	12	11	22	12	12	21	22	21	12	12	21	21	12	22	11	11	11	22	11	12	22	22	12	22	22	22	21	22	12	21	12	12	12	12	21	21
161	0	18.881	26.395	12	12	11	21	11	11	12	12	12	12	21	12	21	21	11	22	22	22	22	12	22	21	12	12	11	22	22	11	11	11	12	12	22	11	11	11	12	22	22	21	22	11	11	11	22	22	12	22	12	22	21	21	12	11	22	12	12	21	22	21	12	12	21	21	12	22	12	11	11	22	11	12	22	22	12	22	22	22	21	22	12	21	12	12	12	12	21	21
158	0	18.881	27.572	12	12	11	21	11	11	12	12	12	12	21	12	21	21	11	22	22	22	22	12	22	21	12	12	11	22	22	11	11	11	12	12	22	11	11	11	12	22	22	21	22	11	11	11	22	22	12	22	12	22	21	21	12	11	22	11	12	21	22	21	12	12	21	21	12	22	12	11	11	22	11	12	22	22	12	22	22	22	21	22	12	21	12	12	12	12	21	21
157	0	18.881	27.572	12	12	11	21	11	11	12	12	12	12	21	12	21	21	11	22	22	22	22	12	22	21	12	12	11	22	22	11	11	11	12	12	22	11	11	11	12	22	22	21	22	11	11	11	22	22	12	22	12	22	21	21	12	11	22	11	12	21	22	21	12	12	21	21	12	22	12	11	11	22	11	12	22	22	12	22	22	22	21	22	12	21	12	12	12	12	21	21
156	0	18.881	31.188	12	12	11	21	11	11	12	12	12	12	21	12	21	21	11	22	21	22	22	12	22	21	12	12	11	21	22	11	11	11	12	12	22	11	11	11	12	22	22	21	22	11	11	11	22	22	12	22	12	22	21	21	12	11	22	11	12	21	22	21	12	12	21	21	12	22	12	11	11	22	11	12	22	22	12	22	22	22	21	22	12	21	12	12	12	12	21	22
155	0	18.881	33.569	12	12	11	21	11	11	12	12	12	12	21	12	21	21	11	22	21	22	22	12	22	21	12	12	11	21	22	12	11	11	12	12	22	11	11	11	12	22	22	21	22	11	11	11	22	22	12	22	12	22	21	21	12	11	22	11	12	21	22	21	12	12	21	21	12	22	12	11	11	22	11	12	21	22	12	22	22	22	21	22	12	21	12	12	12	12	21	22
154	0	18.881	34.746	12	12	11	21	11	11	12	12	12	12	21	12	21	21	12	22	21	22	22	12	22	21	12	12	11	21	22	12	11	11	12	12	22	11	11	11	12	22	22	21	22	11	11	11	22	22	12	22	12	22	21	21	12	11	22	11	12	21	22	21	12	12	21	21	12	22	12	11	11	22	11	12	21	22	12	22	22	22	21	22	12	21	12	12	12	12	21	22
152	0	18.881	35.922	12	12	11	21	11	11	12	12	12	12	21	12	21	21	12	22	21	22	22	12	22	21	12	12	11	21	22	12	11	11	12	12	22	11	11	11	12	22	22	21	22	11	11	11	22	22	12	22	12	22	21	21	12	11	22	11	12	21	22	21	12	12	21	21	12	22	12	11	11	22	11	12	21	22	12	22	22	21	21	22	12	21	12	12	12	12	21	22
146	0	20.058	38.304	12	12	11	21	11	11	12	12	12	12	21	12	21	21	12	22	21	22	22	12	22	11	12	12	11	21	22	12	11	11	12	12	22	11	11	11	12	22	22	21	22	12	11	11	22	22	12	22	12	22	21	21	12	11	22	11	12	21	22	21	12	12	21	21	12	22	12	11	11	21	11	12	21	22	12	22	22	21	21	22	12	21	12	12	12	12	21	22
135	0	20.058	38.304	12	12	11	21	11	11	12	12	12	12	21	12	21	21	12	22	21	22	22	12	22	11	12	12	11	21	22	12	11	11	12	12	22	11	11	11	12	22	22	21	22	12	11	11	22	22	12	22	12	22	21	21	12	11	22	11	12	21	22	21	12	12	21	21	12	22	12	11	11	21	11	12	21	22	12	22	22	21	21	22	12	21	12	12	12	12	21	22
149	0	21.234	38.304	12	12	11	11	11	11	12	12	12	12	21	12	21	21	12	22	21	22	22	12	22	11	12	12	11	21	22	12	11	11	12	12	22	11	11	11	12	22	22	21	22	12	11	11	22	22	12	22	12	22	21	21	12	11	22	11	12	21	22	21	12	12	21	21	12	22	12	11	11	21	11	12	21	22	12	22	22	21	21	22	12	21	12	12	12	12	21	22
142	0	21.234	38.304	12	12	11	11	11	11	12	12	12	12	21	12	21	21	12	22	21	22	22	12	22	11	12	12	11	21	22	12	11	11	12	12	22	11	11	11	12	22	22	21	22	12	11	11	22	22	12	22	12	22	21	21	12	11	22	11	12	21	22	21	12	12	21	21	12	22	12	11	11	21	11	12	21	22	12	22	22	21	21	22	12	21	12	12	12	12	21	22
151	0	21.234	38.304	12	12	11	11	11	11	12	12	12	12	21	12	21	21	12	22	21	22	22	12	22	11	12	12	11	21	22	12	11	11	12	12	22	11	11	11	12	22	22	21	22	12	11	11	22	22	12	22	12	22	21	21	12	11	22	11	12	21	22	21	12	12	21	21	12	22	12	11	11	21	11	12	21	22	12	22	22	21	21	22	12	21	12	12	12	12	21	22
147	0	21.234	38.304	12	12	11	11	11	11	12	12	12	12	21	12	21	21	12	22	21	22	22	12	22	11	12	12	11	21	22	12	11	11	12	12	22	11	11	11	12	22	22	21	22	12	11	11	22	22	12	22	12	22	21	21	12	11	22	11	12	21	22	21	12	12	21	21	12	22	12	11	11	21	11	12	21	22	12	22	22	21	21	22	12	21	12	12	12	12	21	22
148	0	21.234	38.304	12	12	11	11	11	11	12	12	12	12	21	12	21	21	12	22	21	22	22	12	22	11	12	12	11	21	22	12	11	11	12	12	22	11	11	11	12	22	22	21	22	12	11	11	22	22	12	22	12	22	21	21	12	11	22	11	12	21	22	21	12	12	21	21	12	22	12	11	11	21	11	12	21	22	12	22	22	21	21	22	12	21	12	12	12	12	21	22
150	0	21.234	38.304	12	12	11	11	11	11	12	12	12	12	21	12	21	21	12	22	21	22	22	12	22	11	12	12	11	21	22	12	11	11	12	12	22	11	11	11	12	22	22	21	22	12	11	11	22	22	12	22	12	22	21	21	12	11	22	11	12	21	22	21	12	12	21	21	12	22	12	11	11	21	11	12	21	22	12	22	22	21	21	22	12	21	12	12	12	12	21	22
143	0	21.234	38.304	12	12	11	11	11	11	12	12	12	12	21	12	21	21	12	22	21	22	22	12	22	11	12	12	11	21	22	12	11	11	12	12	22	11	11	11	12	22	22	21	22	12	11	11	22	22	12	22	12	22	21	21	12	11	22	11	12	21	22	21	12	12	21	21	12	22	12	11	11	21	11	12	21	22	12	22	22	21	21	22	12	21	12	12	12	12	21	22
144	0	21.234	38.304	12	12	11	11	11	11	12	12	12	12	21	12	21	21	12	22	21	22	22	12	22	11	12	12	11	21	22	12	11	11	12	12	22	11	11	11	12	22	22	21	22	12	11	11	22	22	12	22	12	22	21	21	12	11	22	11	12	21	22	21	12	12	21	21	12	22	12	11	11	21	11	12	21	22	12	22	22	21	21	22	12	21	12	12	12	12	21	22
145	0	21.234	39.480	12	12	11	11	11	11	12	12	12	12	21	12	21	21	12	22	21	22	22	12	22	11	12	12	11	21	22	12	11	11	12	12	22	11	11	11	12	22	22	21	22	12	11	11	22	22	12	22	12	22	21	21	12	11	22	11	12	21	22	21	12	12	21	21	12	22	12	11	11	21	11	12	21	22	12	22	22	21	21	21	12	21	12	12	12	12	21	22
136	0	21.234	39.480	12	12	11	11	11	11	12	12	12	12	21	12	21	21	12	22	21	22	22	12	22	11	12	12	11	21	22	12	11	11	12	12	22	11	11	11	12	22	22	21	22	12	11	11	22	22	12	22	12	22	21	21	12	11	22	11	12	21	22	21	12	12	21	21	12	22	12	11	11	21	11	12	21	22	12	22	22	21	21	21	12	21	12	12	12	12	21	22
140	0	21.234	39.480	12	12	11	11	11	11	12	12	12	12	21	12	21	21	12	22	21	22	22	12	22	11	12	12	11	21	22	12	11	11	12	12	22	11	11	11	12	22	22	21	22	12	11	11	22	22	12	22	12	22	21	21	12	11	22	11	12	21	22	21	12	12	21	21	12	22	12	11	11	21	11	12	21	22	12	22	22	21	21	21	12	21	12	12	12	12	21	22
141	0	21.234	39.480	12	12	11	11	11	11	12	12	12	12	21	12	21	21	12	22	21	22	22	12	22	11	12	12	11	21	22	12	11	11	12	12	22	11	11	11	12	22	22	21	22	12	11	11	22	22	12	22	12	22	21	21	12	11	22	11	12	21	22	21	12	12	21	21	12	22	12	11	11	21	11	12	21	22	12	22	22	21	21	21	12	21	12	12	12	12	21	22
137	0	21.234	39.480	12	12	11	11	11	11	12	12	12	12	21	12	21	21	12	22	21	22	22	12	22	11	12	12	11	21	22	12	11	11	12	12	22	11	11	11	12	22	22	21	22	12	11	11	22	22	12	22	12	22	21	21	12	11	22	11	12	21	22	21	12	12	21	21	12	22	12	11	11	21	11	12	21	22	12	22	22	21	21	21	12	21	12	12	12	12	21	22
139	0	21.234	39.480	12	12	11	11	11	11	12	12	12	12	21	12	21	21	12	22	21	22	22	12	22	11	12	12	11	21	22	12	11	11	12	12	22	11	11	11	12	22	22	21	22	12	11	11	22	22	12	22	12	22	21	21	12	11	22	11	12	21	22	21	12	12	21	21	12	22	12	11	11	21	11	12	21	22	12	22	22	21	21	21	12	21	12	12	12	12	21	22
138	0	21.234	39.480	12	12	11	11	11	11	12	12	12	12	21	12	21	21	12	22	21	22	22	12	22	11	12	12	11	21	22	12	11	11	12	12	22	11	11	11	12	22	22	21	22	12	11	11	22	22	12	22	12	22	21	21	12	11	22	11	12	21	22	21	12	12	21	21	12	22	12	11	11	21	11	12	21	22	12	22	22	21	21	21	12	21	12	12	12	12	21	22
131	0	22.411	43.096	12	12	11	11	11	11	12	12	12	12	21	12	21	21	12	22	21	22	21	12	21	11	12	12	11	21	22	12	11	11	12	12	22	11	11	11	12	22	22	21	22	12	12	11	22	22	12	22	12	22	21	11	12	11	22	11	12	21	22	21	12	12	21	21	12	22	12	11	11	21	11	12	21	22	12	22	22	21	21	21	12	21	12	12	12	12	21	22
129	0	22.411	43.096	12	12	11	11	11	11	12	12	12	12	21	12	21	21	12	22	21	22	21	12	21	11	12	12	11	21	22	12	11	11	12	12	22	11	11	11	12	22	22	21	22	12	12	11	22	22	12	22	12	22	21	11	12	11	22	11	12	21	22	21	12	12	21	21	12	22	12	11	11	21	11	12	21	22	12	22	22	21	21	21	12	21	12	12	12	12	21	22
124	0	22.411	43.096	12	12	11	11	11	11	12	12	12	12	21	12	21	21	12	22	21	22	21	12	21	11	12	12	11	21	22	12	11	11	12	12	22	11	11	11	12	22	22	21	22	12	12	11	22	22	12	22	12	22	21	11	12	11	22	11	12	21	22	21	12	12	21	21	12	22	12	11	11	21	11	12	21	22	12	22	22	21	21	21	12	21	12	12	12	12	21	22
121	0	22.411	43.096	12	12	11	11	11	11	12	12	12	12	21	12	21	21	12	22	21	22	21	12	21	11	12	12	11	21	22	12	11	11	12	12	22	11	11	11	12	22	22	21	22	12	12	11	22	22	12	22	12	22	21	11	12	11	22	11	12	21	22	21	12	12	21	21	12	22	12	11	11	21	11	12	21	22	12	22	22	21	21	21	12	21	12	12	12	12	21	22
130	0	22.411	43.096	12	12	11	11	11	11	12	12	12	12	21	12	21	21	12	22	21	22	21	12	21	11	12	12	11	21	22	12	11	11	12	12	22	11	11	11	12	22	22	21	22	12	12	11	22	22	12	22	12	22	21	11	12	11	22	11	12	21	22	21	12	12	21	21	12	22	12	11	11	21	11	12	21	22	12	22	22	21	21	21	12	21	12	12	12	12	21	22
120	0	22.411	44.273	12	12	11	11	11	11	12	12	12	12	21	12	21	21	12	22	21	22	21	12	21	11	12	12	11	21	22	12	11	11	12	12	22	11	11	11	12	22	22	21	22	12	12	11	22	22	12	22	12	22	21	11	12	11	22	11	12	21	22	21	12	12	21	21	12	22	12	11	11	21	11	12	21	22	12	22	22	21	21	22	12	21	12	12	12	12	21	22
119	0	22.411	44.273	12	12	11	11	11	11	12	12	12	12	21	12	21	21	12	22	21	22	21	12	21	11	12	12	11	21	22	12	11	11	12	12	22	11	11	11	12	22	22	21	22	12	12	11	22	22	12	22	12	22	21	11	12	11	22	11	12	21	22	21	12	12	21	21	12	22	12	11	11	21	11	12	21	22	12	22	22	21	21	22	12	21	12	12	12	12	21	22
123	0	22.411	44.273	12	12	11	11	11	11	12	12	12	12	21	12	21	21	12	22	21	22	21	12	21	11	12	12	11	21	22	12	11	11	12	12	22	11	11	11	12	22	22	21	22	12	12	11	22	22	12	22	12	22	21	11	12	11	22	11	12	21	22	21	12	12	21	21	12	22	12	11	11	21	11	12	21	22	12	22	22	21	21	22	12	21	12	12	12	12	21	22
105	0	22.411	44.273	12	12	11	11	11	11	12	12	12	12	21	12	21	21	12	22	21	22	21	12	21	11	12	12	11	21	22	12	11	11	12	12	22	11	11	11	12	22	22	21	22	12	12	11	22	22	12	22	12	22	21	11	12	11	22	11	12	21	22	21	12	12	21	21	12	22	12	11	11	21	11	12	21	22	12	22	22	21	21	22	12	21	12	12	12	12	21	22
126	0	22.411	44.273	12	12	11	11	11	11	12	12	12	12	21	12	21	21	12	22	21	22	21	12	21	11	12	12	11	21	22	12	11	11	12	12	22	11	11	11	12	22	22	21	22	12	12	11	22	22	12	22	12	22	21	11	12	11	22	11	12	21	22	21	12	12	21	21	12	22	12	11	11	21	11	12	21	22	12	22	22	21	21	22	12	21	12	12	12	12	21	22
132	0	22.411	44.273	12	12	11	11	11	11	12	12	12	12	21	12	21	21	12	22	21	22	21	12	21	11	12	12	11	21	22	12	11	11	12	12	22	11	11	11	12	22	22	21	22	12	12	11	22	22	12	22	12	22	21	11	12	11	22	11	12	21	22	21	12	12	21	21	12	22	12	11	11	21	11	12	21	22	12	22	22	21	21	22	12	21	12	12	12	12	21	22
128	0	22.411	44.273	12	12	11	11	11	11	12	12	12	12	21	12	21	21	12	22	21	22	21	12	21	11	12	12	11	21	22	12	11	11	12	12	22	11	11	11	12	22	22	21	22	12	12	11	22	22	12	22	12	22	21	11	12	11	22	11	12	21	22	21	12	12	21	21	12	22	12	11	11	21	11	12	21	22	12	22	22	21	21	22	12	21	12	12	12	12	21	22
122	0	22.411	44.273	12	12	11	11	11	11	12	12	12	12	21	12	21	21	12	22	21	22	21	12	21	11	12	12	11	21	22	12	11	11	12	12	22	11	11	11	12	22	22	21	22	12	12	11	22	22	12	22	12	22	21	11	12	11	22	11	12	21	22	21	12	12	21	21	12	22	12	11	11	21	11	12	21	22	12	22	22	21	21	22	12	21	12	12	12	12	21	22
125	0	22.411	44.273	12	12	11	11	11	11	12	12	12	12	21	12	21	21	12	22	21	22	21	12	21	11	12	12	11	21	22	12	11	11	12	12	22	11	11	11	12	22	22	21	22	12	12	11	22	22	12	22	12	22	21	11	12	11	22	11	12	21	22	21	12	12	21	21	12	22	12	11	11	21	11	12	21	22	12	22	22	21	21	22	12	21	12	12	12	12	21	22
133	0	22.411	44.273	12	12	11	11	11	11	12	12	12	12	21	12	21	21	12	22	21	22	21	12	21	11	12	12	11	21	22	12	11	11	12	12	22	11	11	11	12	22	22	21	22	12	12	11	22	22	12	22	12	22	21	11	12	11	22	11	12	21	22	21	12	12	21	21	12	22	12	11	11	21	11	12	21	22	12	22	22	21	21	22	12	21	12	12	12	12	21	22
127	0	22.411	44.273	12	12	11	11	11	11	12	12	12	12	21	12	21	21	12	22	21	22	21	12	21	11	12	12	11	21	22	12	11	11	12	12	22	11	11	11	12	22	22	21	22	12	12	11	22	22	12	22	12	22	21	11	12	11	22	11	12	21	22	21	12	12	21	21	12	22	12	11	11	21	11	12	21	22	12	22	22	21	21	22	12	21	12	12	12	12	21	22
134	0	22.411	44.273	12	12	11	11	11	11	12	12	12	12	21	12	21	21	12	22	21	22	21	12	21	11	12	12	11	21	22	12	11	11	12	12	22	11	11	11	12	22	22	21	22	12	12	11	22	22	12	22	12	22	21	11	12	11	22	11	12	21	22	21	12	12	21	21	12	22	12	11	11	21	11	12	21	22	12	22	22	21	21	22	12	21	12	12	12	12	21	22
114	0	23.587	45.449	12	12	11	11	11	11	12	12	12	12	21	12	21	21	12	22	21	22	21	12	21	11	12	12	11	21	22	12	11	11	12	12	22	11	11	11	12	22	22	21	22	12	12	11	22	22	12	21	12	22	21	11	12	11	22	11	12	21	22	21	12	12	11	21	12	22	12	11	11	21	11	12	21	22	12	22	22	21	21	22	12	21	12	12	12	12	21	22
112	0	23.587	45.449	12	12	11	11	11	11	12	12	12	12	21	12	21	21	12	22	21	22	21	12	21	11	12	12	11	21	22	12	11	11	12	12	22	11	11	11	12	22	22	21	22	12	12	11	22	22	12	21	12	22	21	11	12	11	22	11	12	21	22	21	12	12	11	21	12	22	12	11	11	21	11	12	21	22	12	22	22	21	21	22	12	21	12	12	12	12	21	22
118	0	23.587	45.449	12	12	11	11	11	11	12	12	12	12	21	12	21	21	12	22	21	22	21	12	21	11	12	12	11	21	22	12	11	11	12	12	22	11	11	11	12	22	22	21	22	12	12	11	22	22	12	21	12	22	21	11	12	11	22	11	12	21	22	21	12	12	11	21	12	22	12	11	11	21	11	12	21	22	12	22	22	21	21	22	12	21	12	12	12	12	21	22
117	0	23.587	45.449	12	12	11	11	11	11	12	12	12	12	21	12	21	21	12	22	21	22	21	12	21	11	12	12	11	21	22	12	11	11	12	12	22	11	11	11	12	22	22	21	22	12	12	11	22	22	12	21	12	22	21	11	12	11	22	11	12	21	22	21	12	12	11	21	12	22	12	11	11	21	11	12	21	22	12	22	22	21	21	22	12	21	12	12	12	12	21	22
113	0	23.587	45.449	12	12	11	11	11	11	12	12	12	12	21	12	21	21	12	22	21	22	21	12	21	11	12	12	11	21	22	12	11	11	12	12	22	11	11	11	12	22	22	21	22	12	12	11	22	22	12	21	12	22	21	11	12	11	22	11	12	21	22	21	12	12	11	21	12	22	12	11	11	21	11	12	21	22	12	22	22	21	21	22	12	21	12	12	12	12	21	22
111	0	23.587	45.449	12	12	11	11	11	11	12	12	12	12	21	12	21	21	12	22	21	22	21	12	21	11	12	12	11	21	22	12	11	11	12	12	22	11	11	11	12	22	22	21	22	12	12	11	22	22	12	21	12	22	21	11	12	11	22	11	12	21	22	21	12	12	11	21	12	22	12	11	11	21	11	12	21	22	12	22	22	21	21	22	12	21	12	12	12	12	21	22
108	0	23.587	46.626	12	12	11	11	11	11	12	12	12	12	21	12	21	21	12	22	21	22	21	12	21	11	12	12	11	21	22	12	11	11	12	12	22	11	11	11	12	22	22	21	22	12	12	11	22	22	12	21	12	22	21	11	12	11	22	11	12	21	22	21	12	12	12	21	12	22	12	11	11	21	11	12	21	22	12	22	22	21	21	22	12	21	12	12	12	12	21	22
106	0	23.587	46.626	12	12	11	11	11	11	12	12	12	12	21	12	21	21	12	22	21	22	21	12	21	11	12	12	11	21	22	12	11	11	12	12	22	11	11	11	12	22	22	21	22	12	12	11	22	22	12	21	12	22	21	11	12	11	22	11	12	21	22	21	12	12	12	21	12	22	12	11	11	21	11	12	21	22	12	22	22	21	21	22	12	21	12	12	12	12	21	22
107	0	23.587	46.626	12	12	11	11	11	11	12	12	12	12	21	12	21	21	12	22	21	22	21	12	21	11	12	12	11	21	22	12	11	11	12	12	22	11	11	11	12	22	22	21	22	12	12	11	22	22	12	21	12	22	21	11	12	11	22	11	12	21	22	21	12	12	12	21	12	22	12	11	11	21	11	12	21	22	12	22	22	21	21	22	12	21	12	12	12	12	21	22
109	0	23.587	47.802	12	12	11	11	11	11	12	12	12	12	21	12	21	22	12	22	21	22	21	12	21	11	12	12	11	21	22	12	11	11	12	12	22	11	11	11	12	22	22	21	22	12	12	11	22	22	12	21	12	22	21	11	12	11	22	11	12	21	22	21	12	12	12	21	12	22	12	11	11	21	11	12	21	22	12	22	22	21	21	22	12	21	12	12	12	12	21	22
115	0	24.764	47.802	12	12	11	11	11	11	12	12	12	12	21	12	21	22	12	22	21	22	21	12	21	11	12	12	11	21	22	12	11	11	12	12	22	11	11	11	12	22	22	21	22	12	12	11	22	22	12	21	12	22	21	11	12	11	22	11	12	21	22	21	12	22	12	21	12	22	12	11	11	21	11	12	21	22	12	22	22	21	21	22	12	21	12	12	12	12	21	22
110	0	24.764	47.802	12	12	11	11	11	11	12	12	12	12	21	12	21	22	12	22	21	22	21	12	21	11	12	12	11	21	22	12	11	11	12	12	22	11	11	11	12	22	22	21	22	12	12	11	22	22	12	21	12	22	21	11	12	11	22	11	12	21	22	21	12	22	12	21	12	22	12	11	11	21	11	12	21	22	12	22	22	21	21	22	12	21	12	12	12	12	21	22
116	0	24.764	47.802	12	12	11	11	11	11	12	12	12	12	21	12	21	22	12	22	21	22	21	12	21	11	12	12	11	21	22	12	11	11	12	12	22	11	11	11	12	22	22	21	22	12	12	11	22	22	12	21	12	22	21	11	12	11	22	11	12	21	22	21	12	22	12	21	12	22	12	11	11	21	11	12	21	22	12	22	22	21	21	22	12	21	12	12	12	12	21	22
103	0	25.940	47.802	12	12	11	11	11	11	22	12	12	12	21	12	21	22	12	22	21	22	21	12	21	11	12	12	11	21	22	12	11	11	12	12	22	11	11	11	12	22	22	21	22	12	12	11	22	22	12	21	12	22	21	11	12	11	22	11	12	21	22	21	12	22	12	21	12	22	12	11	11	21	11	12	21	22	12	22	22	21	21	22	12	21	12	12	12	12	21	22
104	0	25.940	47.802	12	12	11	11	11	11	22	12	12	12	21	12	21	22	12	22	21	22	21	12	21	11	12	12	11	21	22	12	11	11	12	12	22	11	11	11	12	22	22	21	22	12	12	11	22	22	12	21	12	22	21	11	12	11	22	11	12	21	22	21	12	22	12	21	12	22	12	11	11	21	11	12	21	22	12	22	22	21	21	22	12	21	12	12	12	12	21	22
102	0	25.940	48.979	12	12	11	11	11	11	22	12	12	12	21	12	21	22	12	22	21	22	21	12	21	11	12	12	11	21	22	12	12	11	12	12	22	11	11	11	12	22	22	21	22	12	12	11	22	22	12	21	12	22	21	11	12	11	22	11	12	21	22	21	12	22	12	21	12	22	12	11	11	21	11	12	21	22	12	22	22	21	21	22	12	21	12	12	12	12	21	22
101	0	25.940	48.979	12	12	11	11	11	11	22	12	12	12	21	12	21	22	12	22	21	22	21	12	21	11	12	12	11	21	22	12	12	11	12	12	22	11	11	11	12	22	22	21	22	12	12	11	22	22	12	21	12	22	21	11	12	11	22	11	12	21	22	21	12	22	12	21	12	22	12	11	11	21	11	12	21	22	12	22	22	21	21	22	12	21	12	12	12	12	21	22
98	0	25.940	48.979	12	12	11	11	11	11	22	12	12	12	21	12	21	22	12	22	21	22	21	12	21	11	12	12	11	21	22	12	12	11	12	12	22	11	11	11	12	22	22	21	22	12	12	11	22	22	12	21	12	22	21	11	12	11	22	11	12	21	22	21	12	22	12	21	12	22	12	11	11	21	11	12	21	22	12	22	22	21	21	22	12	21	12	12	12	12	21	22
99	0	25.940	48.979	12	12	11	11	11	11	22	12	12	12	21	12	21	22	12	22	21	22	21	12	21	11	12	12	11	21	22	12	12	11	12	12	22	11	11	11	12	22	22	21	22	12	12	11	22	22	12	21	12	22	21	11	12	11	22	11	12	21	22	21	12	22	12	21	12	22	12	11	11	21	11	12	21	22	12	22	22	21	21	22	12	21	12	12	12	12	21	22
100	0	25.940	48.979	12	12	11	11	11	11	22	12	12	12	21	12	21	22	12	22	21	22	21	12	21	11	12	12	11	21	22	12	12	11	12	12	22	11	11	11	12	22	22	21	22	12	12	11	22	22	12	21	12	22	21	11	12	11	22	11	12	21	22	21	12	22	12	21	12	22	12	11	11	21	11	12	21	22	12	22	22	21	21	22	12	21	12	12	12	12	21	22
97	0	27.117	48.979	12	12	11	11	11	11	22	12	12	12	21	12	21	12	12	22	21	22	21	12	21	11	12	12	11	21	22	12	12	11	12	12	22	11	11	11	12	22	22	21	22	12	12	11	22	22	12	21	12	22	21	11	12	11	22	11	12	21	22	21	12	22	12	21	12	22	12	11	11	21	11	12	21	22	12	22	22	21	21	22	12	21	12	12	12	12	21	22
94	0	27.117	48.979	12	12	11	11	11	11	22	12	12	12	21	12	21	12	12	22	21	22	21	12	21	11	12	12	11	21	22	12	12	11	12	12	22	11	11	11	12	22	22	21	22	12	12	11	22	22	12	21	12	22	21	11	12	11	22	11	12	21	22	21	12	22	12	21	12	22	12	11	11	21	11	12	21	22	12	22	22	21	21	22	12	21	12	12	12	12	21	22
95	0	27.117	48.979	12	12	11	11	11	11	22	12	12	12	21	12	21	12	12	22	21	22	21	12	21	11	12	12	11	21	22	12	12	11	12	12	22	11	11	11	12	22	22	21	22	12	12	11	22	22	12	21	12	22	21	11	12	11	22	11	12	21	22	21	12	22	12	21	12	22	12	11	11	21	11	12	21	22	12	22	22	21	21	22	12	21	12	12	12	12	21	22
93	0	27.117	48.979	12	12	11	11	11	11	22	12	12	12	21	12	21	12	12	22	21	22	21	12	21	11	12	12	11	21	22	12	12	11	12	12	22	11	11	11	12	22	22	21	22	12	12	11	22	22	12	21	12	22	21	11	12	11	22	11	12	21	22	21	12	22	12	21	12	22	12	11	11	21	11	12	21	22	12	22	22	21	21	22	12	21	12	12	12	12	21	22
96	0	27.117	48.979	12	12	11	11	11	11	22	12	12	12	21	12	21	12	12	22	21	22	21	12	21	11	12	12	11	21	22	12	12	11	12	12	22	11	11	11	12	22	22	21	22	12	12	11	22	22	12	21	12	22	21	11	12	11	22	11	12	21	22	21	12	22	12	21	12	22	12	11	11	21	11	12	21	22	12	22	22	21	21	22	12	21	12	12	12	12	21	22
91	0	27.117	51.360	12	12	11	11	11	11	22	12	12	12	21	12	21	12	12	21	21	22	21	12	21	11	12	12	11	21	22	12	12	11	12	12	22	11	11	11	12	22	22	21	22	12	12	11	22	22	12	21	12	22	21	11	12	11	22	11	12	21	22	21	12	22	12	21	12	22	12	11	11	21	11	12	21	22	12	22	22	21	21	22	12	21	12	12	12	11	21	22
92	0	27.117	51.360	12	12	11	11	11	11	22	12	12	12	21	12	21	12	12	21	21	22	21	12	21	11	12	12	11	21	22	12	12	11	12	12	22	11	11	11	12	22	22	21	22	12	12	11	22	22	12	21	12	22	21	11	12	11	22	11	12	21	22	21	12	22	12	21	12	22	12	11	11	21	11	12	21	22	12	22	22	21	21	22	12	21	12	12	12	11	21	22
90	0	27.117	51.360	12	12	11	11	11	11	22	12	12	12	21	12	21	12	12	21	21	22	21	12	21	11	12	12	11	21	22	12	12	11	12	12	22	11	11	11	12	22	22	21	22	12	12	11	22	22	12	21	12	22	21	11	12	11	22	11	12	21	22	21	12	22	12	21	12	22	12	11	11	21	11	12	21	22	12	22	22	21	21	22	12	21	12	12	12	11	21	22
88	0	30.733	52.537	12	12	11	11	11	11	22	12	12	12	21	12	21	12	12	11	21	22	21	12	21	11	12	12	11	21	22	12	12	11	12	12	22	11	11	11	12	22	22	21	22	12	12	11	22	12	12	21	12	22	21	11	12	11	22	11	12	21	22	21	12	22	12	21	12	22	12	11	11	21	11	12	21	22	12	22	22	21	21	22	12	22	12	12	12	11	21	12
84	0	30.733	52.537	12	12	11	11	11	11	22	12	12	12	21	12	21	12	12	11	21	22	21	12	21	11	12	12	11	21	22	12	12	11	12	12	22	11	11	11	12	22	22	21	22	12	12	11	22	12	12	21	12	22	21	11	12	11	22	11	12	21	22	21	12	22	12	21	12	22	12	11	11	21	11	12	21	22	12	22	22	21	21	22	12	22	12	12	12	11	21	12
89	0	30.733	53.713	12	12	11	11	11	11	22	12	12	12	21	12	21	12	12	11	21	22	21	12	21	11	12	12	11	21	22	12	12	11	12	12	22	11	11	11	12	22	22	22	22	12	12	11	22	12	12	21	12	22	21	11	12	11	22	11	12	21	22	21	12	22	12	21	12	22	12	11	11	21	11	12	21	22	12	22	22	21	21	22	12	22	12	12	12	11	21	12
87	0	30.733	53.713	12	12	11	11	11	11	22	12	12	12	21	12	21	12	12	11	21	22	21	12	21	11	12	12	11	21	22	12	12	11	12	12	22	11	11	11	12	22	22	22	22	12	12	11	22	12	12	21	12	22	21	11	12	11	22	11	12	21	22	21	12	22	12	21	12	22	12	11	11	21	11	12	21	22	12	22	22	21	21	22	12	22	12	12	12	11	21	12
83	0	30.733	54.890	12	12	11	11	11	11	22	12	12	12	21	12	21	12	12	11	21	22	21	12	21	11	12	12	11	21	22	12	12	11	12	12	22	11	11	11	12	22	22	22	22	12	12	11	22	12	12	21	12	22	22	11	12	11	22	11	12	21	22	21	12	22	12	21	12	22	12	11	11	21	11	12	21	22	12	22	22	21	21	22	12	22	12	12	12	11	21	12
82	0	30.733	54.890	12	12	11	11	11	11	22	12	12	12	21	12	21	12	12	11	21	22	21	12	21	11	12	12	11	21	22	12	12	11	12	12	22	11	11	11	12	22	22	22	22	12	12	11	22	12	12	21	12	22	22	11	12	11	22	11	12	21	22	21	12	22	12	21	12	22	12	11	11	21	11	12	21	22	12	22	22	21	21	22	12	22	12	12	12	11	21	12
81	0	30.733	54.890	12	12	11	11	11	11	22	12	12	12	21	12	21	12	12	11	21	22	21	12	21	11	12	12	11	21	22	12	12	11	12	12	22	11	11	11	12	22	22	22	22	12	12	11	22	12	12	21	12	22	22	11	12	11	22	11	12	21	22	21	12	22	12	21	12	22	12	11	11	21	11	12	21	22	12	22	22	21	21	22	12	22	12	12	12	11	21	12
78	0	31.909	54.890	12	12	11	11	11	11	22	12	12	12	21	12	21	12	12	11	21	22	21	12	21	11	12	12	11	21	22	12	12	11	12	12	22	11	11	11	12	22	22	22	22	12	12	11	22	12	12	21	12	22	12	11	12	11	22	11	12	21	22	21	12	22	12	21	12	22	12	11	11	21	11	12	21	22	12	22	22	21	21	22	12	22	12	12	12	11	21	12
79	0	31.909	54.890	12	12	11	11	11	11	22	12	12	12	21	12	21	12	12	11	21	22	21	12	21	11	12	12	11	21	22	12	12	11	12	12	22	11	11	11	12	22	22	22	22	12	12	11	22	12	12	21	12	22	12	11	12	11	22	11	12	21	22	21	12	22	12	21	12	22	12	11	11	21	11	12	21	22	12	22	22	21	21	22	12	22	12	12	12	11	21	12
80	0	31.909	54.890	12	12	11	11	11	11	22	12	12	12	21	12	21	12	12	11	21	22	21	12	21	11	12	12	11	21	22	12	12	11	12	12	22	11	11	11	12	22	22	22	22	12	12	11	22	12	12	21	12	22	12	11	12	11	22	11	12	21	22	21	12	22	12	21	12	22	12	11	11	21	11	12	21	22	12	22	22	21	21	22	12	22	12	12	12	11	21	12
86	0	31.909	54.890	12	12	11	11	11	11	22	12	12	12	21	12	21	12	12	11	21	22	21	12	21	11	12	12	11	21	22	12	12	11	12	12	22	11	11	11	12	22	22	22	22	12	12	11	22	12	12	21	12	22	12	11	12	11	22	11	12	21	22	21	12	22	12	21	12	22	12	11	11	21	11	12	21	22	12	22	22	21	21	22	12	22	12	12	12	11	21	12
85	0	31.909	54.890	12	12	11	11	11	11	22	12	12	12	21	12	21	12	12	11	21	22	21	12	21	11	12	12	11	21	22	12	12	11	12	12	22	11	11	11	12	22	22	22	22	12	12	11	22	12	12	21	12	22	12	11	12	11	22	11	12	21	22	21	12	22	12	21	12	22	12	11	11	21	11	12	21	22	12	22	22	21	21	22	12	22	12	12	12	11	21	12
75	0	31.909	56.066	12	12	11	11	11	11	22	12	12	12	21	12	21	12	12	11	21	22	21	12	21	11	12	12	11	21	22	12	12	11	12	12	22	11	11	11	12	22	22	22	22	12	12	11	22	12	12	21	12	22	12	11	12	11	22	11	12	21	22	21	12	22	12	21	12	22	12	11	11	21	11	12	21	21	12	22	22	21	21	22	12	22	12	12	12	11	21	12
76	0	31.909	56.066	12	12	11	11	11	11	22	12	12	12	21	12	21	12	12	11	21	22	21	12	21	11	12	12	11	21	22	12	12	11	12	12	22	11	11	11	12	22	22	22	22	12	12	11	22	12	12	21	12	22	12	11	12	11	22	11	12	21	22	21	12	22	12	21	12	22	12	11	11	21	11	12	21	21	12	22	22	21	21	22	12	22	12	12	12	11	21	12
73	0	31.909	56.066	12	12	11	11	11	11	22	12	12	12	21	12	21	12	12	11	21	22	21	12	21	11	12	12	11	21	22	12	12	11	12	12	22	11	11	11	12	22	22	22	22	12	12	11	22	12	12	21	12	22	12	11	12	11	22	11	12	21	22	21	12	22	12	21	12	22	12	11	11	21	11	12	21	21	12	22	22	21	21	22	12	22	12	12	12	11	21	12
71	0	33.086	56.066	12	12	11	11	11	11	22	12	12	12	21	12	21	12	12	11	21	22	21	12	21	11	12	12	11	21	22	12	12	11	12	12	22	11	11	11	12	22	22	12	22	12	12	11	22	12	12	21	12	22	12	11	12	11	22	11	12	21	22	21	12	22	12	21	12	22	12	11	11	21	11	12	21	21	12	22	22	21	21	22	12	22	12	12	12	11	21	12
70	0	33.086	56.066	12	12	11	11	11	11	22	12	12	12	21	12	21	12	12	11	21	22	21	12	21	11	12	12	11	21	22	12	12	11	12	12	22	11	11	11	12	22	22	12	22	12	12	11	22	12	12	21	12	22	12	11	12	11	22	11	12	21	22	21	12	22	12	21	12	22	12	11	11	21	11	12	21	21	12	22	22	21	21	22	12	22	12	12	12	11	21	12
72	0	33.086	56.066	12	12	11	11	11	11	22	12	12	12	21	12	21	12	12	11	21	22	21	12	21	11	12	12	11	21	22	12	12	11	12	12	22	11	11	11	12	22	22	12	22	12	12	11	22	12	12	21	12	22	12	11	12	11	22	11	12	21	22	21	12	22	12	21	12	22	12	11	11	21	11	12	21	21	12	22	22	21	21	22	12	22	12	12	12	11	21	12
74	0	34.262	56.066	12	12	11	21	11	11	22	12	12	12	21	12	21	12	12	11	21	22	21	12	21	11	12	12	11	21	22	12	12	11	12	12	22	11	11	11	12	22	22	12	22	12	12	11	22	12	12	21	12	22	12	11	12	11	22	11	12	21	22	21	12	22	12	21	12	22	12	11	11	21	11	12	21	21	12	22	22	21	21	22	12	22	12	12	12	11	21	12
77	0	34.262	56.066	12	12	11	21	11	11	22	12	12	12	21	12	21	12	12	11	21	22	21	12	21	11	12	12	11	21	22	12	12	11	12	12	22	11	11	11	12	22	22	12	22	12	12	11	22	12	12	21	12	22	12	11	12	11	22	11	12	21	22	21	12	22	12	21	12	22	12	11	11	21	11	12	21	21	12	22	22	21	21	22	12	22	12	12	12	11	21	12
69	0	35.439	56.066	12	12	11	21	11	11	22	12	12	12	21	12	21	12	12	11	21	22	21	12	21	11	12	12	11	21	22	12	12	11	12	12	22	11	11	11	12	22	22	12	22	12	12	11	22	12	12	21	12	22	12	11	12	11	12	11	12	21	22	21	12	22	12	21	12	22	12	11	11	21	11	12	21	21	12	22	22	21	21	22	12	22	12	12	12	11	21	12
67	0	35.439	56.066	12	12	11	21	11	11	22	12	12	12	21	12	21	12	12	11	21	22	21	12	21	11	12	12	11	21	22	12	12	11	12	12	22	11	11	11	12	22	22	12	22	12	12	11	22	12	12	21	12	22	12	11	12	11	12	11	12	21	22	21	12	22	12	21	12	22	12	11	11	21	11	12	21	21	12	22	22	21	21	22	12	22	12	12	12	11	21	12
68	0	35.439	56.066	12	12	11	21	11	11	22	12	12	12	21	12	21	12	12	11	21	22	21	12	21	11	12	12	11	21	22	12	12	11	12	12	22	11	11	11	12	22	22	12	22	12	12	11	22	12	12	21	12	22	12	11	12	11	12	11	12	21	22	21	12	22	12	21	12	22	12	11	11	21	11	12	21	21	12	22	22	21	21	22	12	22	12	12	12	11	21	12
65	0	35.439	57.243	12	12	11	21	11	11	22	12	12	12	21	12	21	12	12	11	21	22	21	12	21	11	12	12	11	21	22	12	12	11	12	12	22	11	11	11	12	22	22	12	22	12	12	11	22	12	12	21	12	22	12	12	12	11	12	11	12	21	22	21	12	22	12	21	12	22	12	11	11	21	11	12	21	21	12	22	22	21	21	22	12	22	12	12	12	11	21	12
64	0	35.439	57.243	12	12	11	21	11	11	22	12	12	12	21	12	21	12	12	11	21	22	21	12	21	11	12	12	11	21	22	12	12	11	12	12	22	11	11	11	12	22	22	12	22	12	12	11	22	12	12	21	12	22	12	12	12	11	12	11	12	21	22	21	12	22	12	21	12	22	12	11	11	21	11	12	21	21	12	22	22	21	21	22	12	22	12	12	12	11	21	12
63	0	35.439	57.243	12	12	11	21	11	11	22	12	12	12	21	12	21	12	12	11	21	22	21	12	21	11	12	12	11	21	22	12	12	11	12	12	22	11	11	11	12	22	22	12	22	12	12	11	22	12	12	21	12	22	12	12	12	11	12	11	12	21	22	21	12	22	12	21	12	22	12	11	11	21	11	12	21	21	12	22	22	21	21	22	12	22	12	12	12	11	21	12
66	0	35.439	57.243	12	12	11	21	11	11	22	12	12	12	21	12	21	12	12	11	21	22	21	12	21	11	12	12	11	21	22	12	12	11	12	12	22	11	11	11	12	22	22	12	22	12	12	11	22	12	12	21	12	22	12	12	12	11	12	11	12	21	22	21	12	22	12	21	12	22	12	11	11	21	11	12	21	21	12	22	22	21	21	22	12	22	12	12	12	11	21	12
61	0	35.439	57.243	12	12	11	21	11	11	22	12	12	12	21	12	21	12	12	11	21	22	21	12	21	11	12	12	11	21	22	12	12	11	12	12	22	11	11	11	12	22	22	12	22	12	12	11	22	12	12	21	12	22	12	12	12	11	12	11	12	21	22	21	12	22	12	21	12	22	12	11	11	21	11	12	21	21	12	22	22	21	21	22	12	22	12	12	12	11	21	12
62	0	35.439	57.243	12	12	11	21	11	11	22	12	12	12	21	12	21	12	12	11	21	22	21	12	21	11	12	12	11	21	22	12	12	11	12	12	22	11	11	11	12	22	22	12	22	12	12	11	22	12	12	21	12	22	12	12	12	11	12	11	12	21	22	21	12	22	12	21	12	22	12	11	11	21	11	12	21	21	12	22	22	21	21	22	12	22	12	12	12	11	21	12
45	0	35.439	58.419	12	12	11	21	11	11	22	12	12	12	21	12	21	12	12	11	21	22	21	12	21	11	12	12	11	21	22	12	12	11	12	11	22	11	11	11	12	22	22	12	22	12	12	11	22	12	12	21	12	22	12	12	12	11	12	11	12	21	22	21	12	22	12	21	12	22	12	11	11	21	11	12	21	21	12	22	22	21	21	22	12	22	12	12	12	11	21	12
46	0	35.439	58.419	12	12	11	21	11	11	22	12	12	12	21	12	21	12	12	11	21	22	21	12	21	11	12	12	11	21	22	12	12	11	12	11	22	11	11	11	12	22	22	12	22	12	12	11	22	12	12	21	12	22	12	12	12	11	12	11	12	21	22	21	12	22	12	21	12	22	12	11	11	21	11	12	21	21	12	22	22	21	21	22	12	22	12	12	12	11	21	12
48	0	35.439	58.419	12	12	11	21	11	11	22	12	12	12	21	12	21	12	12	11	21	22	21	12	21	11	12	12	11	21	22	12	12	11	12	11	22	11	11	11	12	22	22	12	22	12	12	11	22	12	12	21	12	22	12	12	12	11	12	11	12	21	22	21	12	22	12	21	12	22	12	11	11	21	11	12	21	21	12	22	22	21	21	22	12	22	12	12	12	11	21	12
60	0	35.439	58.419	12	12	11	21	11	11	22	12	12	12	21	12	21	12	12	11	21	22	21	12	21	11	12	12	11	21	22	12	12	11	12	11	22	11	11	11	12	22	22	12	22	12	12	11	22	12	12	21	12	22	12	12	12	11	12	11	12	21	22	21	12	22	12	21	12	22	12	11	11	21	11	12	21	21	12	22	22	21	21	22	12	22	12	12	12	11	21	12
55	0	35.439	58.419	12	12	11	21	11	11	22	12	12	12	21	12	21	12	12	11	21	22	21	12	21	11	12	12	11	21	22	12	12	11	12	11	22	11	11	11	12	22	22	12	22	12	12	11	22	12	12	21	12	22	12	12	12	11	12	11	12	21	22	21	12	22	12	21	12	22	12	11	11	21	11	12	21	21	12	22	22	21	21	22	12	22	12	12	12	11	21	12
51	0	36.615	58.419	12	12	11	11	11	11	22	12	12	12	21	12	21	12	12	11	21	22	21	12	21	11	12	12	11	21	22	12	12	11	12	11	22	11	11	11	12	22	22	12	22	12	12	11	22	12	12	21	12	22	12	12	12	11	12	11	12	21	22	21	12	22	12	21	12	22	12	11	11	21	11	12	21	21	12	22	22	21	21	22	12	22	12	12	12	11	21	12
59	0	36.615	58.419	12	12	11	11	11	11	22	12	12	12	21	12	21	12	12	11	21	22	21	12	21	11	12	12	11	21	22	12	12	11	12	11	22	11	11	11	12	22	22	12	22	12	12	11	22	12	12	21	12	22	12	12	12	11	12	11	12	21	22	21	12	22	12	21	12	22	12	11	11	21	11	12	21	21	12	22	22	21	21	22	12	22	12	12	12	11	21	12
50	0	36.615	58.419	12	12	11	11	11	11	22	12	12	12	21	12	21	12	12	11	21	22	21	12	21	11	12	12	11	21	22	12	12	11	12	11	22	11	11	11	12	22	22	12	22	12	12	11	22	12	12	21	12	22	12	12	12	11	12	11	12	21	22	21	12	22	12	21	12	22	12	11	11	21	11	12	21	21	12	22	22	21	21	22	12	22	12	12	12	11	21	12
58	0	36.615	58.419	12	12	11	11	11	11	22	12	12	12	21	12	21	12	12	11	21	22	21	12	21	11	12	12	11	21	22	12	12	11	12	11	22	11	11	11	12	22	22	12	22	12	12	11	22	12	12	21	12	22	12	12	12	11	12	11	12	21	22	21	12	22	12	21	12	22	12	11	11	21	11	12	21	21	12	22	22	21	21	22	12	22	12	12	12	11	21	12
54	0	36.615	58.419	12	12	11	11	11	11	22	12	12	12	21	12	21	12	12	11	21	22	21	12	21	11	12	12	11	21	22	12	12	11	12	11	22	11	11	11	12	22	22	12	22	12	12	11	22	12	12	21	12	22	12	12	12	11	12	11	12	21	22	21	12	22	12	21	12	22	12	11	11	21	11	12	21	21	12	22	22	21	21	22	12	22	12	12	12	11	21	12
49	0	36.615	58.419	12	12	11	11	11	11	22	12	12	12	21	12	21	12	12	11	21	22	21	12	21	11	12	12	11	21	22	12	12	11	12	11	22	11	11	11	12	22	22	12	22	12	12	11	22	12	12	21	12	22	12	12	12	11	12	11	12	21	22	21	12	22	12	21	12	22	12	11	11	21	11	12	21	21	12	22	22	21	21	22	12	22	12	12	12	11	21	12
47	0	36.615	58.419	12	12	11	11	11	11	22	12	12	12	21	12	21	12	12	11	21	22	21	12	21	11	12	12	11	21	22	12	12	11	12	11	22	11	11	11	12	22	22	12	22	12	12	11	22	12	12	21	12	22	12	12	12	11	12	11	12	21	22	21	12	22	12	21	12	22	12	11	11	21	11	12	21	21	12	22	22	21	21	22	12	22	12	12	12	11	21	12
52	0	36.615	58.419	12	12	11	11	11	11	22	12	12	12	21	12	21	12	12	11	21	22	21	12	21	11	12	12	11	21	22	12	12	11	12	11	22	11	11	11	12	22	22	12	22	12	12	11	22	12	12	21	12	22	12	12	12	11	12	11	12	21	22	21	12	22	12	21	12	22	12	11	11	21	11	12	21	21	12	22	22	21	21	22	12	22	12	12	12	11	21	12
56	0	36.615	58.419	12	12	11	11	11	11	22	12	12	12	21	12	21	12	12	11	21	22	21	12	21	11	12	12	11	21	22	12	12	11	12	11	22	11	11	11	12	22	22	12	22	12	12	11	22	12	12	21	12	22	12	12	12	11	12	11	12	21	22	21	12	22	12	21	12	22	12	11	11	21	11	12	21	21	12	22	22	21	21	22	12	22	12	12	12	11	21	12
53	0	36.615	58.419	12	12	11	11	11	11	22	12	12	12	21	12	21	12	12	11	21	22	21	12	21	11	12	12	11	21	22	12	12	11	12	11	22	11	11	11	12	22	22	12	22	12	12	11	22	12	12	21	12	22	12	12	12	11	12	11	12	21	22	21	12	22	12	21	12	22	12	11	11	21	11	12	21	21	12	22	22	21	21	22	12	22	12	12	12	11	21	12
57	0	36.615	59.596	12	12	11	11	11	11	22	12	12	12	21	12	21	12	12	11	21	22	21	12	21	11	12	12	11	21	22	12	12	11	12	11	22	11	11	11	12	22	22	12	22	12	12	11	22	12	12	21	12	22	12	12	12	11	12	11	12	21	22	21	12	22	12	22	12	22	12	11	11	21	11	12	21	21	12	22	22	21	21	22	12	22	12	12	12	11	21	12
44	0	38.997	63.212	12	12	11	11	11	11	22	12	12	12	11	12	21	12	12	11	21	22	21	12	21	11	12	12	11	21	22	12	12	11	12	11	22	11	11	11	12	22	21	12	21	12	12	11	22	12	12	21	12	22	12	12	12	11	12	11	12	21	22	11	12	22	12	22	12	22	12	11	11	21	11	12	21	21	12	22	22	21	22	22	12	22	12	12	12	11	21	12
42	0	38.997	64.388	12	12	11	11	11	11	22	12	12	12	11	12	21	12	12	11	21	22	21	12	21	11	12	12	11	21	22	12	12	11	12	11	22	11	11	11	12	22	21	12	21	12	12	11	22	12	12	21	12	22	12	12	12	11	12	11	11	21	22	11	12	22	12	22	12	22	12	11	11	21	11	12	21	21	12	22	22	21	22	22	12	22	12	12	12	11	21	12
41	0	38.997	64.388	12	12	11	11	11	11	22	12	12	12	11	12	21	12	12	11	21	22	21	12	21	11	12	12	11	21	22	12	12	11	12	11	22	11	11	11	12	22	21	12	21	12	12	11	22	12	12	21	12	22	12	12	12	11	12	11	11	21	22	11	12	22	12	22	12	22	12	11	11	21	11	12	21	21	12	22	22	21	22	22	12	22	12	12	12	11	21	12
37	0	38.997	64.388	12	12	11	11	11	11	22	12	12	12	11	12	21	12	12	11	21	22	21	12	21	11	12	12	11	21	22	12	12	11	12	11	22	11	11	11	12	22	21	12	21	12	12	11	22	12	12	21	12	22	12	12	12	11	12	11	11	21	22	11	12	22	12	22	12	22	12	11	11	21	11	12	21	21	12	22	22	21	22	22	12	22	12	12	12	11	21	12
43	0	38.997	64.388	12	12	11	11	11	11	22	12	12	12	11	12	21	12	12	11	21	22	21	12	21	11	12	12	11	21	22	12	12	11	12	11	22	11	11	11	12	22	21	12	21	12	12	11	22	12	12	21	12	22	12	12	12	11	12	11	11	21	22	11	12	22	12	22	12	22	12	11	11	21	11	12	21	21	12	22	22	21	22	22	12	22	12	12	12	11	21	12
36	0	38.997	64.388	12	12	11	11	11	11	22	12	12	12	11	12	21	12	12	11	21	22	21	12	21	11	12	12	11	21	22	12	12	11	12	11	22	11	11	11	12	22	21	12	21	12	12	11	22	12	12	21	12	22	12	12	12	11	12	11	11	21	22	11	12	22	12	22	12	22	12	11	11	21	11	12	21	21	12	22	22	21	22	22	12	22	12	12	12	11	21	12
39	0	38.997	65.565	12	12	11	11	11	11	22	12	12	12	11	12	21	12	12	11	21	22	21	12	21	11	12	12	11	21	22	12	12	11	12	11	22	11	11	11	12	22	21	12	21	12	12	11	22	12	12	21	12	22	12	12	12	11	12	11	11	21	22	11	12	22	12	22	12	22	12	11	11	21	11	12	21	21	12	22	22	21	22	22	12	22	12	12	12	11	22	12
38	0	38.997	65.565	12	12	11	11	11	11	22	12	12	12	11	12	21	12	12	11	21	22	21	12	21	11	12	12	11	21	22	12	12	11	12	11	22	11	11	11	12	22	21	12	21	12	12	11	22	12	12	21	12	22	12	12	12	11	12	11	11	21	22	11	12	22	12	22	12	22	12	11	11	21	11	12	21	21	12	22	22	21	22	22	12	22	12	12	12	11	22	12
40	0	38.997	65.565	12	12	11	11	11	11	22	12	12	12	11	12	21	12	12	11	21	22	21	12	21	11	12	12	11	21	22	12	12	11	12	11	22	11	11	11	12	22	21	12	21	12	12	11	22	12	12	21	12	22	12	12	12	11	12	11	11	21	22	11	12	22	12	22	12	22	12	11	11	21	11	12	21	21	12	22	22	21	22	22	12	22	12	12	12	11	22	12
34	0	41.378	65.565	12	12	11	11	11	11	22	12	12	12	11	12	21	12	12	11	21	22	21	12	21	11	12	12	11	21	22	12	12	11	12	11	22	11	11	11	12	22	21	12	21	12	12	11	22	12	12	21	12	22	12	12	12	11	12	11	11	21	22	11	12	22	12	12	12	22	12	11	11	21	11	12	21	21	12	22	22	21	22	22	12	22	12	12	12	11	12	12
35	0	41.378	65.565	12	12	11	11	11	11	22	12	12	12	11	12	21	12	12	11	21	22	21	12	21	11	12	12	11	21	22	12	12	11	12	11	22	11	11	11	12	22	21	12	21	12	12	11	22	12	12	21	12	22	12	12	12	11	12	11	11	21	22	11	12	22	12	12	12	22	12	11	11	21	11	12	21	21	12	22	22	21	22	22	12	22	12	12	12	11	12	12
30	0	41.378	67.946	12	12	11	11	11	11	22	12	12	12	11	12	21	12	12	11	21	22	21	12	21	11	12	12	11	21	22	12	12	11	12	11	22	11	11	11	12	22	21	12	21	12	12	11	22	12	12	21	12	22	12	12	12	11	12	11	11	21	21	11	12	22	12	12	12	22	12	11	11	21	11	12	21	21	12	22	22	21	22	22	11	22	12	12	12	11	12	12
27	0	41.378	67.946	12	12	11	11	11	11	22	12	12	12	11	12	21	12	12	11	21	22	21	12	21	11	12	12	11	21	22	12	12	11	12	11	22	11	11	11	12	22	21	12	21	12	12	11	22	12	12	21	12	22	12	12	12	11	12	11	11	21	21	11	12	22	12	12	12	22	12	11	11	21	11	12	21	21	12	22	22	21	22	22	11	22	12	12	12	11	12	12
33	0	41.378	67.946	12	12	11	11	11	11	22	12	12	12	11	12	21	12	12	11	21	22	21	12	21	11	12	12	11	21	22	12	12	11	12	11	22	11	11	11	12	22	21	12	21	12	12	11	22	12	12	21	12	22	12	12	12	11	12	11	11	21	21	11	12	22	12	12	12	22	12	11	11	21	11	12	21	21	12	22	22	21	22	22	11	22	12	12	12	11	12	12
31	0	41.378	67.946	12	12	11	11	11	11	22	12	12	12	11	12	21	12	12	11	21	22	21	12	21	11	12	12	11	21	22	12	12	11	12	11	22	11	11	11	12	22	21	12	21	12	12	11	22	12	12	21	12	22	12	12	12	11	12	11	11	21	21	11	12	22	12	12	12	22	12	11	11	21	11	12	21	21	12	22	22	21	22	22	11	22	12	12	12	11	12	12
32	0	41.378	67.946	12	12	11	11	11	11	22	12	12	12	11	12	21	12	12	11	21	22	21	12	21	11	12	12	11	21	22	12	12	11	12	11	22	11	11	11	12	22	21	12	21	12	12	11	22	12	12	21	12	22	12	12	12	11	12	11	11	21	21	11	12	22	12	12	12	22	12	11	11	21	11	12	21	21	12	22	22	21	22	22	11	22	12	12	12	11	12	12
25	0	41.378	67.946	12	12	11	11	11	11	22	12	12	12	11	12	21	12	12	11	21	22	21	12	21	11	12	12	11	21	22	12	12	11	12	11	22	11	11	11	12	22	21	12	21	12	12	11	22	12	12	21	12	22	12	12	12	11	12	11	11	21	21	11	12	22	12	12	12	22	12	11	11	21	11	12	21	21	12	22	22	21	22	22	11	22	12	12	12	11	12	12
23	0	41.378	67.946	12	12	11	11	11	11	22	12	12	12	11	12	21	12	12	11	21	22	21	12	21	11	12	12	11	21	22	12	12	11	12	11	22	11	11	11	12	22	21	12	21	12	12	11	22	12	12	21	12	22	12	12	12	11	12	11	11	21	21	11	12	22	12	12	12	22	12	11	11	21	11	12	21	21	12	22	22	21	22	22	11	22	12	12	12	11	12	12
29	0	41.378	67.946	12	12	11	11	11	11	22	12	12	12	11	12	21	12	12	11	21	22	21	12	21	11	12	12	11	21	22	12	12	11	12	11	22	11	11	11	12	22	21	12	21	12	12	11	22	12	12	21	12	22	12	12	12	11	12	11	11	21	21	11	12	22	12	12	12	22	12	11	11	21	11	12	21	21	12	22	22	21	22	22	11	22	12	12	12	11	12	12
24	0	41.378	67.946	12	12	11	11	11	11	22	12	12	12	11	12	21	12	12	11	21	22	21	12	21	11	12	12	11	21	22	12	12	11	12	11	22	11	11	11	12	22	21	12	21	12	12	11	22	12	12	21	12	22	12	12	12	11	12	11	11	21	21	11	12	22	12	12	12	22	12	11	11	21	11	12	21	21	12	22	22	21	22	22	11	22	12	12	12	11	12	12
26	0	41.378	67.946	12	12	11	11	11	11	22	12	12	12	11	12	21	12	12	11	21	22	21	12	21	11	12	12	11	21	22	12	12	11	12	11	22	11	11	11	12	22	21	12	21	12	12	11	22	12	12	21	12	22	12	12	12	11	12	11	11	21	21	11	12	22	12	12	12	22	12	11	11	21	11	12	21	21	12	22	22	21	22	22	11	22	12	12	12	11	12	12
28	0	41.378	67.946	12	12	11	11	11	11	22	12	12	12	11	12	21	12	12	11	21	22	21	12	21	11	12	12	11	21	22	12	12	11	12	11	22	11	11	11	12	22	21	12	21	12	12	11	22	12	12	21	12	22	12	12	12	11	12	11	11	21	21	11	12	22	12	12	12	22	12	11	11	21	11	12	21	21	12	22	22	21	22	22	11	22	12	12	12	11	12	12
22	0	42.555	70.328	12	12	11	11	11	11	22	12	12	12	11	12	21	12	12	11	21	22	21	12	21	11	12	12	11	21	22	12	12	11	12	11	22	11	11	11	12	22	21	12	21	12	12	11	22	12	12	21	11	22	12	12	12	11	12	11	11	21	11	11	12	22	12	12	12	22	12	11	11	21	11	11	21	21	12	22	22	21	22	22	11	22	12	12	12	11	12	12
21	0	42.555	70.328	12	12	11	11	11	11	22	12	12	12	11	12	21	12	12	11	21	22	21	12	21	11	12	12	11	21	22	12	12	11	12	11	22	11	11	11	12	22	21	12	21	12	12	11	22	12	12	21	11	22	12	12	12	11	12	11	11	21	11	11	12	22	12	12	12	22	12	11	11	21	11	11	21	21	12	22	22	21	22	22	11	22	12	12	12	11	12	12
20	0	42.555	71.504	12	12	11	11	11	11	22	12	12	12	11	12	21	12	12	11	21	22	21	12	21	11	12	12	11	21	22	12	12	11	12	11	22	11	11	11	12	22	21	12	21	12	12	11	22	12	12	21	11	22	12	12	12	12	12	11	11	21	11	11	12	22	12	12	12	22	12	11	11	21	11	11	21	21	12	22	22	21	22	22	11	22	12	12	12	11	12	12
19	0	43.731	71.504	12	12	11	11	11	11	22	12	12	12	11	12	21	12	12	11	21	22	21	12	21	11	12	12	11	21	22	12	12	11	12	11	22	11	11	11	12	22	21	12	21	12	12	11	22	12	12	21	11	22	12	12	12	12	12	11	11	21	11	11	12	22	12	12	12	22	12	11	11	21	11	11	21	21	12	22	22	21	22	12	11	22	12	12	12	11	12	12
18	0	43.731	75.120	12	12	11	11	12	11	22	12	12	12	11	12	21	12	12	11	21	22	21	12	21	11	12	12	11	21	22	12	12	11	12	11	21	11	11	11	12	22	21	12	21	12	12	11	22	12	12	21	11	22	12	12	12	12	12	11	11	21	11	11	12	22	12	12	12	22	12	12	11	21	11	11	21	21	12	22	22	21	22	12	11	22	12	12	12	11	12	12
15	0	43.731	75.120	12	12	11	11	12	11	22	12	12	12	11	12	21	12	12	11	21	22	21	12	21	11	12	12	11	21	22	12	12	11	12	11	21	11	11	11	12	22	21	12	21	12	12	11	22	12	12	21	11	22	12	12	12	12	12	11	11	21	11	11	12	22	12	12	12	22	12	12	11	21	11	11	21	21	12	22	22	21	22	12	11	22	12	12	12	11	12	12
17	0	43.731	75.120	12	12	11	11	12	11	22	12	12	12	11	12	21	12	12	11	21	22	21	12	21	11	12	12	11	21	22	12	12	11	12	11	21	11	11	11	12	22	21	12	21	12	12	11	22	12	12	21	11	22	12	12	12	12	12	11	11	21	11	11	12	22	12	12	12	22	12	12	11	21	11	11	21	21	12	22	22	21	22	12	11	22	12	12	12	11	12	12
16	0	43.731	75.120	12	12	11	11	12	11	22	12	12	12	11	12	21	12	12	11	21	22	21	12	21	11	12	12	11	21	22	12	12	11	12	11	21	11	11	11	12	22	21	12	21	12	12	11	22	12	12	21	11	22	12	12	12	12	12	11	11	21	11	11	12	22	12	12	12	22	12	12	11	21	11	11	21	21	12	22	22	21	22	12	11	22	12	12	12	11	12	12
14	0	43.731	78.736	12	12	11	11	12	11	22	12	12	12	11	12	21	12	12	11	21	22	21	12	21	12	12	12	11	21	22	12	12	11	12	11	21	11	11	12	12	22	21	12	21	12	12	11	22	12	12	21	11	22	12	12	12	12	12	11	11	21	11	11	11	22	12	12	12	22	12	12	11	21	11	11	21	21	12	22	22	21	22	12	11	22	12	12	12	11	12	12
13	0	43.731	78.736	12	12	11	11	12	11	22	12	12	12	11	12	21	12	12	11	21	22	21	12	21	12	12	12	11	21	22	12	12	11	12	11	21	11	11	12	12	22	21	12	21	12	12	11	22	12	12	21	11	22	12	12	12	12	12	11	11	21	11	11	11	22	12	12	12	22	12	12	11	21	11	11	21	21	12	22	22	21	22	12	11	22	12	12	12	11	12	12
7	0	43.731	79.913	12	12	11	11	12	11	22	12	12	12	11	12	21	12	12	11	21	22	21	12	21	12	12	12	11	21	22	12	12	11	12	11	21	11	11	12	12	22	21	12	21	12	12	12	22	12	12	21	11	22	12	12	12	12	12	11	11	21	11	11	11	22	12	12	12	22	12	12	11	21	11	11	21	21	12	22	22	21	22	12	11	22	12	12	12	11	12	12
6	0	43.731	79.913	12	12	11	11	12	11	22	12	12	12	11	12	21	12	12	11	21	22	21	12	21	12	12	12	11	21	22	12	12	11	12	11	21	11	11	12	12	22	21	12	21	12	12	12	22	12	12	21	11	22	12	12	12	12	12	11	11	21	11	11	11	22	12	12	12	22	12	12	11	21	11	11	21	21	12	22	22	21	22	12	11	22	12	12	12	11	12	12
10	0	43.731	79.913	12	12	11	11	12	11	22	12	12	12	11	12	21	12	12	11	21	22	21	12	21	12	12	12	11	21	22	12	12	11	12	11	21	11	11	12	12	22	21	12	21	12	12	12	22	12	12	21	11	22	12	12	12	12	12	11	11	21	11	11	11	22	12	12	12	22	12	12	11	21	11	11	21	21	12	22	22	21	22	12	11	22	12	12	12	11	12	12
9	0	43.731	79.913	12	12	11	11	12	11	22	12	12	12	11	12	21	12	12	11	21	22	21	12	21	12	12	12	11	21	22	12	12	11	12	11	21	11	11	12	12	22	21	12	21	12	12	12	22	12	12	21	11	22	12	12	12	12	12	11	11	21	11	11	11	22	12	12	12	22	12	12	11	21	11	11	21	21	12	22	22	21	22	12	11	22	12	12	12	11	12	12
11	0	43.731	79.913	12	12	11	11	12	11	22	12	12	12	11	12	21	12	12	11	21	22	21	12	21	12	12	12	11	21	22	12	12	11	12	11	21	11	11	12	12	22	21	12	21	12	12	12	22	12	12	21	11	22	12	12	12	12	12	11	11	21	11	11	11	22	12	12	12	22	12	12	11	21	11	11	21	21	12	22	22	21	22	12	11	22	12	12	12	11	12	12
8	0	43.731	82.294	12	12	11	12	12	12	22	12	12	12	11	12	21	12	12	11	21	22	21	12	21	12	12	12	11	21	22	12	12	11	12	11	21	11	11	12	12	22	21	12	21	12	12	12	22	12	12	21	11	22	12	12	12	12	12	11	11	21	11	11	11	22	12	12	12	22	12	12	11	21	11	11	21	21	12	22	22	21	22	12	11	22	12	12	12	11	12	12
12	0	43.731	82.294	12	12	11	12	12	12	22	12	12	12	11	12	21	12	12	11	21	22	21	12	21	12	12	12	11	21	22	12	12	11	12	11	21	11	11	12	12	22	21	12	21	12	12	12	22	12	12	21	11	22	12	12	12	12	12	11	11	21	11	11	11	22	12	12	12	22	12	12	11	21	11	11	21	21	12	22	22	21	22	12	11	22	12	12	12	11	12	12
4	0	47.347	82.294	12	12	11	12	12	12	22	12	12	12	11	12	21	12	12	11	21	22	11	12	11	12	12	12	11	21	22	12	12	11	12	11	21	11	11	12	12	22	21	12	21	12	12	12	22	12	12	21	11	22	12	12	12	12	12	11	11	21	11	11	11	22	12	12	12	22	12	12	11	21	11	11	21	21	12	22	22	11	22	12	11	22	12	12	12	11	12	12
5	0	48.524	82.294	12	12	11	12	12	12	22	12	12	12	11	12	21	12	12	11	21	22	11	12	11	12	12	12	11	21	22	12	12	11	12	11	11	11	11	12	12	22	21	12	21	12	12	12	22	12	12	21	11	22	12	12	12	12	12	11	11	21	11	11	11	22	12	12	12	22	12	12	11	21	11	11	21	21	12	22	22	11	22	12	11	22	12	12	12	11	12	12
3	0	49.700	83.471	12	12	11	12	12	12	22	12	12	12	11	12	21	12	12	11	21	22	11	12	11	12	12	12	11	21	22	12	12	11	12	11	11	11	11	12	12	22	21	12	21	12	12	12	22	12	12	22	11	22	12	12	12	12	12	11	11	21	11	11	11	22	12	12	12	22	12	12	11	11	11	11	21	21	12	22	22	11	22	12	11	22	12	12	12	11	12	12
1	0	49.700	83.471	12	12	11	12	12	12	22	12	12	12	11	12	21	12	12	11	21	22	11	12	11	12	12	12	11	21	22	12	12	11	12	11	11	11	11	12	12	22	21	12	21	12	12	12	22	12	12	22	11	22	12	12	12	12	12	11	11	21	11	11	11	22	12	12	12	22	12	12	11	11	11	11	21	21	12	22	22	11	22	12	11	22	12	12	12	11	12	12
2	0	49.700	83.471	12	12	11	12	12	12	22	12	12	12	11	12	21	12	12	11	21	22	11	12	11	12	12	12	11	21	22	12	12	11	12	11	11	11	11	12	12	22	21	12	21	12	12	12	22	12	12	22	11	22	12	12	12	12	12	11	11	21	11	11	11	22	12	12	12	22	12	12	11	11	11	11	21	21	12	22	22	11	22	12	11	22	12	12	12	11	12	12
