MARKER	CHR	MALE_POS	FEMALE_POS	P1xP2	P1xP2	P1xP2	P1xP2	P1xP2	P1xP2	P1xP2	P1xP2	P1xP2	P1xP2	P1xP2	P1xP2	P1xP2	P1xP2	P1xP2	P1xP2	P1xP2	P1xP2	P1xP2	P1xP2	P1xP2	P1xP2	P1xP2	P1xP2	P1xP2	P1xP2	P1xP2	P1xP2	P1xP2	P1xP2	P1xP2	P1xP2	P1xP2	P1xP2	P1xP2	P1xP2	P1xP2	P1xP2	P1xP2	P1xP2	P1xP2	P1xP2	P1xP2	P1xP2	P1xP2	P1xP2	P1xP2	P1xP2	P1xP2	P1xP2	P1xP2	P1xP2	P1xP2	P1xP2	P1xP2	P1xP2	P1xP2	P1xP2	P1xP2	P1xP2	P1xP2	P1xP2	P1xP2	P1xP2	P1xP2	P1xP2	P1xP2	P1xP2	P1xP2	P1xP2	P1xP2	P1xP2	P1xP2	P1xP2	P1xP2	P1xP2	P1xP2	P1xP2	P1xP2	P1xP2	P1xP2	P1xP2	P1xP2	P1xP2	P1xP2	P1xP2	P1xP2	P1xP2
MARKER	CHR	MALE_POS	FEMALE_POS	P1	P2	C1	C2	C3	C4	C5	C6	C7	C8	C9	C10	C11	C12	C13	C14	C15	C16	C17	C18	C19	C20	C21	C22	C23	C24	C25	C26	C27	C28	C29	C30	C31	C32	C33	C34	C35	C36	C37	C38	C39	C40	C41	C42	C43	C44	C45	C46	C47	C48	C49	C50	C51	C52	C53	C54	C55	C56	C57	C58	C59	C60	C61	C62	C63	C64	C65	C66	C67	C68	C69	C70	C71	C72	C73	C74	C75	C76	C77	C78	C79	C80	C81	C82	C83	C84	C85	C86
MARKER	CHR	MALE_POS	FEMALE_POS	0	0	P1	P1	P1	P1	P1	P1	P1	P1	P1	P1	P1	P1	P1	P1	P1	P1	P1	P1	P1	P1	P1	P1	P1	P1	P1	P1	P1	P1	P1	P1	P1	P1	P1	P1	P1	P1	P1	P1	P1	P1	P1	P1	P1	P1	P1	P1	P1	P1	P1	P1	P1	P1	P1	P1	P1	P1	P1	P1	P1	P1	P1	P1	P1	P1	P1	P1	P1	P1	P1	P1	P1	P1	P1	P1	P1	P1	P1	P1	P1	P1	P1	P1	P1	P1	P1	P1
MARKER	CHR	MALE_POS	FEMALE_POS	0	0	P2	P2	P2	P2	P2	P2	P2	P2	P2	P2	P2	P2	P2	P2	P2	P2	P2	P2	P2	P2	P2	P2	P2	P2	P2	P2	P2	P2	P2	P2	P2	P2	P2	P2	P2	P2	P2	P2	P2	P2	P2	P2	P2	P2	P2	P2	P2	P2	P2	P2	P2	P2	P2	P2	P2	P2	P2	P2	P2	P2	P2	P2	P2	P2	P2	P2	P2	P2	P2	P2	P2	P2	P2	P2	P2	P2	P2	P2	P2	P2	P2	P2	P2	P2	P2	P2
MARKER	CHR	MALE_POS	FEMALE_POS	1	2	0	0	0	0	0	0	0	0	0	0	0	0	0	0	0	0	0	0	0	0	0	0	0	0	0	0	0	0	0	0	0	0	0	0	0	0	0	0	0	0	0	0	0	0	0	0	0	0	0	0	0	0	0	0	0	0	0	0	0	0	0	0	0	0	0	0	0	0	0	0	0	0	0	0	0	0	0	0	0	0	0	0	0	0	0	0
MARKER	CHR	MALE_POS	FEMALE_POS	0	0	0	0	0	0	0	0	0	0	0	0	0	0	0	0	0	0	0	0	0	0	0	0	0	0	0	0	0	0	0	0	0	0	0	0	0	0	0	0	0	0	0	0	0	0	0	0	0	0	0	0	0	0	0	0	0	0	0	0	0	0	0	0	0	0	0	0	0	0	0	0	0	0	0	0	0	0	0	0	0	0	0	0	0	0	0	0
5	0	0.000	0.000	12	12	22	22	21	21	22	12	21	12	11	12	21	21	12	22	21	21	11	21	11	12	22	22	22	22	21	12	11	12	12	21	22	12	11	12	11	11	11	21	11	11	11	21	12	21	21	22	11	11	22	21	12	12	22	12	21	22	21	11	11	21	22	22	21	22	11	22	12	12	22	11	11	11	11	22	12	12	11	12	22	12	22	22	21	22	21	11
4	0	0.000	2.381	12	12	22	22	21	21	22	12	21	12	11	12	21	21	12	22	21	21	11	21	11	12	22	22	22	22	21	12	11	12	12	21	22	12	11	12	11	11	11	21	11	11	11	21	12	21	21	22	11	11	22	21	12	12	22	12	21	22	21	11	11	21	22	22	21	22	11	21	12	12	22	11	11	11	11	21	12	12	11	12	22	12	22	22	21	22	21	11
2	0	0.000	2.381	12	12	22	22	21	21	22	12	21	12	11	12	21	21	12	22	21	21	11	21	11	12	22	22	22	22	21	12	11	12	12	21	22	12	11	12	11	11	11	21	11	11	11	21	12	21	21	22	11	11	22	21	12	12	22	12	21	22	21	11	11	21	22	22	21	22	11	21	12	12	22	11	11	11	11	21	12	12	11	12	22	12	22	22	21	22	21	11
3	0	0.000	2.381	12	12	22	22	21	21	22	12	21	12	11	12	21	21	12	22	21	21	11	21	11	12	22	22	22	22	21	12	11	12	12	21	22	12	11	12	11	11	11	21	11	11	11	21	12	21	21	22	11	11	22	21	12	12	22	12	21	22	21	11	11	21	22	22	21	22	11	21	12	12	22	11	11	11	11	21	12	12	11	12	22	12	22	22	21	22	21	11
7	0	0.000	3.558	12	12	22	22	21	21	22	12	21	12	11	12	21	21	12	22	21	21	11	21	11	12	22	22	22	22	21	12	11	12	12	21	22	12	11	12	11	11	11	21	11	11	11	21	12	21	21	22	11	11	22	21	12	12	22	12	21	22	21	11	11	21	22	22	21	22	11	21	12	12	22	11	11	11	11	21	12	12	11	12	21	12	22	22	21	22	21	11
9	0	0.000	3.558	12	12	22	22	21	21	22	12	21	12	11	12	21	21	12	22	21	21	11	21	11	12	22	22	22	22	21	12	11	12	12	21	22	12	11	12	11	11	11	21	11	11	11	21	12	21	21	22	11	11	22	21	12	12	22	12	21	22	21	11	11	21	22	22	21	22	11	21	12	12	22	11	11	11	11	21	12	12	11	12	21	12	22	22	21	22	21	11
8	0	0.000	3.558	12	12	22	22	21	21	22	12	21	12	11	12	21	21	12	22	21	21	11	21	11	12	22	22	22	22	21	12	11	12	12	21	22	12	11	12	11	11	11	21	11	11	11	21	12	21	21	22	11	11	22	21	12	12	22	12	21	22	21	11	11	21	22	22	21	22	11	21	12	12	22	11	11	11	11	21	12	12	11	12	21	12	22	22	21	22	21	11
1	0	0.000	3.558	12	12	22	22	21	21	22	12	21	12	11	12	21	21	12	22	21	21	11	21	11	12	22	22	22	22	21	12	11	12	12	21	22	12	11	12	11	11	11	21	11	11	11	21	12	21	21	22	11	11	22	21	12	12	22	12	21	22	21	11	11	21	22	22	21	22	11	21	12	12	22	11	11	11	11	21	12	12	11	12	21	12	22	22	21	22	21	11
6	0	0.000	3.558	12	12	22	22	21	21	22	12	21	12	11	12	21	21	12	22	21	21	11	21	11	12	22	22	22	22	21	12	11	12	12	21	22	12	11	12	11	11	11	21	11	11	11	21	12	21	21	22	11	11	22	21	12	12	22	12	21	22	21	11	11	21	22	22	21	22	11	21	12	12	22	11	11	11	11	21	12	12	11	12	21	12	22	22	21	22	21	11
10	0	0.000	7.174	12	12	22	22	21	21	22	12	21	12	11	12	21	21	12	22	21	21	11	21	11	12	22	22	22	22	21	12	11	12	12	21	22	12	11	11	11	11	11	22	11	11	11	21	12	21	21	22	11	11	22	21	12	12	22	12	22	22	21	11	11	21	22	22	21	22	11	21	12	12	22	11	11	11	11	21	12	12	11	12	21	12	22	22	21	22	21	11
22	0	0.000	9.555	12	12	22	22	21	21	22	12	21	12	11	12	21	21	12	22	22	21	11	21	11	12	22	22	22	22	21	12	11	12	12	21	22	12	11	11	11	11	11	22	11	11	11	21	12	21	21	22	11	11	22	21	12	12	22	12	22	22	21	11	11	21	22	22	21	22	11	21	12	12	22	11	11	12	11	21	12	12	11	12	21	12	22	22	21	22	21	11
13	0	0.000	10.732	12	12	22	22	21	21	22	12	21	12	11	12	21	21	12	22	22	21	11	21	11	12	22	22	22	22	21	12	11	12	12	21	22	12	11	11	11	11	11	22	11	11	11	21	12	21	21	22	11	11	22	21	12	12	22	12	22	22	21	11	11	21	22	22	21	22	11	21	12	12	22	11	11	12	11	21	12	11	11	12	21	12	22	22	21	22	21	11
11	0	0.000	10.732	12	12	22	22	21	21	22	12	21	12	11	12	21	21	12	22	22	21	11	21	11	12	22	22	22	22	21	12	11	12	12	21	22	12	11	11	11	11	11	22	11	11	11	21	12	21	21	22	11	11	22	21	12	12	22	12	22	22	21	11	11	21	22	22	21	22	11	21	12	12	22	11	11	12	11	21	12	11	11	12	21	12	22	22	21	22	21	11
14	0	0.000	10.732	12	12	22	22	21	21	22	12	21	12	11	12	21	21	12	22	22	21	11	21	11	12	22	22	22	22	21	12	11	12	12	21	22	12	11	11	11	11	11	22	11	11	11	21	12	21	21	22	11	11	22	21	12	12	22	12	22	22	21	11	11	21	22	22	21	22	11	21	12	12	22	11	11	12	11	21	12	11	11	12	21	12	22	22	21	22	21	11
17	0	0.000	10.732	12	12	22	22	21	21	22	12	21	12	11	12	21	21	12	22	22	21	11	21	11	12	22	22	22	22	21	12	11	12	12	21	22	12	11	11	11	11	11	22	11	11	11	21	12	21	21	22	11	11	22	21	12	12	22	12	22	22	21	11	11	21	22	22	21	22	11	21	12	12	22	11	11	12	11	21	12	11	11	12	21	12	22	22	21	22	21	11
12	0	0.000	10.732	12	12	22	22	21	21	22	12	21	12	11	12	21	21	12	22	22	21	11	21	11	12	22	22	22	22	21	12	11	12	12	21	22	12	11	11	11	11	11	22	11	11	11	21	12	21	21	22	11	11	22	21	12	12	22	12	22	22	21	11	11	21	22	22	21	22	11	21	12	12	22	11	11	12	11	21	12	11	11	12	21	12	22	22	21	22	21	11
15	0	0.000	11.908	12	12	22	22	21	21	22	12	21	11	11	12	21	21	12	22	22	21	11	21	11	12	22	22	22	22	21	12	11	12	12	21	22	12	11	11	11	11	11	22	11	11	11	21	12	21	21	22	11	11	22	21	12	12	22	12	22	22	21	11	11	21	22	22	21	22	11	21	12	12	22	11	11	12	11	21	12	11	11	12	21	12	22	22	21	22	21	11
16	0	0.000	11.908	12	12	22	22	21	21	22	12	21	11	11	12	21	21	12	22	22	21	11	21	11	12	22	22	22	22	21	12	11	12	12	21	22	12	11	11	11	11	11	22	11	11	11	21	12	21	21	22	11	11	22	21	12	12	22	12	22	22	21	11	11	21	22	22	21	22	11	21	12	12	22	11	11	12	11	21	12	11	11	12	21	12	22	22	21	22	21	11
20	0	0.000	13.085	12	12	22	22	21	21	22	12	21	11	11	12	21	21	12	22	22	21	11	22	11	12	22	22	22	22	21	12	11	12	12	21	22	12	11	11	11	11	11	22	11	11	11	21	12	21	21	22	11	11	22	21	12	12	22	12	22	22	21	11	11	21	22	22	21	22	11	21	12	12	22	11	11	12	11	21	12	11	11	12	21	12	22	22	21	22	21	11
18	0	0.000	13.085	12	12	22	22	21	21	22	12	21	11	11	12	21	21	12	22	22	21	11	22	11	12	22	22	22	22	21	12	11	12	12	21	22	12	11	11	11	11	11	22	11	11	11	21	12	21	21	22	11	11	22	21	12	12	22	12	22	22	21	11	11	21	22	22	21	22	11	21	12	12	22	11	11	12	11	21	12	11	11	12	21	12	22	22	21	22	21	11
19	0	0.000	13.085	12	12	22	22	21	21	22	12	21	11	11	12	21	21	12	22	22	21	11	22	11	12	22	22	22	22	21	12	11	12	12	21	22	12	11	11	11	11	11	22	11	11	11	21	12	21	21	22	11	11	22	21	12	12	22	12	22	22	21	11	11	21	22	22	21	22	11	21	12	12	22	11	11	12	11	21	12	11	11	12	21	12	22	22	21	22	21	11
47	0	1.177	14.261	12	12	22	12	21	21	22	12	21	11	11	12	21	21	12	22	22	21	11	22	11	12	22	22	22	22	21	12	11	12	12	21	22	12	11	11	11	11	11	22	11	11	11	21	12	21	21	22	11	11	22	21	12	12	22	12	22	22	21	12	11	21	22	22	21	22	11	21	12	12	22	11	11	12	11	21	12	11	11	12	21	12	22	22	21	22	21	11
49	0	1.177	14.261	12	12	22	12	21	21	22	12	21	11	11	12	21	21	12	22	22	21	11	22	11	12	22	22	22	22	21	12	11	12	12	21	22	12	11	11	11	11	11	22	11	11	11	21	12	21	21	22	11	11	22	21	12	12	22	12	22	22	21	12	11	21	22	22	21	22	11	21	12	12	22	11	11	12	11	21	12	11	11	12	21	12	22	22	21	22	21	11
48	0	1.177	14.261	12	12	22	12	21	21	22	12	21	11	11	12	21	21	12	22	22	21	11	22	11	12	22	22	22	22	21	12	11	12	12	21	22	12	11	11	11	11	11	22	11	11	11	21	12	21	21	22	11	11	22	21	12	12	22	12	22	22	21	12	11	21	22	22	21	22	11	21	12	12	22	11	11	12	11	21	12	11	11	12	21	12	22	22	21	22	21	11
29	0	2.353	14.261	12	12	22	12	21	21	22	12	11	11	11	12	21	21	12	22	22	21	11	22	11	12	22	22	22	22	21	12	11	12	12	21	22	12	11	11	11	11	11	22	11	11	11	21	12	21	21	22	11	11	22	21	12	12	22	12	22	22	21	12	11	21	22	22	21	22	11	21	12	12	22	11	11	12	11	21	12	11	11	12	21	12	22	22	21	22	21	11
30	0	2.353	14.261	12	12	22	12	21	21	22	12	11	11	11	12	21	21	12	22	22	21	11	22	11	12	22	22	22	22	21	12	11	12	12	21	22	12	11	11	11	11	11	22	11	11	11	21	12	21	21	22	11	11	22	21	12	12	22	12	22	22	21	12	11	21	22	22	21	22	11	21	12	12	22	11	11	12	11	21	12	11	11	12	21	12	22	22	21	22	21	11
28	0	3.530	14.261	12	12	22	22	21	21	22	12	11	11	11	12	21	21	12	22	22	21	11	22	11	12	22	22	22	22	21	12	11	12	12	21	22	12	11	11	11	11	11	22	11	11	11	21	12	21	21	22	11	11	22	21	12	12	22	12	22	22	21	12	11	21	22	22	21	22	11	21	12	12	22	11	11	12	11	21	12	11	11	12	21	12	22	22	21	22	21	11
34	0	3.530	14.261	12	12	22	22	21	21	22	12	11	11	11	12	21	21	12	22	22	21	11	22	11	12	22	22	22	22	21	12	11	12	12	21	22	12	11	11	11	11	11	22	11	11	11	21	12	21	21	22	11	11	22	21	12	12	22	12	22	22	21	12	11	21	22	22	21	22	11	21	12	12	22	11	11	12	11	21	12	11	11	12	21	12	22	22	21	22	21	11
32	0	3.530	14.261	12	12	22	22	21	21	22	12	11	11	11	12	21	21	12	22	22	21	11	22	11	12	22	22	22	22	21	12	11	12	12	21	22	12	11	11	11	11	11	22	11	11	11	21	12	21	21	22	11	11	22	21	12	12	22	12	22	22	21	12	11	21	22	22	21	22	11	21	12	12	22	11	11	12	11	21	12	11	11	12	21	12	22	22	21	22	21	11
33	0	3.530	14.261	12	12	22	22	21	21	22	12	11	11	11	12	21	21	12	22	22	21	11	22	11	12	22	22	22	22	21	12	11	12	12	21	22	12	11	11	11	11	11	22	11	11	11	21	12	21	21	22	11	11	22	21	12	12	22	12	22	22	21	12	11	21	22	22	21	22	11	21	12	12	22	11	11	12	11	21	12	11	11	12	21	12	22	22	21	22	21	11
27	0	4.706	14.261	12	12	22	22	21	21	22	12	11	21	11	12	21	21	12	22	22	21	11	22	11	12	22	22	22	22	21	12	11	12	12	21	22	12	11	11	11	11	11	22	11	11	11	21	12	21	21	22	11	11	22	21	12	12	22	12	22	22	21	12	11	21	22	22	21	22	11	21	12	12	22	11	11	12	11	21	12	11	11	12	21	12	22	22	21	22	21	11
35	0	4.706	14.261	12	12	22	22	21	21	22	12	11	21	11	12	21	21	12	22	22	21	11	22	11	12	22	22	22	22	21	12	11	12	12	21	22	12	11	11	11	11	11	22	11	11	11	21	12	21	21	22	11	11	22	21	12	12	22	12	22	22	21	12	11	21	22	22	21	22	11	21	12	12	22	11	11	12	11	21	12	11	11	12	21	12	22	22	21	22	21	11
25	0	4.706	14.261	12	12	22	22	21	21	22	12	11	21	11	12	21	21	12	22	22	21	11	22	11	12	22	22	22	22	21	12	11	12	12	21	22	12	11	11	11	11	11	22	11	11	11	21	12	21	21	22	11	11	22	21	12	12	22	12	22	22	21	12	11	21	22	22	21	22	11	21	12	12	22	11	11	12	11	21	12	11	11	12	21	12	22	22	21	22	21	11
24	0	4.706	14.261	12	12	22	22	21	21	22	12	11	21	11	12	21	21	12	22	22	21	11	22	11	12	22	22	22	22	21	12	11	12	12	21	22	12	11	11	11	11	11	22	11	11	11	21	12	21	21	22	11	11	22	21	12	12	22	12	22	22	21	12	11	21	22	22	21	22	11	21	12	12	22	11	11	12	11	21	12	11	11	12	21	12	22	22	21	22	21	11
26	0	4.706	14.261	12	12	22	22	21	21	22	12	11	21	11	12	21	21	12	22	22	21	11	22	11	12	22	22	22	22	21	12	11	12	12	21	22	12	11	11	11	11	11	22	11	11	11	21	12	21	21	22	11	11	22	21	12	12	22	12	22	22	21	12	11	21	22	22	21	22	11	21	12	12	22	11	11	12	11	21	12	11	11	12	21	12	22	22	21	22	21	11
36	0	4.706	14.261	12	12	22	22	21	21	22	12	11	21	11	12	21	21	12	22	22	21	11	22	11	12	22	22	22	22	21	12	11	12	12	21	22	12	11	11	11	11	11	22	11	11	11	21	12	21	21	22	11	11	22	21	12	12	22	12	22	22	21	12	11	21	22	22	21	22	11	21	12	12	22	11	11	12	11	21	12	11	11	12	21	12	22	22	21	22	21	11
37	0	4.706	15.438	12	12	22	22	21	21	22	12	11	21	11	12	21	21	12	22	22	21	11	22	11	12	22	22	22	22	21	12	11	12	12	21	22	12	11	11	11	11	11	22	12	11	11	21	12	21	21	22	11	11	22	21	12	12	22	12	22	22	21	12	11	21	22	22	21	22	11	21	12	12	22	11	11	12	11	21	12	11	11	12	21	12	22	22	21	22	21	11
40	0	4.706	15.438	12	12	22	22	21	21	22	12	11	21	11	12	21	21	12	22	22	21	11	22	11	12	22	22	22	22	21	12	11	12	12	21	22	12	11	11	11	11	11	22	12	11	11	21	12	21	21	22	11	11	22	21	12	12	22	12	22	22	21	12	11	21	22	22	21	22	11	21	12	12	22	11	11	12	11	21	12	11	11	12	21	12	22	22	21	22	21	11
39	0	4.706	15.438	12	12	22	22	21	21	22	12	11	21	11	12	21	21	12	22	22	21	11	22	11	12	22	22	22	22	21	12	11	12	12	21	22	12	11	11	11	11	11	22	12	11	11	21	12	21	21	22	11	11	22	21	12	12	22	12	22	22	21	12	11	21	22	22	21	22	11	21	12	12	22	11	11	12	11	21	12	11	11	12	21	12	22	22	21	22	21	11
38	0	4.706	15.438	12	12	22	22	21	21	22	12	11	21	11	12	21	21	12	22	22	21	11	22	11	12	22	22	22	22	21	12	11	12	12	21	22	12	11	11	11	11	11	22	12	11	11	21	12	21	21	22	11	11	22	21	12	12	22	12	22	22	21	12	11	21	22	22	21	22	11	21	12	12	22	11	11	12	11	21	12	11	11	12	21	12	22	22	21	22	21	11
23	0	4.706	16.615	12	12	22	22	21	21	22	12	11	21	11	12	21	21	12	22	22	21	11	22	11	12	22	22	22	22	21	12	11	12	12	21	22	12	11	11	11	11	11	22	11	11	11	21	12	21	21	22	11	11	22	21	12	12	22	12	22	22	21	12	11	21	22	22	21	22	11	21	12	12	22	11	11	12	11	21	12	11	11	12	21	12	22	22	21	22	21	11
31	0	4.706	16.615	12	12	22	22	21	21	22	12	11	21	11	12	21	21	12	22	22	21	11	22	11	12	22	22	22	22	21	12	11	12	12	21	22	12	11	11	11	11	11	22	11	11	11	21	12	21	21	22	11	11	22	21	12	12	22	12	22	22	21	12	11	21	22	22	21	22	11	21	12	12	22	11	11	12	11	21	12	11	11	12	21	12	22	22	21	22	21	11
42	0	4.706	17.791	12	12	22	22	21	21	22	12	11	21	11	12	21	21	12	22	22	21	11	22	11	12	22	22	22	22	21	12	11	12	12	21	22	12	11	11	11	11	11	22	11	11	11	21	12	22	21	22	11	11	22	21	12	12	22	12	22	22	21	12	11	21	22	22	21	22	11	21	12	12	22	11	11	12	11	21	12	11	11	12	21	12	22	22	21	22	21	11
41	0	4.706	17.791	12	12	22	22	21	21	22	12	11	21	11	12	21	21	12	22	22	21	11	22	11	12	22	22	22	22	21	12	11	12	12	21	22	12	11	11	11	11	11	22	11	11	11	21	12	22	21	22	11	11	22	21	12	12	22	12	22	22	21	12	11	21	22	22	21	22	11	21	12	12	22	11	11	12	11	21	12	11	11	12	21	12	22	22	21	22	21	11
46	0	4.706	18.968	12	12	22	22	21	21	22	12	12	21	11	12	21	21	12	22	22	21	11	22	11	12	22	22	22	22	21	12	11	12	12	21	22	12	11	11	11	11	11	22	11	11	11	21	12	22	21	22	11	11	22	21	12	12	22	12	22	22	21	12	11	21	22	22	21	22	11	21	12	12	22	11	11	12	11	21	12	11	11	12	21	12	22	22	21	22	21	11
44	0	4.706	18.968	12	12	22	22	21	21	22	12	12	21	11	12	21	21	12	22	22	21	11	22	11	12	22	22	22	22	21	12	11	12	12	21	22	12	11	11	11	11	11	22	11	11	11	21	12	22	21	22	11	11	22	21	12	12	22	12	22	22	21	12	11	21	22	22	21	22	11	21	12	12	22	11	11	12	11	21	12	11	11	12	21	12	22	22	21	22	21	11
45	0	4.706	18.968	12	12	22	22	21	21	22	12	12	21	11	12	21	21	12	22	22	21	11	22	11	12	22	22	22	22	21	12	11	12	12	21	22	12	11	11	11	11	11	22	11	11	11	21	12	22	21	22	11	11	22	21	12	12	22	12	22	22	21	12	11	21	22	22	21	22	11	21	12	12	22	11	11	12	11	21	12	11	11	12	21	12	22	22	21	22	21	11
51	0	4.706	18.968	12	12	22	22	21	21	22	12	12	21	11	12	21	21	12	22	22	21	11	22	11	12	22	22	22	22	21	12	11	12	12	21	22	12	11	11	11	11	11	22	11	11	11	21	12	22	21	22	11	11	22	21	12	12	22	12	22	22	21	12	11	21	22	22	21	22	11	21	12	12	22	11	11	12	11	21	12	11	11	12	21	12	22	22	21	22	21	11
50	0	4.706	18.968	12	12	22	22	21	21	22	12	12	21	11	12	21	21	12	22	22	21	11	22	11	12	22	22	22	22	21	12	11	12	12	21	22	12	11	11	11	11	11	22	11	11	11	21	12	22	21	22	11	11	22	21	12	12	22	12	22	22	21	12	11	21	22	22	21	22	11	21	12	12	22	11	11	12	11	21	12	11	11	12	21	12	22	22	21	22	21	11
43	0	4.706	18.968	12	12	22	22	21	21	22	12	12	21	11	12	21	21	12	22	22	21	11	22	11	12	22	22	22	22	21	12	11	12	12	21	22	12	11	11	11	11	11	22	11	11	11	21	12	22	21	22	11	11	22	21	12	12	22	12	22	22	21	12	11	21	22	22	21	22	11	21	12	12	22	11	11	12	11	21	12	11	11	12	21	12	22	22	21	22	21	11
54	0	4.706	20.144	12	12	22	22	21	21	22	12	12	21	11	12	21	21	12	22	22	21	11	22	11	12	22	22	22	22	21	12	11	12	12	21	22	12	11	11	11	11	11	22	11	11	11	21	12	22	21	22	11	11	22	22	12	12	22	12	22	22	21	12	11	21	22	22	21	22	11	21	12	12	22	11	11	12	11	21	12	11	11	12	21	12	22	22	21	22	21	11
53	0	4.706	20.144	12	12	22	22	21	21	22	12	12	21	11	12	21	21	12	22	22	21	11	22	11	12	22	22	22	22	21	12	11	12	12	21	22	12	11	11	11	11	11	22	11	11	11	21	12	22	21	22	11	11	22	22	12	12	22	12	22	22	21	12	11	21	22	22	21	22	11	21	12	12	22	11	11	12	11	21	12	11	11	12	21	12	22	22	21	22	21	11
52	0	4.706	20.144	12	12	22	22	21	21	22	12	12	21	11	12	21	21	12	22	22	21	11	22	11	12	22	22	22	22	21	12	11	12	12	21	22	12	11	11	11	11	11	22	11	11	11	21	12	22	21	22	11	11	22	22	12	12	22	12	22	22	21	12	11	21	22	22	21	22	11	21	12	12	22	11	11	12	11	21	12	11	11	12	21	12	22	22	21	22	21	11
21	0	4.706	21.321	12	12	22	22	21	21	22	12	12	21	11	12	21	21	12	22	22	21	11	22	11	12	22	22	22	22	21	12	11	12	12	21	22	12	11	11	11	11	11	22	11	11	11	21	12	22	21	22	11	11	22	22	12	12	22	12	22	22	22	12	11	21	22	22	21	22	11	21	12	12	22	11	11	12	11	21	12	11	11	12	21	12	22	22	21	22	21	11
55	0	5.883	23.702	12	12	22	22	21	21	22	12	12	21	11	12	21	21	12	22	22	11	11	22	11	12	22	22	22	22	21	12	11	12	12	21	22	12	11	11	11	11	11	22	11	11	11	21	12	22	21	22	11	11	22	22	12	12	22	12	22	22	22	12	11	21	22	21	21	22	11	21	12	12	22	11	11	12	12	21	12	11	11	12	21	12	22	22	21	22	21	11
66	0	7.059	24.879	12	12	22	22	21	21	22	12	12	21	11	12	21	21	12	22	12	11	11	22	11	12	22	22	22	22	21	12	11	12	12	21	22	12	11	11	11	11	11	22	11	11	11	21	11	22	21	22	11	11	22	22	12	12	22	12	22	22	22	12	11	21	22	21	21	22	11	21	12	12	22	11	11	12	12	21	12	11	11	12	21	12	22	22	21	22	21	11
63	0	7.059	24.879	12	12	22	22	21	21	22	12	12	21	11	12	21	21	12	22	12	11	11	22	11	12	22	22	22	22	21	12	11	12	12	21	22	12	11	11	11	11	11	22	11	11	11	21	11	22	21	22	11	11	22	22	12	12	22	12	22	22	22	12	11	21	22	21	21	22	11	21	12	12	22	11	11	12	12	21	12	11	11	12	21	12	22	22	21	22	21	11
64	0	7.059	26.055	12	12	22	22	21	21	22	12	12	21	11	12	21	21	12	22	12	11	11	22	11	12	22	22	22	22	21	12	11	12	12	21	21	12	11	11	11	11	11	22	11	11	11	21	11	22	21	22	11	11	22	22	12	12	22	12	22	22	22	12	11	21	22	21	21	22	11	21	12	12	22	11	11	12	12	21	12	11	11	12	21	12	22	22	21	22	21	11
62	0	7.059	26.055	12	12	22	22	21	21	22	12	12	21	11	12	21	21	12	22	12	11	11	22	11	12	22	22	22	22	21	12	11	12	12	21	21	12	11	11	11	11	11	22	11	11	11	21	11	22	21	22	11	11	22	22	12	12	22	12	22	22	22	12	11	21	22	21	21	22	11	21	12	12	22	11	11	12	12	21	12	11	11	12	21	12	22	22	21	22	21	11
58	0	8.236	26.055	12	12	22	22	21	21	22	12	12	21	11	12	21	21	12	22	12	11	11	22	11	12	22	22	22	22	21	12	11	12	12	21	21	12	11	11	11	11	11	22	11	11	11	21	11	22	11	22	11	11	22	22	12	12	22	12	22	22	22	12	11	21	22	21	21	22	11	21	12	12	22	11	11	12	12	21	12	11	11	12	21	12	22	22	21	22	21	11
57	0	9.412	27.232	12	12	22	22	21	22	22	12	12	11	11	12	21	21	12	22	12	11	11	22	11	12	22	22	22	22	21	12	11	12	12	21	21	12	11	11	11	11	11	22	11	11	11	21	11	22	11	22	11	11	22	22	12	12	22	12	22	22	22	12	11	21	22	21	21	22	11	21	12	12	22	11	11	12	12	21	12	11	11	12	21	12	22	22	21	22	21	11
56	0	9.412	27.232	12	12	22	22	21	22	22	12	12	11	11	12	21	21	12	22	12	11	11	22	11	12	22	22	22	22	21	12	11	12	12	21	21	12	11	11	11	11	11	22	11	11	11	21	11	22	11	22	11	11	22	22	12	12	22	12	22	22	22	12	11	21	22	21	21	22	11	21	12	12	22	11	11	12	12	21	12	11	11	12	21	12	22	22	21	22	21	11
61	0	9.412	28.408	12	12	22	22	21	22	22	12	12	11	11	12	21	21	12	22	12	11	11	22	11	12	22	22	22	22	21	12	11	12	12	21	21	12	11	11	11	11	11	22	11	11	11	21	11	22	12	22	11	11	22	22	12	12	22	12	22	22	22	12	11	21	22	21	21	22	11	21	12	12	22	11	11	12	12	21	12	11	11	12	21	12	22	22	21	22	21	11
68	0	10.589	28.408	12	12	22	22	21	12	22	12	12	11	11	12	21	21	12	22	12	11	11	22	11	12	22	22	22	22	21	12	11	12	12	21	21	12	11	11	11	11	11	22	11	11	11	21	11	22	12	22	11	11	22	22	12	12	22	12	22	22	22	12	11	21	22	21	21	22	11	21	12	12	22	11	11	12	12	21	12	11	11	12	21	12	22	22	21	22	21	11
67	0	10.589	28.408	12	12	22	22	21	12	22	12	12	11	11	12	21	21	12	22	12	11	11	22	11	12	22	22	22	22	21	12	11	12	12	21	21	12	11	11	11	11	11	22	11	11	11	21	11	22	12	22	11	11	22	22	12	12	22	12	22	22	22	12	11	21	22	21	21	22	11	21	12	12	22	11	11	12	12	21	12	11	11	12	21	12	22	22	21	22	21	11
60	0	10.589	28.408	12	12	22	22	21	12	22	12	12	11	11	12	21	21	12	22	12	11	11	22	11	12	22	22	22	22	21	12	11	12	12	21	21	12	11	11	11	11	11	22	11	11	11	21	11	22	12	22	11	11	22	22	12	12	22	12	22	22	22	12	11	21	22	21	21	22	11	21	12	12	22	11	11	12	12	21	12	11	11	12	21	12	22	22	21	22	21	11
59	0	10.589	28.408	12	12	22	22	21	12	22	12	12	11	11	12	21	21	12	22	12	11	11	22	11	12	22	22	22	22	21	12	11	12	12	21	21	12	11	11	11	11	11	22	11	11	11	21	11	22	12	22	11	11	22	22	12	12	22	12	22	22	22	12	11	21	22	21	21	22	11	21	12	12	22	11	11	12	12	21	12	11	11	12	21	12	22	22	21	22	21	11
65	0	10.589	28.408	12	12	22	22	21	12	22	12	12	11	11	12	21	21	12	22	12	11	11	22	11	12	22	22	22	22	21	12	11	12	12	21	21	12	11	11	11	11	11	22	11	11	11	21	11	22	12	22	11	11	22	22	12	12	22	12	22	22	22	12	11	21	22	21	21	22	11	21	12	12	22	11	11	12	12	21	12	11	11	12	21	12	22	22	21	22	21	11
69	0	10.589	29.585	12	12	22	22	21	12	22	12	12	11	11	12	21	21	12	22	12	11	11	22	11	12	22	22	22	22	21	12	11	12	12	21	21	12	11	11	11	11	11	22	11	11	11	21	11	22	12	22	11	11	22	22	12	12	22	12	22	22	22	12	11	21	22	21	21	22	11	21	12	12	22	12	11	12	12	21	12	11	11	12	21	12	22	22	21	22	21	11
72	0	10.589	30.761	12	12	22	22	21	12	22	12	12	11	11	12	21	21	12	22	12	11	11	22	11	12	22	22	22	22	21	12	11	12	12	21	21	12	11	11	11	11	11	22	11	11	11	21	11	22	12	22	11	11	22	22	12	12	22	12	22	22	22	12	12	21	22	21	21	22	11	21	12	12	22	12	11	12	12	21	12	11	11	12	21	12	22	22	21	22	21	11
71	0	10.589	30.761	12	12	22	22	21	12	22	12	12	11	11	12	21	21	12	22	12	11	11	22	11	12	22	22	22	22	21	12	11	12	12	21	21	12	11	11	11	11	11	22	11	11	11	21	11	22	12	22	11	11	22	22	12	12	22	12	22	22	22	12	12	21	22	21	21	22	11	21	12	12	22	12	11	12	12	21	12	11	11	12	21	12	22	22	21	22	21	11
70	0	10.589	30.761	12	12	22	22	21	12	22	12	12	11	11	12	21	21	12	22	12	11	11	22	11	12	22	22	22	22	21	12	11	12	12	21	21	12	11	11	11	11	11	22	11	11	11	21	11	22	12	22	11	11	22	22	12	12	22	12	22	22	22	12	12	21	22	21	21	22	11	21	12	12	22	12	11	12	12	21	12	11	11	12	21	12	22	22	21	22	21	11
73	0	12.970	30.761	12	12	22	22	21	12	22	12	12	11	11	12	21	21	12	22	12	11	11	22	11	12	22	22	22	22	21	12	11	12	12	21	21	12	11	11	11	11	11	22	11	11	11	21	11	22	12	22	11	11	22	22	12	12	22	12	22	22	22	12	12	21	22	21	21	22	11	21	12	12	22	12	11	12	12	21	12	11	11	12	11	12	22	22	21	22	11	11
74	0	12.970	30.761	12	12	22	22	21	12	22	12	12	11	11	12	21	21	12	22	12	11	11	22	11	12	22	22	22	22	21	12	11	12	12	21	21	12	11	11	11	11	11	22	11	11	11	21	11	22	12	22	11	11	22	22	12	12	22	12	22	22	22	12	12	21	22	21	21	22	11	21	12	12	22	12	11	12	12	21	12	11	11	12	11	12	22	22	21	22	11	11
76	0	12.970	34.377	12	12	22	22	21	12	22	12	12	11	11	12	21	21	12	21	12	11	11	22	11	12	22	22	22	22	21	12	11	12	12	22	21	12	11	11	11	11	11	22	11	11	11	21	11	22	12	22	11	11	22	22	12	12	22	12	22	22	22	12	12	21	22	21	21	22	11	21	12	12	22	12	11	12	12	21	12	11	11	12	11	12	21	22	21	22	11	11
75	0	12.970	34.377	12	12	22	22	21	12	22	12	12	11	11	12	21	21	12	21	12	11	11	22	11	12	22	22	22	22	21	12	11	12	12	22	21	12	11	11	11	11	11	22	11	11	11	21	11	22	12	22	11	11	22	22	12	12	22	12	22	22	22	12	12	21	22	21	21	22	11	21	12	12	22	12	11	12	12	21	12	11	11	12	11	12	21	22	21	22	11	11
80	0	12.970	36.759	12	12	22	22	21	12	22	12	12	11	11	12	21	21	12	21	12	11	11	22	11	12	21	21	22	22	21	12	11	12	12	22	21	12	11	11	11	11	11	22	11	11	11	21	11	22	12	22	11	11	22	22	12	12	22	12	22	22	22	12	12	21	22	21	21	22	11	21	12	12	22	12	11	12	12	21	12	11	11	12	11	12	21	22	21	22	11	11
78	0	12.970	36.759	12	12	22	22	21	12	22	12	12	11	11	12	21	21	12	21	12	11	11	22	11	12	21	21	22	22	21	12	11	12	12	22	21	12	11	11	11	11	11	22	11	11	11	21	11	22	12	22	11	11	22	22	12	12	22	12	22	22	22	12	12	21	22	21	21	22	11	21	12	12	22	12	11	12	12	21	12	11	11	12	11	12	21	22	21	22	11	11
79	0	12.970	36.759	12	12	22	22	21	12	22	12	12	11	11	12	21	21	12	21	12	11	11	22	11	12	21	21	22	22	21	12	11	12	12	22	21	12	11	11	11	11	11	22	11	11	11	21	11	22	12	22	11	11	22	22	12	12	22	12	22	22	22	12	12	21	22	21	21	22	11	21	12	12	22	12	11	12	12	21	12	11	11	12	11	12	21	22	21	22	11	11
81	0	12.970	36.759	12	12	22	22	21	12	22	12	12	11	11	12	21	21	12	21	12	11	11	22	11	12	21	21	22	22	21	12	11	12	12	22	21	12	11	11	11	11	11	22	11	11	11	21	11	22	12	22	11	11	22	22	12	12	22	12	22	22	22	12	12	21	22	21	21	22	11	21	12	12	22	12	11	12	12	21	12	11	11	12	11	12	21	22	21	22	11	11
83	0	12.970	36.759	12	12	22	22	21	12	22	12	12	11	11	12	21	21	12	21	12	11	11	22	11	12	21	21	22	22	21	12	11	12	12	22	21	12	11	11	11	11	11	22	11	11	11	21	11	22	12	22	11	11	22	22	12	12	22	12	22	22	22	12	12	21	22	21	21	22	11	21	12	12	22	12	11	12	12	21	12	11	11	12	11	12	21	22	21	22	11	11
77	0	12.970	36.759	12	12	22	22	21	12	22	12	12	11	11	12	21	21	12	21	12	11	11	22	11	12	21	21	22	22	21	12	11	12	12	22	21	12	11	11	11	11	11	22	11	11	11	21	11	22	12	22	11	11	22	22	12	12	22	12	22	22	22	12	12	21	22	21	21	22	11	21	12	12	22	12	11	12	12	21	12	11	11	12	11	12	21	22	21	22	11	11
90	0	14.147	36.759	12	12	22	22	21	12	22	12	12	21	11	12	21	21	12	21	12	11	11	22	11	12	21	21	22	22	21	12	11	12	12	22	21	12	11	11	11	11	11	22	11	11	11	21	11	22	12	22	11	11	22	22	12	12	22	12	22	22	22	12	12	21	22	21	21	22	11	21	12	12	22	12	11	12	12	21	12	11	11	12	11	12	21	22	21	22	11	11
86	0	14.147	36.759	12	12	22	22	21	12	22	12	12	21	11	12	21	21	12	21	12	11	11	22	11	12	21	21	22	22	21	12	11	12	12	22	21	12	11	11	11	11	11	22	11	11	11	21	11	22	12	22	11	11	22	22	12	12	22	12	22	22	22	12	12	21	22	21	21	22	11	21	12	12	22	12	11	12	12	21	12	11	11	12	11	12	21	22	21	22	11	11
89	0	14.147	36.759	12	12	22	22	21	12	22	12	12	21	11	12	21	21	12	21	12	11	11	22	11	12	21	21	22	22	21	12	11	12	12	22	21	12	11	11	11	11	11	22	11	11	11	21	11	22	12	22	11	11	22	22	12	12	22	12	22	22	22	12	12	21	22	21	21	22	11	21	12	12	22	12	11	12	12	21	12	11	11	12	11	12	21	22	21	22	11	11
88	0	14.147	36.759	12	12	22	22	21	12	22	12	12	21	11	12	21	21	12	21	12	11	11	22	11	12	21	21	22	22	21	12	11	12	12	22	21	12	11	11	11	11	11	22	11	11	11	21	11	22	12	22	11	11	22	22	12	12	22	12	22	22	22	12	12	21	22	21	21	22	11	21	12	12	22	12	11	12	12	21	12	11	11	12	11	12	21	22	21	22	11	11
82	0	14.147	36.759	12	12	22	22	21	12	22	12	12	21	11	12	21	21	12	21	12	11	11	22	11	12	21	21	22	22	21	12	11	12	12	22	21	12	11	11	11	11	11	22	11	11	11	21	11	22	12	22	11	11	22	22	12	12	22	12	22	22	22	12	12	21	22	21	21	22	11	21	12	12	22	12	11	12	12	21	12	11	11	12	11	12	21	22	21	22	11	11
87	0	14.147	36.759	12	12	22	22	21	12	22	12	12	21	11	12	21	21	12	21	12	11	11	22	11	12	21	21	22	22	21	12	11	12	12	22	21	12	11	11	11	11	11	22	11	11	11	21	11	22	12	22	11	11	22	22	12	12	22	12	22	22	22	12	12	21	22	21	21	22	11	21	12	12	22	12	11	12	12	21	12	11	11	12	11	12	21	22	21	22	11	11
85	0	14.147	36.759	12	12	22	22	21	12	22	12	12	21	11	12	21	21	12	21	12	11	11	22	11	12	21	21	22	22	21	12	11	12	12	22	21	12	11	11	11	11	11	22	11	11	11	21	11	22	12	22	11	11	22	22	12	12	22	12	22	22	22	12	12	21	22	21	21	22	11	21	12	12	22	12	11	12	12	21	12	11	11	12	11	12	21	22	21	22	11	11
84	0	14.147	36.759	12	12	22	22	21	12	22	12	12	21	11	12	21	21	12	21	12	11	11	22	11	12	21	21	22	22	21	12	11	12	12	22	21	12	11	11	11	11	11	22	11	11	11	21	11	22	12	22	11	11	22	22	12	12	22	12	22	22	22	12	12	21	22	21	21	22	11	21	12	12	22	12	11	12	12	21	12	11	11	12	11	12	21	22	21	22	11	11
93	0	14.147	37.935	12	12	22	22	21	12	22	12	12	21	11	12	21	21	12	21	12	11	11	22	11	12	21	21	22	22	21	12	11	12	12	22	21	12	11	11	11	11	11	22	11	11	11	21	11	22	12	22	11	11	22	22	12	12	22	12	22	22	22	12	12	21	22	21	21	22	11	21	12	11	22	12	11	12	12	21	12	11	11	12	11	12	21	22	21	22	11	11
91	0	14.147	37.935	12	12	22	22	21	12	22	12	12	21	11	12	21	21	12	21	12	11	11	22	11	12	21	21	22	22	21	12	11	12	12	22	21	12	11	11	11	11	11	22	11	11	11	21	11	22	12	22	11	11	22	22	12	12	22	12	22	22	22	12	12	21	22	21	21	22	11	21	12	11	22	12	11	12	12	21	12	11	11	12	11	12	21	22	21	22	11	11
92	0	14.147	37.935	12	12	22	22	21	12	22	12	12	21	11	12	21	21	12	21	12	11	11	22	11	12	21	21	22	22	21	12	11	12	12	22	21	12	11	11	11	11	11	22	11	11	11	21	11	22	12	22	11	11	22	22	12	12	22	12	22	22	22	12	12	21	22	21	21	22	11	21	12	11	22	12	11	12	12	21	12	11	11	12	11	12	21	22	21	22	11	11
96	0	15.323	37.935	12	12	22	22	21	12	22	12	12	21	11	12	21	21	12	21	12	11	11	22	11	12	21	21	22	22	21	12	11	12	12	22	21	12	11	11	11	11	11	22	11	11	11	21	11	22	12	22	11	11	22	22	12	12	22	12	12	22	22	12	12	21	22	21	21	22	11	21	12	11	22	12	11	12	12	21	12	11	11	12	11	12	21	22	21	22	11	11
98	0	15.323	37.935	12	12	22	22	21	12	22	12	12	21	11	12	21	21	12	21	12	11	11	22	11	12	21	21	22	22	21	12	11	12	12	22	21	12	11	11	11	11	11	22	11	11	11	21	11	22	12	22	11	11	22	22	12	12	22	12	12	22	22	12	12	21	22	21	21	22	11	21	12	11	22	12	11	12	12	21	12	11	11	12	11	12	21	22	21	22	11	11
97	0	15.323	37.935	12	12	22	22	21	12	22	12	12	21	11	12	21	21	12	21	12	11	11	22	11	12	21	21	22	22	21	12	11	12	12	22	21	12	11	11	11	11	11	22	11	11	11	21	11	22	12	22	11	11	22	22	12	12	22	12	12	22	22	12	12	21	22	21	21	22	11	21	12	11	22	12	11	12	12	21	12	11	11	12	11	12	21	22	21	22	11	11
94	0	15.323	37.935	12	12	22	22	21	12	22	12	12	21	11	12	21	21	12	21	12	11	11	22	11	12	21	21	22	22	21	12	11	12	12	22	21	12	11	11	11	11	11	22	11	11	11	21	11	22	12	22	11	11	22	22	12	12	22	12	12	22	22	12	12	21	22	21	21	22	11	21	12	11	22	12	11	12	12	21	12	11	11	12	11	12	21	22	21	22	11	11
95	0	15.323	37.935	12	12	22	22	21	12	22	12	12	21	11	12	21	21	12	21	12	11	11	22	11	12	21	21	22	22	21	12	11	12	12	22	21	12	11	11	11	11	11	22	11	11	11	21	11	22	12	22	11	11	22	22	12	12	22	12	12	22	22	12	12	21	22	21	21	22	11	21	12	11	22	12	11	12	12	21	12	11	11	12	11	12	21	22	21	22	11	11
99	0	15.323	37.935	12	12	22	22	21	12	22	12	12	21	11	12	21	21	12	21	12	11	11	22	11	12	21	21	22	22	21	12	11	12	12	22	21	12	11	11	11	11	11	22	11	11	11	21	11	22	12	22	11	11	22	22	12	12	22	12	12	22	22	12	12	21	22	21	21	22	11	21	12	11	22	12	11	12	12	21	12	11	11	12	11	12	21	22	21	22	11	11
102	0	15.323	40.317	12	12	22	22	21	12	22	12	12	21	11	12	21	21	11	21	12	11	11	22	11	12	21	21	22	22	21	12	11	12	12	22	21	12	11	11	11	11	11	22	11	11	11	21	11	22	12	22	11	11	22	22	12	12	22	12	12	22	22	12	12	21	22	21	21	22	11	21	12	11	22	12	11	12	12	21	12	11	12	12	11	12	21	22	21	22	11	11
100	0	15.323	40.317	12	12	22	22	21	12	22	12	12	21	11	12	21	21	11	21	12	11	11	22	11	12	21	21	22	22	21	12	11	12	12	22	21	12	11	11	11	11	11	22	11	11	11	21	11	22	12	22	11	11	22	22	12	12	22	12	12	22	22	12	12	21	22	21	21	22	11	21	12	11	22	12	11	12	12	21	12	11	12	12	11	12	21	22	21	22	11	11
101	0	15.323	40.317	12	12	22	22	21	12	22	12	12	21	11	12	21	21	11	21	12	11	11	22	11	12	21	21	22	22	21	12	11	12	12	22	21	12	11	11	11	11	11	22	11	11	11	21	11	22	12	22	11	11	22	22	12	12	22	12	12	22	22	12	12	21	22	21	21	22	11	21	12	11	22	12	11	12	12	21	12	11	12	12	11	12	21	22	21	22	11	11
103	0	15.323	40.317	12	12	22	22	21	12	22	12	12	21	11	12	21	21	11	21	12	11	11	22	11	12	21	21	22	22	21	12	11	12	12	22	21	12	11	11	11	11	11	22	11	11	11	21	11	22	12	22	11	11	22	22	12	12	22	12	12	22	22	12	12	21	22	21	21	22	11	21	12	11	22	12	11	12	12	21	12	11	12	12	11	12	21	22	21	22	11	11
104	0	15.323	40.317	12	12	22	22	21	12	22	12	12	21	11	12	21	21	11	21	12	11	11	22	11	12	21	21	22	22	21	12	11	12	12	22	21	12	11	11	11	11	11	22	11	11	11	21	11	22	12	22	11	11	22	22	12	12	22	12	12	22	22	12	12	21	22	21	21	22	11	21	12	11	22	12	11	12	12	21	12	11	12	12	11	12	21	22	21	22	11	11
105	0	15.323	41.493	12	12	22	22	21	12	22	12	12	21	11	12	21	21	11	21	12	11	11	22	11	12	21	21	22	22	21	12	11	12	12	22	21	12	11	11	11	11	11	22	11	11	11	21	11	22	12	22	11	11	22	22	12	12	22	12	12	22	22	12	12	21	22	21	21	22	11	21	12	11	22	12	11	12	12	21	12	11	12	12	11	12	21	22	21	22	12	11
113	0	15.323	45.109	12	12	22	22	21	12	22	12	12	21	11	12	21	21	11	21	12	11	11	22	11	12	21	21	22	22	22	12	11	12	12	22	21	12	11	11	11	11	11	22	11	11	11	21	11	22	12	22	11	11	22	22	11	12	22	12	12	22	22	12	12	21	22	21	21	22	11	21	12	11	22	12	11	12	12	21	12	11	12	12	11	12	21	22	22	22	12	11
112	0	15.323	45.109	12	12	22	22	21	12	22	12	12	21	11	12	21	21	11	21	12	11	11	22	11	12	21	21	22	22	22	12	11	12	12	22	21	12	11	11	11	11	11	22	11	11	11	21	11	22	12	22	11	11	22	22	11	12	22	12	12	22	22	12	12	21	22	21	21	22	11	21	12	11	22	12	11	12	12	21	12	11	12	12	11	12	21	22	22	22	12	11
111	0	15.323	45.109	12	12	22	22	21	12	22	12	12	21	11	12	21	21	11	21	12	11	11	22	11	12	21	21	22	22	22	12	11	12	12	22	21	12	11	11	11	11	11	22	11	11	11	21	11	22	12	22	11	11	22	22	11	12	22	12	12	22	22	12	12	21	22	21	21	22	11	21	12	11	22	12	11	12	12	21	12	11	12	12	11	12	21	22	22	22	12	11
106	0	15.323	45.109	12	12	22	22	21	12	22	12	12	21	11	12	21	21	11	21	12	11	11	22	11	12	21	21	22	22	22	12	11	12	12	22	21	12	11	11	11	11	11	22	11	11	11	21	11	22	12	22	11	11	22	22	11	12	22	12	12	22	22	12	12	21	22	21	21	22	11	21	12	11	22	12	11	12	12	21	12	11	12	12	11	12	21	22	22	22	12	11
107	0	15.323	45.109	12	12	22	22	21	12	22	12	12	21	11	12	21	21	11	21	12	11	11	22	11	12	21	21	22	22	22	12	11	12	12	22	21	12	11	11	11	11	11	22	11	11	11	21	11	22	12	22	11	11	22	22	11	12	22	12	12	22	22	12	12	21	22	21	21	22	11	21	12	11	22	12	11	12	12	21	12	11	12	12	11	12	21	22	22	22	12	11
108	0	15.323	45.109	12	12	22	22	21	12	22	12	12	21	11	12	21	21	11	21	12	11	11	22	11	12	21	21	22	22	22	12	11	12	12	22	21	12	11	11	11	11	11	22	11	11	11	21	11	22	12	22	11	11	22	22	11	12	22	12	12	22	22	12	12	21	22	21	21	22	11	21	12	11	22	12	11	12	12	21	12	11	12	12	11	12	21	22	22	22	12	11
109	0	15.323	45.109	12	12	22	22	21	12	22	12	12	21	11	12	21	21	11	21	12	11	11	22	11	12	21	21	22	22	22	12	11	12	12	22	21	12	11	11	11	11	11	22	11	11	11	21	11	22	12	22	11	11	22	22	11	12	22	12	12	22	22	12	12	21	22	21	21	22	11	21	12	11	22	12	11	12	12	21	12	11	12	12	11	12	21	22	22	22	12	11
126	0	16.500	45.109	12	12	22	22	21	12	22	12	12	21	11	12	21	21	11	21	12	11	11	22	11	12	21	21	22	22	22	12	11	12	12	22	21	12	11	11	11	11	11	22	11	11	11	21	11	22	12	22	11	11	22	22	11	12	22	12	12	22	22	12	12	21	22	21	21	22	11	21	12	11	22	12	11	12	12	11	12	11	12	12	11	12	21	22	22	22	12	11
128	0	16.500	45.109	12	12	22	22	21	12	22	12	12	21	11	12	21	21	11	21	12	11	11	22	11	12	21	21	22	22	22	12	11	12	12	22	21	12	11	11	11	11	11	22	11	11	11	21	11	22	12	22	11	11	22	22	11	12	22	12	12	22	22	12	12	21	22	21	21	22	11	21	12	11	22	12	11	12	12	11	12	11	12	12	11	12	21	22	22	22	12	11
123	0	16.500	46.286	12	12	22	21	21	12	22	12	12	21	11	12	21	21	11	21	12	11	11	22	11	12	21	21	22	22	22	12	11	12	12	22	21	12	11	11	11	11	11	22	11	11	11	21	11	22	12	22	11	11	22	22	11	12	22	12	12	22	22	12	12	21	22	21	21	22	11	21	12	11	22	12	11	12	12	11	12	11	12	12	11	12	21	22	22	22	12	11
121	0	16.500	46.286	12	12	22	21	21	12	22	12	12	21	11	12	21	21	11	21	12	11	11	22	11	12	21	21	22	22	22	12	11	12	12	22	21	12	11	11	11	11	11	22	11	11	11	21	11	22	12	22	11	11	22	22	11	12	22	12	12	22	22	12	12	21	22	21	21	22	11	21	12	11	22	12	11	12	12	11	12	11	12	12	11	12	21	22	22	22	12	11
124	0	16.500	46.286	12	12	22	21	21	12	22	12	12	21	11	12	21	21	11	21	12	11	11	22	11	12	21	21	22	22	22	12	11	12	12	22	21	12	11	11	11	11	11	22	11	11	11	21	11	22	12	22	11	11	22	22	11	12	22	12	12	22	22	12	12	21	22	21	21	22	11	21	12	11	22	12	11	12	12	11	12	11	12	12	11	12	21	22	22	22	12	11
116	0	16.500	46.286	12	12	22	21	21	12	22	12	12	21	11	12	21	21	11	21	12	11	11	22	11	12	21	21	22	22	22	12	11	12	12	22	21	12	11	11	11	11	11	22	11	11	11	21	11	22	12	22	11	11	22	22	11	12	22	12	12	22	22	12	12	21	22	21	21	22	11	21	12	11	22	12	11	12	12	11	12	11	12	12	11	12	21	22	22	22	12	11
115	0	16.500	46.286	12	12	22	21	21	12	22	12	12	21	11	12	21	21	11	21	12	11	11	22	11	12	21	21	22	22	22	12	11	12	12	22	21	12	11	11	11	11	11	22	11	11	11	21	11	22	12	22	11	11	22	22	11	12	22	12	12	22	22	12	12	21	22	21	21	22	11	21	12	11	22	12	11	12	12	11	12	11	12	12	11	12	21	22	22	22	12	11
122	0	16.500	46.286	12	12	22	21	21	12	22	12	12	21	11	12	21	21	11	21	12	11	11	22	11	12	21	21	22	22	22	12	11	12	12	22	21	12	11	11	11	11	11	22	11	11	11	21	11	22	12	22	11	11	22	22	11	12	22	12	12	22	22	12	12	21	22	21	21	22	11	21	12	11	22	12	11	12	12	11	12	11	12	12	11	12	21	22	22	22	12	11
118	0	16.500	47.462	12	12	22	22	21	12	22	12	12	21	11	12	21	21	11	21	12	11	11	22	11	12	21	21	22	22	22	12	11	12	12	22	21	12	11	11	11	11	11	22	11	11	11	21	11	22	12	22	11	11	22	22	11	12	22	12	12	22	22	12	12	21	22	21	21	22	11	21	12	11	22	12	11	12	12	11	12	11	12	12	11	12	21	22	22	22	12	11
125	0	16.500	47.462	12	12	22	22	21	12	22	12	12	21	11	12	21	21	11	21	12	11	11	22	11	12	21	21	22	22	22	12	11	12	12	22	21	12	11	11	11	11	11	22	11	11	11	21	11	22	12	22	11	11	22	22	11	12	22	12	12	22	22	12	12	21	22	21	21	22	11	21	12	11	22	12	11	12	12	11	12	11	12	12	11	12	21	22	22	22	12	11
110	0	17.676	47.462	12	12	22	22	21	12	22	12	12	11	11	12	21	21	11	21	12	11	11	22	11	12	21	21	22	22	22	12	11	12	12	22	21	12	11	11	11	11	11	22	11	11	11	21	11	22	12	22	11	11	22	22	11	12	22	12	12	22	22	12	12	21	22	21	21	22	11	21	12	11	22	12	11	12	12	11	12	11	12	12	11	12	21	22	22	22	12	11
114	0	17.676	47.462	12	12	22	22	21	12	22	12	12	11	11	12	21	21	11	21	12	11	11	22	11	12	21	21	22	22	22	12	11	12	12	22	21	12	11	11	11	11	11	22	11	11	11	21	11	22	12	22	11	11	22	22	11	12	22	12	12	22	22	12	12	21	22	21	21	22	11	21	12	11	22	12	11	12	12	11	12	11	12	12	11	12	21	22	22	22	12	11
119	0	17.676	47.462	12	12	22	22	21	12	22	12	12	11	11	12	21	21	11	21	12	11	11	22	11	12	21	21	22	22	22	12	11	12	12	22	21	12	11	11	11	11	11	22	11	11	11	21	11	22	12	22	11	11	22	22	11	12	22	12	12	22	22	12	12	21	22	21	21	22	11	21	12	11	22	12	11	12	12	11	12	11	12	12	11	12	21	22	22	22	12	11
120	0	17.676	47.462	12	12	22	22	21	12	22	12	12	11	11	12	21	21	11	21	12	11	11	22	11	12	21	21	22	22	22	12	11	12	12	22	21	12	11	11	11	11	11	22	11	11	11	21	11	22	12	22	11	11	22	22	11	12	22	12	12	22	22	12	12	21	22	21	21	22	11	21	12	11	22	12	11	12	12	11	12	11	12	12	11	12	21	22	22	22	12	11
127	0	17.676	47.462	12	12	22	22	21	12	22	12	12	11	11	12	21	21	11	21	12	11	11	22	11	12	21	21	22	22	22	12	11	12	12	22	21	12	11	11	11	11	11	22	11	11	11	21	11	22	12	22	11	11	22	22	11	12	22	12	12	22	22	12	12	21	22	21	21	22	11	21	12	11	22	12	11	12	12	11	12	11	12	12	11	12	21	22	22	22	12	11
117	0	17.676	48.639	12	12	22	22	21	12	22	12	12	11	11	12	21	21	11	21	12	11	11	22	11	12	21	21	22	22	22	12	11	12	12	22	21	12	11	11	11	11	11	22	11	11	11	21	11	22	12	22	11	11	22	22	11	12	22	12	12	22	22	12	12	21	22	21	21	22	11	21	12	11	21	12	11	12	12	11	12	11	12	12	11	12	21	22	22	22	12	11
131	0	17.676	49.815	12	12	22	22	21	12	22	12	12	11	12	12	21	21	11	21	12	11	11	22	11	12	21	21	22	22	22	12	11	12	12	22	21	12	11	11	11	11	11	22	11	11	11	21	11	22	12	22	11	11	22	22	11	12	22	12	12	22	22	12	12	21	22	21	21	22	11	21	12	11	21	12	11	12	12	11	12	11	12	12	11	12	21	22	22	22	12	11
134	0	17.676	49.815	12	12	22	22	21	12	22	12	12	11	12	12	21	21	11	21	12	11	11	22	11	12	21	21	22	22	22	12	11	12	12	22	21	12	11	11	11	11	11	22	11	11	11	21	11	22	12	22	11	11	22	22	11	12	22	12	12	22	22	12	12	21	22	21	21	22	11	21	12	11	21	12	11	12	12	11	12	11	12	12	11	12	21	22	22	22	12	11
132	0	17.676	49.815	12	12	22	22	21	12	22	12	12	11	12	12	21	21	11	21	12	11	11	22	11	12	21	21	22	22	22	12	11	12	12	22	21	12	11	11	11	11	11	22	11	11	11	21	11	22	12	22	11	11	22	22	11	12	22	12	12	22	22	12	12	21	22	21	21	22	11	21	12	11	21	12	11	12	12	11	12	11	12	12	11	12	21	22	22	22	12	11
133	0	17.676	49.815	12	12	22	22	21	12	22	12	12	11	12	12	21	21	11	21	12	11	11	22	11	12	21	21	22	22	22	12	11	12	12	22	21	12	11	11	11	11	11	22	11	11	11	21	11	22	12	22	11	11	22	22	11	12	22	12	12	22	22	12	12	21	22	21	21	22	11	21	12	11	21	12	11	12	12	11	12	11	12	12	11	12	21	22	22	22	12	11
129	0	17.676	52.197	12	12	22	22	22	12	22	12	12	11	12	12	21	21	11	21	12	11	11	22	11	12	21	21	22	22	22	12	11	12	12	22	21	12	11	11	11	11	11	22	11	11	11	21	11	22	12	22	11	11	22	22	11	12	22	12	12	22	22	12	12	21	22	21	21	22	11	21	12	11	21	12	11	12	12	11	12	11	12	12	11	12	21	22	22	21	12	11
130	0	17.676	52.197	12	12	22	22	22	12	22	12	12	11	12	12	21	21	11	21	12	11	11	22	11	12	21	21	22	22	22	12	11	12	12	22	21	12	11	11	11	11	11	22	11	11	11	21	11	22	12	22	11	11	22	22	11	12	22	12	12	22	22	12	12	21	22	21	21	22	11	21	12	11	21	12	11	12	12	11	12	11	12	12	11	12	21	22	22	21	12	11
135	0	18.853	55.813	12	12	22	22	22	12	22	12	12	11	12	12	21	21	11	21	12	11	11	22	11	12	21	21	22	22	22	12	11	12	12	22	21	12	11	11	11	11	11	22	11	11	11	22	11	22	12	22	11	11	22	22	11	12	22	12	12	22	22	12	12	21	22	21	21	22	11	21	12	11	21	12	11	12	12	11	12	11	12	12	11	11	11	21	22	21	12	11
140	0	20.029	56.989	12	12	22	22	22	12	22	12	12	21	12	12	21	22	11	21	12	11	11	22	11	12	21	21	22	22	22	12	11	12	12	22	21	12	11	11	11	11	11	22	11	11	11	22	11	22	12	22	11	11	22	22	11	12	22	12	12	22	22	12	12	21	22	21	21	22	11	21	12	11	21	12	11	12	12	11	12	11	12	12	11	11	11	21	22	21	12	11
138	0	20.029	56.989	12	12	22	22	22	12	22	12	12	21	12	12	21	22	11	21	12	11	11	22	11	12	21	21	22	22	22	12	11	12	12	22	21	12	11	11	11	11	11	22	11	11	11	22	11	22	12	22	11	11	22	22	11	12	22	12	12	22	22	12	12	21	22	21	21	22	11	21	12	11	21	12	11	12	12	11	12	11	12	12	11	11	11	21	22	21	12	11
139	0	20.029	56.989	12	12	22	22	22	12	22	12	12	21	12	12	21	22	11	21	12	11	11	22	11	12	21	21	22	22	22	12	11	12	12	22	21	12	11	11	11	11	11	22	11	11	11	22	11	22	12	22	11	11	22	22	11	12	22	12	12	22	22	12	12	21	22	21	21	22	11	21	12	11	21	12	11	12	12	11	12	11	12	12	11	11	11	21	22	21	12	11
136	0	20.029	56.989	12	12	22	22	22	12	22	12	12	21	12	12	21	22	11	21	12	11	11	22	11	12	21	21	22	22	22	12	11	12	12	22	21	12	11	11	11	11	11	22	11	11	11	22	11	22	12	22	11	11	22	22	11	12	22	12	12	22	22	12	12	21	22	21	21	22	11	21	12	11	21	12	11	12	12	11	12	11	12	12	11	11	11	21	22	21	12	11
137	0	20.029	56.989	12	12	22	22	22	12	22	12	12	21	12	12	21	22	11	21	12	11	11	22	11	12	21	21	22	22	22	12	11	12	12	22	21	12	11	11	11	11	11	22	11	11	11	22	11	22	12	22	11	11	22	22	11	12	22	12	12	22	22	12	12	21	22	21	21	22	11	21	12	11	21	12	11	12	12	11	12	11	12	12	11	11	11	21	22	21	12	11
144	0	23.645	58.166	12	12	22	22	22	12	22	12	12	21	12	12	21	12	11	21	12	11	11	22	11	12	21	21	22	22	22	12	11	12	12	22	21	12	11	11	11	11	11	22	11	11	11	22	11	22	12	22	11	11	22	12	11	12	22	11	12	22	22	12	22	21	22	21	21	22	11	21	12	11	21	12	11	12	12	11	12	11	12	12	11	11	11	21	22	21	12	11
143	0	23.645	58.166	12	12	22	22	22	12	22	12	12	21	12	12	21	12	11	21	12	11	11	22	11	12	21	21	22	22	22	12	11	12	12	22	21	12	11	11	11	11	11	22	11	11	11	22	11	22	12	22	11	11	22	12	11	12	22	11	12	22	22	12	22	21	22	21	21	22	11	21	12	11	21	12	11	12	12	11	12	11	12	12	11	11	11	21	22	21	12	11
141	0	23.645	58.166	12	12	22	22	22	12	22	12	12	21	12	12	21	12	11	21	12	11	11	22	11	12	21	21	22	22	22	12	11	12	12	22	21	12	11	11	11	11	11	22	11	11	11	22	11	22	12	22	11	11	22	12	11	12	22	11	12	22	22	12	22	21	22	21	21	22	11	21	12	11	21	12	11	12	12	11	12	11	12	12	11	11	11	21	22	21	12	11
142	0	23.645	58.166	12	12	22	22	22	12	22	12	12	21	12	12	21	12	11	21	12	11	11	22	11	12	21	21	22	22	22	12	11	12	12	22	21	12	11	11	11	11	11	22	11	11	11	22	11	22	12	22	11	11	22	12	11	12	22	11	12	22	22	12	22	21	22	21	21	22	11	21	12	11	21	12	11	12	12	11	12	11	12	12	11	11	11	21	22	21	12	11
152	0	23.645	59.342	12	12	22	22	22	12	22	12	12	21	12	12	21	12	11	21	12	11	11	22	11	12	21	21	22	22	22	12	11	12	12	22	21	12	11	11	11	11	11	22	11	11	11	22	11	22	12	21	11	11	22	12	11	12	22	11	12	22	22	12	22	21	22	21	21	22	11	21	12	11	21	12	11	12	12	11	12	11	12	12	11	11	11	21	22	21	12	11
151	0	23.645	59.342	12	12	22	22	22	12	22	12	12	21	12	12	21	12	11	21	12	11	11	22	11	12	21	21	22	22	22	12	11	12	12	22	21	12	11	11	11	11	11	22	11	11	11	22	11	22	12	21	11	11	22	12	11	12	22	11	12	22	22	12	22	21	22	21	21	22	11	21	12	11	21	12	11	12	12	11	12	11	12	12	11	11	11	21	22	21	12	11
153	0	23.645	59.342	12	12	22	22	22	12	22	12	12	21	12	12	21	12	11	21	12	11	11	22	11	12	21	21	22	22	22	12	11	12	12	22	21	12	11	11	11	11	11	22	11	11	11	22	11	22	12	21	11	11	22	12	11	12	22	11	12	22	22	12	22	21	22	21	21	22	11	21	12	11	21	12	11	12	12	11	12	11	12	12	11	11	11	21	22	21	12	11
145	0	24.822	59.342	12	12	22	12	22	12	22	12	12	21	12	12	21	12	11	21	12	11	11	22	11	12	21	21	22	22	22	12	11	12	12	22	21	12	11	11	11	11	11	22	11	11	11	22	11	22	12	21	11	11	22	12	11	12	22	11	12	22	22	12	22	21	22	21	21	22	11	21	12	11	21	12	11	12	12	11	12	11	12	12	11	11	11	21	22	21	12	11
147	0	24.822	59.342	12	12	22	12	22	12	22	12	12	21	12	12	21	12	11	21	12	11	11	22	11	12	21	21	22	22	22	12	11	12	12	22	21	12	11	11	11	11	11	22	11	11	11	22	11	22	12	21	11	11	22	12	11	12	22	11	12	22	22	12	22	21	22	21	21	22	11	21	12	11	21	12	11	12	12	11	12	11	12	12	11	11	11	21	22	21	12	11
146	0	24.822	59.342	12	12	22	12	22	12	22	12	12	21	12	12	21	12	11	21	12	11	11	22	11	12	21	21	22	22	22	12	11	12	12	22	21	12	11	11	11	11	11	22	11	11	11	22	11	22	12	21	11	11	22	12	11	12	22	11	12	22	22	12	22	21	22	21	21	22	11	21	12	11	21	12	11	12	12	11	12	11	12	12	11	11	11	21	22	21	12	11
150	0	25.998	59.342	12	12	22	12	22	12	22	12	12	11	12	12	21	12	11	21	12	11	11	22	11	12	21	21	22	22	22	12	11	12	12	22	21	12	11	11	11	11	11	22	11	11	11	22	11	22	12	21	11	11	22	12	11	12	22	11	12	22	22	12	22	21	22	21	21	22	11	21	12	11	21	12	11	12	12	11	12	11	12	12	11	11	11	21	22	21	12	11
148	0	25.998	59.342	12	12	22	12	22	12	22	12	12	11	12	12	21	12	11	21	12	11	11	22	11	12	21	21	22	22	22	12	11	12	12	22	21	12	11	11	11	11	11	22	11	11	11	22	11	22	12	21	11	11	22	12	11	12	22	11	12	22	22	12	22	21	22	21	21	22	11	21	12	11	21	12	11	12	12	11	12	11	12	12	11	11	11	21	22	21	12	11
149	0	25.998	59.342	12	12	22	12	22	12	22	12	12	11	12	12	21	12	11	21	12	11	11	22	11	12	21	21	22	22	22	12	11	12	12	22	21	12	11	11	11	11	11	22	11	11	11	22	11	22	12	21	11	11	22	12	11	12	22	11	12	22	22	12	22	21	22	21	21	22	11	21	12	11	21	12	11	12	12	11	12	11	12	12	11	11	11	21	22	21	12	11
154	0	25.998	61.724	12	12	22	12	22	12	22	12	12	11	12	12	21	12	11	21	12	11	11	22	11	12	21	21	22	22	22	12	11	12	12	22	21	12	11	11	11	11	11	22	11	11	11	22	11	22	12	21	11	11	22	12	11	11	22	11	12	22	22	12	22	21	22	21	21	21	11	21	12	11	21	12	11	12	12	11	12	11	12	12	11	11	11	21	22	21	12	11
157	0	25.998	66.606	12	12	22	12	22	12	21	12	12	11	12	12	22	12	11	21	12	11	11	22	11	12	21	21	22	22	22	12	11	12	12	22	21	12	11	11	11	11	11	22	11	11	11	22	11	22	12	21	11	12	22	12	11	11	21	11	12	22	22	12	22	21	22	21	21	21	11	21	12	11	21	12	11	12	12	11	12	11	12	12	11	11	11	21	22	21	12	11
162	0	25.998	66.606	12	12	22	12	22	12	21	12	12	11	12	12	22	12	11	21	12	11	11	22	11	12	21	21	22	22	22	12	11	12	12	22	21	12	11	11	11	11	11	22	11	11	11	22	11	22	12	21	11	12	22	12	11	11	21	11	12	22	22	12	22	21	22	21	21	21	11	21	12	11	21	12	11	12	12	11	12	11	12	12	11	11	11	21	22	21	12	11
158	0	25.998	66.606	12	12	22	12	22	12	21	12	12	11	12	12	22	12	11	21	12	11	11	22	11	12	21	21	22	22	22	12	11	12	12	22	21	12	11	11	11	11	11	22	11	11	11	22	11	22	12	21	11	12	22	12	11	11	21	11	12	22	22	12	22	21	22	21	21	21	11	21	12	11	21	12	11	12	12	11	12	11	12	12	11	11	11	21	22	21	12	11
159	0	27.175	66.606	12	12	22	22	22	12	21	12	12	11	12	12	22	12	11	21	12	11	11	22	11	12	21	21	22	22	22	12	11	12	12	22	21	12	11	11	11	11	11	22	11	11	11	22	11	22	12	21	11	12	22	12	11	11	21	11	12	22	22	12	22	21	22	21	21	21	11	21	12	11	21	12	11	12	12	11	12	11	12	12	11	11	11	21	22	21	12	11
156	0	27.175	67.782	12	12	22	22	22	12	21	12	12	12	12	12	22	12	11	21	12	11	11	22	11	12	21	21	22	22	22	12	11	12	12	22	21	12	11	11	11	11	11	22	11	11	11	22	11	22	12	21	11	12	22	12	11	11	21	11	12	22	22	12	22	21	22	21	21	21	11	21	12	11	21	12	11	12	12	11	12	11	12	12	11	11	11	21	22	21	12	11
155	0	27.175	67.782	12	12	22	22	22	12	21	12	12	12	12	12	22	12	11	21	12	11	11	22	11	12	21	21	22	22	22	12	11	12	12	22	21	12	11	11	11	11	11	22	11	11	11	22	11	22	12	21	11	12	22	12	11	11	21	11	12	22	22	12	22	21	22	21	21	21	11	21	12	11	21	12	11	12	12	11	12	11	12	12	11	11	11	21	22	21	12	11
160	0	27.175	67.782	12	12	22	22	22	12	21	12	12	12	12	12	22	12	11	21	12	11	11	22	11	12	21	21	22	22	22	12	11	12	12	22	21	12	11	11	11	11	11	22	11	11	11	22	11	22	12	21	11	12	22	12	11	11	21	11	12	22	22	12	22	21	22	21	21	21	11	21	12	11	21	12	11	12	12	11	12	11	12	12	11	11	11	21	22	21	12	11
161	0	27.175	67.782	12	12	22	22	22	12	21	12	12	12	12	12	22	12	11	21	12	11	11	22	11	12	21	21	22	22	22	12	11	12	12	22	21	12	11	11	11	11	11	22	11	11	11	22	11	22	12	21	11	12	22	12	11	11	21	11	12	22	22	12	22	21	22	21	21	21	11	21	12	11	21	12	11	12	12	11	12	11	12	12	11	11	11	21	22	21	12	11
163	0	27.175	70.163	12	12	22	22	22	12	21	12	12	12	12	12	22	12	11	21	12	11	12	22	12	12	21	21	22	22	22	12	11	12	12	22	21	12	11	11	11	11	11	22	11	11	11	22	11	22	12	21	11	12	22	12	11	11	21	11	12	22	22	12	22	21	22	21	21	21	11	21	12	11	21	12	11	12	12	11	12	11	12	12	11	11	11	21	22	21	12	11
164	0	27.175	71.340	12	12	22	22	22	12	21	12	12	12	12	12	22	12	11	21	12	12	12	22	12	12	21	21	22	22	22	12	11	12	12	22	21	12	11	11	11	11	11	22	11	11	11	22	11	22	12	21	11	12	22	12	11	11	21	11	12	22	22	12	22	21	22	21	21	21	11	21	12	11	21	12	11	12	12	11	12	11	12	12	11	11	11	21	22	21	12	11
165	0	27.175	72.516	12	12	22	22	22	12	21	12	12	12	12	12	22	12	11	21	12	12	12	22	12	12	21	21	22	22	22	12	11	12	12	22	21	12	11	11	11	11	11	22	11	11	11	22	11	22	12	21	11	12	22	12	11	11	21	11	12	22	22	12	22	21	22	21	21	21	12	21	12	11	21	12	11	12	12	11	12	11	12	12	11	11	11	21	22	21	12	11
167	0	27.175	74.898	12	12	22	22	22	12	21	12	12	12	12	12	22	12	11	21	12	12	12	22	12	12	21	21	22	22	22	12	11	12	12	22	21	12	11	11	11	11	11	22	11	12	11	22	11	22	12	21	11	12	22	12	11	11	21	11	12	22	22	12	22	21	22	21	22	21	12	21	12	11	21	12	11	12	12	11	12	11	12	12	11	11	11	21	22	21	12	11
169	0	27.175	74.898	12	12	22	22	22	12	21	12	12	12	12	12	22	12	11	21	12	12	12	22	12	12	21	21	22	22	22	12	11	12	12	22	21	12	11	11	11	11	11	22	11	12	11	22	11	22	12	21	11	12	22	12	11	11	21	11	12	22	22	12	22	21	22	21	22	21	12	21	12	11	21	12	11	12	12	11	12	11	12	12	11	11	11	21	22	21	12	11
168	0	27.175	74.898	12	12	22	22	22	12	21	12	12	12	12	12	22	12	11	21	12	12	12	22	12	12	21	21	22	22	22	12	11	12	12	22	21	12	11	11	11	11	11	22	11	12	11	22	11	22	12	21	11	12	22	12	11	11	21	11	12	22	22	12	22	21	22	21	22	21	12	21	12	11	21	12	11	12	12	11	12	11	12	12	11	11	11	21	22	21	12	11
166	0	27.175	74.898	12	12	22	22	22	12	21	12	12	12	12	12	22	12	11	21	12	12	12	22	12	12	21	21	22	22	22	12	11	12	12	22	21	12	11	11	11	11	11	22	11	12	11	22	11	22	12	21	11	12	22	12	11	11	21	11	12	22	22	12	22	21	22	21	22	21	12	21	12	11	21	12	11	12	12	11	12	11	12	12	11	11	11	21	22	21	12	11
171	0	27.175	74.898	12	12	22	22	22	12	21	12	12	12	12	12	22	12	11	21	12	12	12	22	12	12	21	21	22	22	22	12	11	12	12	22	21	12	11	11	11	11	11	22	11	12	11	22	11	22	12	21	11	12	22	12	11	11	21	11	12	22	22	12	22	21	22	21	22	21	12	21	12	11	21	12	11	12	12	11	12	11	12	12	11	11	11	21	22	21	12	11
170	0	27.175	74.898	12	12	22	22	22	12	21	12	12	12	12	12	22	12	11	21	12	12	12	22	12	12	21	21	22	22	22	12	11	12	12	22	21	12	11	11	11	11	11	22	11	12	11	22	11	22	12	21	11	12	22	12	11	11	21	11	12	22	22	12	22	21	22	21	22	21	12	21	12	11	21	12	11	12	12	11	12	11	12	12	11	11	11	21	22	21	12	11
173	0	27.175	76.074	12	12	22	22	22	12	21	12	12	12	12	12	22	12	11	21	12	12	12	22	12	12	21	21	22	22	22	12	11	12	12	22	21	12	11	11	11	11	11	22	11	12	11	22	11	22	12	21	11	12	22	12	11	11	21	11	12	22	22	12	22	21	22	21	22	21	12	21	12	11	21	12	11	12	12	11	11	11	12	12	11	11	11	21	22	21	12	11
172	0	27.175	78.456	12	12	22	22	22	12	21	12	12	12	12	12	22	12	11	21	12	12	12	22	12	12	21	21	22	22	22	12	11	12	12	22	21	12	11	11	11	11	11	22	11	12	11	22	11	22	12	21	11	12	21	12	11	11	21	11	12	22	22	12	22	22	22	21	22	21	12	21	12	11	21	12	11	12	12	11	11	11	12	12	11	11	11	21	22	21	12	11
