MARKER	CHR	MALE_POS	FEMALE_POS	P1xP2	P1xP2	P1xP2	P1xP2	P1xP2	P1xP2	P1xP2	P1xP2	P1xP2	P1xP2	P1xP2	P1xP2	P1xP2	P1xP2	P1xP2	P1xP2	P1xP2	P1xP2	P1xP2	P1xP2	P1xP2	P1xP2	P1xP2	P1xP2	P1xP2	P1xP2	P1xP2	P1xP2	P1xP2	P1xP2	P1xP2	P1xP2	P1xP2	P1xP2	P1xP2	P1xP2	P1xP2	P1xP2	P1xP2	P1xP2	P1xP2	P1xP2	P1xP2	P1xP2	P1xP2	P1xP2	P1xP2	P1xP2	P1xP2	P1xP2	P1xP2	P1xP2	P1xP2	P1xP2	P1xP2	P1xP2	P1xP2	P1xP2	P1xP2	P1xP2	P1xP2	P1xP2	P1xP2	P1xP2	P1xP2	P1xP2	P1xP2	P1xP2	P1xP2	P1xP2	P1xP2	P1xP2	P1xP2	P1xP2	P1xP2	P1xP2	P1xP2	P1xP2	P1xP2	P1xP2	P1xP2	P1xP2	P1xP2	P1xP2	P1xP2	P1xP2	P1xP2	P1xP2
MARKER	CHR	MALE_POS	FEMALE_POS	P1	P2	C1	C2	C3	C4	C5	C6	C7	C8	C9	C10	C11	C12	C13	C14	C15	C16	C17	C18	C19	C20	C21	C22	C23	C24	C25	C26	C27	C28	C29	C30	C31	C32	C33	C34	C35	C36	C37	C38	C39	C40	C41	C42	C43	C44	C45	C46	C47	C48	C49	C50	C51	C52	C53	C54	C55	C56	C57	C58	C59	C60	C61	C62	C63	C64	C65	C66	C67	C68	C69	C70	C71	C72	C73	C74	C75	C76	C77	C78	C79	C80	C81	C82	C83	C84	C85	C86
MARKER	CHR	MALE_POS	FEMALE_POS	0	0	P1	P1	P1	P1	P1	P1	P1	P1	P1	P1	P1	P1	P1	P1	P1	P1	P1	P1	P1	P1	P1	P1	P1	P1	P1	P1	P1	P1	P1	P1	P1	P1	P1	P1	P1	P1	P1	P1	P1	P1	P1	P1	P1	P1	P1	P1	P1	P1	P1	P1	P1	P1	P1	P1	P1	P1	P1	P1	P1	P1	P1	P1	P1	P1	P1	P1	P1	P1	P1	P1	P1	P1	P1	P1	P1	P1	P1	P1	P1	P1	P1	P1	P1	P1	P1	P1
MARKER	CHR	MALE_POS	FEMALE_POS	0	0	P2	P2	P2	P2	P2	P2	P2	P2	P2	P2	P2	P2	P2	P2	P2	P2	P2	P2	P2	P2	P2	P2	P2	P2	P2	P2	P2	P2	P2	P2	P2	P2	P2	P2	P2	P2	P2	P2	P2	P2	P2	P2	P2	P2	P2	P2	P2	P2	P2	P2	P2	P2	P2	P2	P2	P2	P2	P2	P2	P2	P2	P2	P2	P2	P2	P2	P2	P2	P2	P2	P2	P2	P2	P2	P2	P2	P2	P2	P2	P2	P2	P2	P2	P2	P2	P2
MARKER	CHR	MALE_POS	FEMALE_POS	1	2	0	0	0	0	0	0	0	0	0	0	0	0	0	0	0	0	0	0	0	0	0	0	0	0	0	0	0	0	0	0	0	0	0	0	0	0	0	0	0	0	0	0	0	0	0	0	0	0	0	0	0	0	0	0	0	0	0	0	0	0	0	0	0	0	0	0	0	0	0	0	0	0	0	0	0	0	0	0	0	0	0	0	0	0	0	0
MARKER	CHR	MALE_POS	FEMALE_POS	0	0	0	0	0	0	0	0	0	0	0	0	0	0	0	0	0	0	0	0	0	0	0	0	0	0	0	0	0	0	0	0	0	0	0	0	0	0	0	0	0	0	0	0	0	0	0	0	0	0	0	0	0	0	0	0	0	0	0	0	0	0	0	0	0	0	0	0	0	0	0	0	0	0	0	0	0	0	0	0	0	0	0	0	0	0	0	0
213	0	0.000	0.000	12	12	12	21	12	22	22	22	21	21	11	22	12	21	22	21	11	12	22	11	22	21	12	12	21	21	12	22	22	21	12	21	11	11	22	12	22	22	21	22	21	11	21	12	21	21	12	12	21	21	12	12	12	11	12	21	11	21	11	12	22	11	21	11	22	11	22	21	11	11	11	21	21	12	21	12	21	21	22	21	12	21	21	21	21	12	12	12
214	0	0.000	1.177	12	12	12	21	12	22	22	22	21	21	11	22	12	21	22	21	11	12	22	11	22	21	12	12	21	21	12	22	22	21	12	21	11	11	22	12	22	22	21	22	21	11	21	12	21	21	12	12	21	21	12	12	12	11	12	21	11	21	11	12	22	11	21	11	22	11	21	21	11	11	11	21	21	12	21	12	21	21	22	21	12	21	21	21	21	12	12	12
212	0	1.177	1.177	12	12	12	21	12	22	22	22	21	21	11	22	12	21	22	21	11	12	22	11	22	21	12	12	21	21	12	22	22	11	12	21	11	11	22	12	22	22	21	22	21	11	21	12	21	21	12	12	21	21	12	12	12	11	12	21	11	21	11	12	22	11	21	11	22	11	21	21	11	11	11	21	21	12	21	12	21	21	22	21	12	21	21	21	21	12	12	12
210	0	2.353	2.353	12	12	12	21	12	22	22	22	21	21	11	22	12	21	22	21	11	12	22	11	22	21	12	12	21	21	12	22	22	11	12	21	11	11	22	12	22	22	21	22	21	11	21	12	21	21	12	12	21	21	12	12	12	11	12	21	11	21	11	12	22	11	11	12	22	11	21	21	11	11	11	21	21	12	21	12	21	21	22	21	12	21	21	21	21	12	12	12
211	0	2.353	2.353	12	12	12	21	12	22	22	22	21	21	11	22	12	21	22	21	11	12	22	11	22	21	12	12	21	21	12	22	22	11	12	21	11	11	22	12	22	22	21	22	21	11	21	12	21	21	12	12	21	21	12	12	12	11	12	21	11	21	11	12	22	11	11	12	22	11	21	21	11	11	11	21	21	12	21	12	21	21	22	21	12	21	21	21	21	12	12	12
209	0	2.353	2.353	12	12	12	21	12	22	22	22	21	21	11	22	12	21	22	21	11	12	22	11	22	21	12	12	21	21	12	22	22	11	12	21	11	11	22	12	22	22	21	22	21	11	21	12	21	21	12	12	21	21	12	12	12	11	12	21	11	21	11	12	22	11	11	12	22	11	21	21	11	11	11	21	21	12	21	12	21	21	22	21	12	21	21	21	21	12	12	12
208	0	4.734	5.969	12	12	12	21	12	22	22	22	21	21	11	22	12	21	22	21	12	12	22	11	22	21	12	12	21	11	12	22	22	11	12	21	11	11	22	12	22	22	21	21	21	11	21	12	21	11	12	12	21	21	12	12	12	11	12	21	11	21	11	12	21	11	11	12	22	11	21	21	11	11	11	21	21	12	21	12	21	21	22	21	12	21	21	21	21	12	12	12
205	0	5.911	7.146	12	12	12	21	12	22	22	22	21	21	11	22	12	21	22	21	12	12	22	11	22	21	12	12	21	11	12	22	22	11	12	21	11	11	22	12	22	22	21	21	21	11	21	12	21	11	12	12	21	21	12	12	12	11	12	21	11	21	11	12	21	11	11	12	22	11	11	21	11	11	11	21	21	12	21	12	21	22	22	21	12	21	21	21	21	12	12	12
206	0	5.911	7.146	12	12	12	21	12	22	22	22	21	21	11	22	12	21	22	21	12	12	22	11	22	21	12	12	21	11	12	22	22	11	12	21	11	11	22	12	22	22	21	21	21	11	21	12	21	11	12	12	21	21	12	12	12	11	12	21	11	21	11	12	21	11	11	12	22	11	11	21	11	11	11	21	21	12	21	12	21	22	22	21	12	21	21	21	21	12	12	12
207	0	5.911	7.146	12	12	12	21	12	22	22	22	21	21	11	22	12	21	22	21	12	12	22	11	22	21	12	12	21	11	12	22	22	11	12	21	11	11	22	12	22	22	21	21	21	11	21	12	21	11	12	12	21	21	12	12	12	11	12	21	11	21	11	12	21	11	11	12	22	11	11	21	11	11	11	21	21	12	21	12	21	22	22	21	12	21	21	21	21	12	12	12
203	0	7.088	8.322	12	12	12	21	12	22	22	22	21	21	11	22	12	21	22	21	12	12	22	11	22	21	12	12	21	11	12	22	22	11	12	21	11	11	22	12	22	22	21	21	21	11	21	12	21	11	12	12	21	21	12	12	12	11	12	21	11	21	11	12	21	11	12	12	22	11	11	21	11	11	11	21	21	12	21	12	21	12	22	21	12	21	21	21	21	12	12	12
204	0	7.088	8.322	12	12	12	21	12	22	22	22	21	21	11	22	12	21	22	21	12	12	22	11	22	21	12	12	21	11	12	22	22	11	12	21	11	11	22	12	22	22	21	21	21	11	21	12	21	11	12	12	21	21	12	12	12	11	12	21	11	21	11	12	21	11	12	12	22	11	11	21	11	11	11	21	21	12	21	12	21	12	22	21	12	21	21	21	21	12	12	12
201	0	8.264	9.499	12	12	12	21	12	22	22	22	21	21	11	22	12	21	22	21	12	12	22	11	22	21	12	12	21	11	12	22	22	11	12	21	11	11	22	12	22	22	21	21	21	11	21	12	21	11	12	12	21	21	12	12	12	11	12	21	11	21	11	12	21	11	12	12	22	11	11	21	11	11	11	21	21	12	21	12	21	12	22	22	12	21	21	21	21	22	12	12
200	0	8.264	9.499	12	12	12	21	12	22	22	22	21	21	11	22	12	21	22	21	12	12	22	11	22	21	12	12	21	11	12	22	22	11	12	21	11	11	22	12	22	22	21	21	21	11	21	12	21	11	12	12	21	21	12	12	12	11	12	21	11	21	11	12	21	11	12	12	22	11	11	21	11	11	11	21	21	12	21	12	21	12	22	22	12	21	21	21	21	22	12	12
197	0	8.264	9.499	12	12	12	21	12	22	22	22	21	21	11	22	12	21	22	21	12	12	22	11	22	21	12	12	21	11	12	22	22	11	12	21	11	11	22	12	22	22	21	21	21	11	21	12	21	11	12	12	21	21	12	12	12	11	12	21	11	21	11	12	21	11	12	12	22	11	11	21	11	11	11	21	21	12	21	12	21	12	22	22	12	21	21	21	21	22	12	12
199	0	8.264	9.499	12	12	12	21	12	22	22	22	21	21	11	22	12	21	22	21	12	12	22	11	22	21	12	12	21	11	12	22	22	11	12	21	11	11	22	12	22	22	21	21	21	11	21	12	21	11	12	12	21	21	12	12	12	11	12	21	11	21	11	12	21	11	12	12	22	11	11	21	11	11	11	21	21	12	21	12	21	12	22	22	12	21	21	21	21	22	12	12
198	0	8.264	9.499	12	12	12	21	12	22	22	22	21	21	11	22	12	21	22	21	12	12	22	11	22	21	12	12	21	11	12	22	22	11	12	21	11	11	22	12	22	22	21	21	21	11	21	12	21	11	12	12	21	21	12	12	12	11	12	21	11	21	11	12	21	11	12	12	22	11	11	21	11	11	11	21	21	12	21	12	21	12	22	22	12	21	21	21	21	22	12	12
202	0	8.264	9.499	12	12	12	21	12	22	22	22	21	21	11	22	12	21	22	21	12	12	22	11	22	21	12	12	21	11	12	22	22	11	12	21	11	11	22	12	22	22	21	21	21	11	21	12	21	11	12	12	21	21	12	12	12	11	12	21	11	21	11	12	21	11	12	12	22	11	11	21	11	11	11	21	21	12	21	12	21	12	22	22	12	21	21	21	21	22	12	12
196	0	9.441	13.115	12	12	12	21	12	22	22	22	21	21	11	22	12	21	22	21	12	12	22	12	22	21	12	12	21	11	12	22	22	11	12	21	11	11	22	12	21	22	21	21	21	11	21	12	21	11	12	12	21	21	12	12	12	11	12	21	11	21	11	12	21	11	12	12	22	11	11	21	11	11	11	21	21	12	11	12	21	12	22	22	12	21	21	21	21	21	12	12
194	0	9.441	13.115	12	12	12	21	12	22	22	22	21	21	11	22	12	21	22	21	12	12	22	12	22	21	12	12	21	11	12	22	22	11	12	21	11	11	22	12	21	22	21	21	21	11	21	12	21	11	12	12	21	21	12	12	12	11	12	21	11	21	11	12	21	11	12	12	22	11	11	21	11	11	11	21	21	12	11	12	21	12	22	22	12	21	21	21	21	21	12	12
195	0	9.441	13.115	12	12	12	21	12	22	22	22	21	21	11	22	12	21	22	21	12	12	22	12	22	21	12	12	21	11	12	22	22	11	12	21	11	11	22	12	21	22	21	21	21	11	21	12	21	11	12	12	21	21	12	12	12	11	12	21	11	21	11	12	21	11	12	12	22	11	11	21	11	11	11	21	21	12	11	12	21	12	22	22	12	21	21	21	21	21	12	12
193	0	10.617	13.115	12	12	12	21	12	22	22	22	21	21	11	22	12	21	22	21	12	12	22	12	22	21	12	12	21	11	12	22	22	11	12	21	11	11	22	12	21	22	21	21	21	11	21	12	21	11	12	12	21	21	12	12	12	11	12	21	11	11	11	12	21	11	12	12	22	11	11	21	11	11	11	21	21	12	11	12	21	12	22	22	12	21	21	21	21	21	12	12
192	0	10.617	13.115	12	12	12	21	12	22	22	22	21	21	11	22	12	21	22	21	12	12	22	12	22	21	12	12	21	11	12	22	22	11	12	21	11	11	22	12	21	22	21	21	21	11	21	12	21	11	12	12	21	21	12	12	12	11	12	21	11	11	11	12	21	11	12	12	22	11	11	21	11	11	11	21	21	12	11	12	21	12	22	22	12	21	21	21	21	21	12	12
191	0	10.617	13.115	12	12	12	21	12	22	22	22	21	21	11	22	12	21	22	21	12	12	22	12	22	21	12	12	21	11	12	22	22	11	12	21	11	11	22	12	21	22	21	21	21	11	21	12	21	11	12	12	21	21	12	12	12	11	12	21	11	11	11	12	21	11	12	12	22	11	11	21	11	11	11	21	21	12	11	12	21	12	22	22	12	21	21	21	21	21	12	12
190	0	10.617	14.291	12	12	12	21	12	22	22	22	21	21	11	22	12	21	22	21	12	12	22	12	22	22	12	12	21	11	12	22	22	11	12	21	11	11	22	12	21	22	21	21	21	11	21	12	21	11	12	12	21	21	12	12	12	11	12	21	11	11	11	12	21	11	12	12	22	11	11	21	11	11	11	21	21	12	11	12	21	12	22	22	12	21	21	21	21	21	12	12
189	0	10.617	14.291	12	12	12	21	12	22	22	22	21	21	11	22	12	21	22	21	12	12	22	12	22	22	12	12	21	11	12	22	22	11	12	21	11	11	22	12	21	22	21	21	21	11	21	12	21	11	12	12	21	21	12	12	12	11	12	21	11	11	11	12	21	11	12	12	22	11	11	21	11	11	11	21	21	12	11	12	21	12	22	22	12	21	21	21	21	21	12	12
188	0	10.617	15.468	12	12	12	21	12	22	22	22	21	21	11	22	12	21	22	21	12	12	22	12	22	22	12	12	21	11	12	22	22	11	12	21	11	11	22	12	21	22	21	21	21	11	21	12	21	11	12	12	21	21	12	12	12	11	12	21	11	11	11	12	21	11	12	12	21	11	11	21	11	11	11	21	21	12	11	12	21	12	22	22	12	21	21	21	21	21	12	12
187	0	10.617	15.468	12	12	12	21	12	22	22	22	21	21	11	22	12	21	22	21	12	12	22	12	22	22	12	12	21	11	12	22	22	11	12	21	11	11	22	12	21	22	21	21	21	11	21	12	21	11	12	12	21	21	12	12	12	11	12	21	11	11	11	12	21	11	12	12	21	11	11	21	11	11	11	21	21	12	11	12	21	12	22	22	12	21	21	21	21	21	12	12
186	0	12.998	19.084	12	12	12	21	12	22	22	22	22	21	11	22	11	21	22	21	12	12	22	12	22	12	12	12	21	11	12	22	22	11	12	21	11	11	22	12	21	22	21	21	21	11	21	12	21	12	12	12	21	21	12	12	12	11	12	21	11	11	11	12	21	11	12	12	21	11	11	21	11	11	11	21	21	12	11	12	21	12	22	22	22	21	21	21	21	21	12	12
184	0	12.998	20.260	12	12	12	21	12	22	22	22	22	21	11	22	11	21	22	21	12	12	22	12	22	12	12	12	21	11	12	22	22	11	12	21	11	11	22	12	21	22	21	21	21	11	21	12	21	12	12	12	21	21	12	12	12	11	12	21	11	11	12	12	21	11	12	12	21	11	11	21	11	11	11	21	21	12	11	12	21	12	22	22	22	21	21	21	21	21	12	12
182	0	12.998	20.260	12	12	12	21	12	22	22	22	22	21	11	22	11	21	22	21	12	12	22	12	22	12	12	12	21	11	12	22	22	11	12	21	11	11	22	12	21	22	21	21	21	11	21	12	21	12	12	12	21	21	12	12	12	11	12	21	11	11	12	12	21	11	12	12	21	11	11	21	11	11	11	21	21	12	11	12	21	12	22	22	22	21	21	21	21	21	12	12
181	0	12.998	20.260	12	12	12	21	12	22	22	22	22	21	11	22	11	21	22	21	12	12	22	12	22	12	12	12	21	11	12	22	22	11	12	21	11	11	22	12	21	22	21	21	21	11	21	12	21	12	12	12	21	21	12	12	12	11	12	21	11	11	12	12	21	11	12	12	21	11	11	21	11	11	11	21	21	12	11	12	21	12	22	22	22	21	21	21	21	21	12	12
183	0	12.998	20.260	12	12	12	21	12	22	22	22	22	21	11	22	11	21	22	21	12	12	22	12	22	12	12	12	21	11	12	22	22	11	12	21	11	11	22	12	21	22	21	21	21	11	21	12	21	12	12	12	21	21	12	12	12	11	12	21	11	11	12	12	21	11	12	12	21	11	11	21	11	11	11	21	21	12	11	12	21	12	22	22	22	21	21	21	21	21	12	12
185	0	14.175	20.260	12	12	12	21	12	22	22	22	22	21	11	22	11	21	22	21	12	12	22	12	22	12	12	12	21	11	12	22	22	11	12	21	11	11	22	12	21	22	21	21	21	11	21	12	21	12	12	12	21	21	12	12	12	11	12	21	11	11	12	12	21	11	12	12	21	11	11	21	11	11	11	21	21	12	11	12	21	12	22	22	22	21	21	21	21	11	12	12
180	0	14.175	23.876	12	12	12	21	12	22	22	22	22	21	11	22	11	21	22	21	12	12	22	12	22	12	12	12	21	11	12	22	22	11	12	21	11	11	22	12	21	22	21	21	21	11	21	12	21	12	12	12	21	21	12	12	12	11	12	21	11	11	12	12	21	11	12	12	21	11	11	21	11	11	11	21	22	12	11	12	21	12	21	22	22	21	21	21	21	11	11	12
179	0	14.175	23.876	12	12	12	21	12	22	22	22	22	21	11	22	11	21	22	21	12	12	22	12	22	12	12	12	21	11	12	22	22	11	12	21	11	11	22	12	21	22	21	21	21	11	21	12	21	12	12	12	21	21	12	12	12	11	12	21	11	11	12	12	21	11	12	12	21	11	11	21	11	11	11	21	22	12	11	12	21	12	21	22	22	21	21	21	21	11	11	12
178	0	14.175	26.258	12	12	12	21	12	22	22	22	22	21	11	22	11	21	22	21	12	12	22	12	22	12	12	12	21	12	12	22	22	11	12	21	11	11	22	12	21	22	21	21	21	11	21	12	21	12	12	12	21	21	12	12	12	11	12	21	11	11	12	12	21	11	12	12	21	11	11	21	11	11	11	21	22	12	11	12	21	12	21	22	22	21	22	21	21	11	11	12
175	0	14.175	26.258	12	12	12	21	12	22	22	22	22	21	11	22	11	21	22	21	12	12	22	12	22	12	12	12	21	12	12	22	22	11	12	21	11	11	22	12	21	22	21	21	21	11	21	12	21	12	12	12	21	21	12	12	12	11	12	21	11	11	12	12	21	11	12	12	21	11	11	21	11	11	11	21	22	12	11	12	21	12	21	22	22	21	22	21	21	11	11	12
176	0	14.175	26.258	12	12	12	21	12	22	22	22	22	21	11	22	11	21	22	21	12	12	22	12	22	12	12	12	21	12	12	22	22	11	12	21	11	11	22	12	21	22	21	21	21	11	21	12	21	12	12	12	21	21	12	12	12	11	12	21	11	11	12	12	21	11	12	12	21	11	11	21	11	11	11	21	22	12	11	12	21	12	21	22	22	21	22	21	21	11	11	12
177	0	14.175	26.258	12	12	12	21	12	22	22	22	22	21	11	22	11	21	22	21	12	12	22	12	22	12	12	12	21	12	12	22	22	11	12	21	11	11	22	12	21	22	21	21	21	11	21	12	21	12	12	12	21	21	12	12	12	11	12	21	11	11	12	12	21	11	12	12	21	11	11	21	11	11	11	21	22	12	11	12	21	12	21	22	22	21	22	21	21	11	11	12
174	0	14.175	26.258	12	12	12	21	12	22	22	22	22	21	11	22	11	21	22	21	12	12	22	12	22	12	12	12	21	12	12	22	22	11	12	21	11	11	22	12	21	22	21	21	21	11	21	12	21	12	12	12	21	21	12	12	12	11	12	21	11	11	12	12	21	11	12	12	21	11	11	21	11	11	11	21	22	12	11	12	21	12	21	22	22	21	22	21	21	11	11	12
172	0	14.175	27.434	12	12	12	21	12	22	22	22	22	21	11	22	11	21	22	21	12	12	22	12	22	12	12	12	21	12	12	22	22	11	12	21	11	11	22	12	21	22	21	21	21	11	21	12	21	12	12	12	21	21	12	12	12	11	12	21	12	11	12	12	21	11	12	12	21	11	11	21	11	11	11	21	22	12	11	12	21	12	21	22	22	21	22	21	21	11	11	12
173	0	14.175	27.434	12	12	12	21	12	22	22	22	22	21	11	22	11	21	22	21	12	12	22	12	22	12	12	12	21	12	12	22	22	11	12	21	11	11	22	12	21	22	21	21	21	11	21	12	21	12	12	12	21	21	12	12	12	11	12	21	12	11	12	12	21	11	12	12	21	11	11	21	11	11	11	21	22	12	11	12	21	12	21	22	22	21	22	21	21	11	11	12
171	0	14.175	27.434	12	12	12	21	12	22	22	22	22	21	11	22	11	21	22	21	12	12	22	12	22	12	12	12	21	12	12	22	22	11	12	21	11	11	22	12	21	22	21	21	21	11	21	12	21	12	12	12	21	21	12	12	12	11	12	21	12	11	12	12	21	11	12	12	21	11	11	21	11	11	11	21	22	12	11	12	21	12	21	22	22	21	22	21	21	11	11	12
155	0	15.352	27.434	12	12	12	21	12	22	22	22	22	21	11	22	11	21	22	21	12	12	22	12	22	12	12	12	21	12	12	22	22	11	12	21	11	11	22	12	21	22	21	21	21	11	21	12	21	12	12	12	21	21	12	12	12	11	12	21	12	11	12	12	21	11	12	12	11	11	11	21	11	11	11	21	22	12	11	12	21	12	21	22	22	21	22	21	21	11	11	12
167	0	15.352	27.434	12	12	12	21	12	22	22	22	22	21	11	22	11	21	22	21	12	12	22	12	22	12	12	12	21	12	12	22	22	11	12	21	11	11	22	12	21	22	21	21	21	11	21	12	21	12	12	12	21	21	12	12	12	11	12	21	12	11	12	12	21	11	12	12	11	11	11	21	11	11	11	21	22	12	11	12	21	12	21	22	22	21	22	21	21	11	11	12
156	0	15.352	27.434	12	12	12	21	12	22	22	22	22	21	11	22	11	21	22	21	12	12	22	12	22	12	12	12	21	12	12	22	22	11	12	21	11	11	22	12	21	22	21	21	21	11	21	12	21	12	12	12	21	21	12	12	12	11	12	21	12	11	12	12	21	11	12	12	11	11	11	21	11	11	11	21	22	12	11	12	21	12	21	22	22	21	22	21	21	11	11	12
164	0	15.352	27.434	12	12	12	21	12	22	22	22	22	21	11	22	11	21	22	21	12	12	22	12	22	12	12	12	21	12	12	22	22	11	12	21	11	11	22	12	21	22	21	21	21	11	21	12	21	12	12	12	21	21	12	12	12	11	12	21	12	11	12	12	21	11	12	12	11	11	11	21	11	11	11	21	22	12	11	12	21	12	21	22	22	21	22	21	21	11	11	12
160	0	15.352	27.434	12	12	12	21	12	22	22	22	22	21	11	22	11	21	22	21	12	12	22	12	22	12	12	12	21	12	12	22	22	11	12	21	11	11	22	12	21	22	21	21	21	11	21	12	21	12	12	12	21	21	12	12	12	11	12	21	12	11	12	12	21	11	12	12	11	11	11	21	11	11	11	21	22	12	11	12	21	12	21	22	22	21	22	21	21	11	11	12
162	0	15.352	27.434	12	12	12	21	12	22	22	22	22	21	11	22	11	21	22	21	12	12	22	12	22	12	12	12	21	12	12	22	22	11	12	21	11	11	22	12	21	22	21	21	21	11	21	12	21	12	12	12	21	21	12	12	12	11	12	21	12	11	12	12	21	11	12	12	11	11	11	21	11	11	11	21	22	12	11	12	21	12	21	22	22	21	22	21	21	11	11	12
166	0	15.352	27.434	12	12	12	21	12	22	22	22	22	21	11	22	11	21	22	21	12	12	22	12	22	12	12	12	21	12	12	22	22	11	12	21	11	11	22	12	21	22	21	21	21	11	21	12	21	12	12	12	21	21	12	12	12	11	12	21	12	11	12	12	21	11	12	12	11	11	11	21	11	11	11	21	22	12	11	12	21	12	21	22	22	21	22	21	21	11	11	12
169	0	15.352	27.434	12	12	12	21	12	22	22	22	22	21	11	22	11	21	22	21	12	12	22	12	22	12	12	12	21	12	12	22	22	11	12	21	11	11	22	12	21	22	21	21	21	11	21	12	21	12	12	12	21	21	12	12	12	11	12	21	12	11	12	12	21	11	12	12	11	11	11	21	11	11	11	21	22	12	11	12	21	12	21	22	22	21	22	21	21	11	11	12
159	0	15.352	27.434	12	12	12	21	12	22	22	22	22	21	11	22	11	21	22	21	12	12	22	12	22	12	12	12	21	12	12	22	22	11	12	21	11	11	22	12	21	22	21	21	21	11	21	12	21	12	12	12	21	21	12	12	12	11	12	21	12	11	12	12	21	11	12	12	11	11	11	21	11	11	11	21	22	12	11	12	21	12	21	22	22	21	22	21	21	11	11	12
168	0	15.352	27.434	12	12	12	21	12	22	22	22	22	21	11	22	11	21	22	21	12	12	22	12	22	12	12	12	21	12	12	22	22	11	12	21	11	11	22	12	21	22	21	21	21	11	21	12	21	12	12	12	21	21	12	12	12	11	12	21	12	11	12	12	21	11	12	12	11	11	11	21	11	11	11	21	22	12	11	12	21	12	21	22	22	21	22	21	21	11	11	12
170	0	15.352	27.434	12	12	12	21	12	22	22	22	22	21	11	22	11	21	22	21	12	12	22	12	22	12	12	12	21	12	12	22	22	11	12	21	11	11	22	12	21	22	21	21	21	11	21	12	21	12	12	12	21	21	12	12	12	11	12	21	12	11	12	12	21	11	12	12	11	11	11	21	11	11	11	21	22	12	11	12	21	12	21	22	22	21	22	21	21	11	11	12
158	0	15.352	27.434	12	12	12	21	12	22	22	22	22	21	11	22	11	21	22	21	12	12	22	12	22	12	12	12	21	12	12	22	22	11	12	21	11	11	22	12	21	22	21	21	21	11	21	12	21	12	12	12	21	21	12	12	12	11	12	21	12	11	12	12	21	11	12	12	11	11	11	21	11	11	11	21	22	12	11	12	21	12	21	22	22	21	22	21	21	11	11	12
161	0	15.352	27.434	12	12	12	21	12	22	22	22	22	21	11	22	11	21	22	21	12	12	22	12	22	12	12	12	21	12	12	22	22	11	12	21	11	11	22	12	21	22	21	21	21	11	21	12	21	12	12	12	21	21	12	12	12	11	12	21	12	11	12	12	21	11	12	12	11	11	11	21	11	11	11	21	22	12	11	12	21	12	21	22	22	21	22	21	21	11	11	12
157	0	15.352	27.434	12	12	12	21	12	22	22	22	22	21	11	22	11	21	22	21	12	12	22	12	22	12	12	12	21	12	12	22	22	11	12	21	11	11	22	12	21	22	21	21	21	11	21	12	21	12	12	12	21	21	12	12	12	11	12	21	12	11	12	12	21	11	12	12	11	11	11	21	11	11	11	21	22	12	11	12	21	12	21	22	22	21	22	21	21	11	11	12
165	0	15.352	27.434	12	12	12	21	12	22	22	22	22	21	11	22	11	21	22	21	12	12	22	12	22	12	12	12	21	12	12	22	22	11	12	21	11	11	22	12	21	22	21	21	21	11	21	12	21	12	12	12	21	21	12	12	12	11	12	21	12	11	12	12	21	11	12	12	11	11	11	21	11	11	11	21	22	12	11	12	21	12	21	22	22	21	22	21	21	11	11	12
148	0	15.352	28.611	12	12	12	21	12	22	22	22	22	21	11	21	11	21	22	21	12	12	22	12	22	12	12	12	21	12	12	22	22	11	12	21	11	11	22	12	21	22	21	21	21	11	21	12	21	12	12	12	21	21	12	12	12	11	12	21	12	11	12	12	21	11	12	12	11	11	11	21	11	11	11	21	22	12	11	12	21	12	21	22	22	21	22	21	21	11	11	12
154	0	15.352	28.611	12	12	12	21	12	22	22	22	22	21	11	21	11	21	22	21	12	12	22	12	22	12	12	12	21	12	12	22	22	11	12	21	11	11	22	12	21	22	21	21	21	11	21	12	21	12	12	12	21	21	12	12	12	11	12	21	12	11	12	12	21	11	12	12	11	11	11	21	11	11	11	21	22	12	11	12	21	12	21	22	22	21	22	21	21	11	11	12
149	0	15.352	28.611	12	12	12	21	12	22	22	22	22	21	11	21	11	21	22	21	12	12	22	12	22	12	12	12	21	12	12	22	22	11	12	21	11	11	22	12	21	22	21	21	21	11	21	12	21	12	12	12	21	21	12	12	12	11	12	21	12	11	12	12	21	11	12	12	11	11	11	21	11	11	11	21	22	12	11	12	21	12	21	22	22	21	22	21	21	11	11	12
147	0	15.352	28.611	12	12	12	21	12	22	22	22	22	21	11	21	11	21	22	21	12	12	22	12	22	12	12	12	21	12	12	22	22	11	12	21	11	11	22	12	21	22	21	21	21	11	21	12	21	12	12	12	21	21	12	12	12	11	12	21	12	11	12	12	21	11	12	12	11	11	11	21	11	11	11	21	22	12	11	12	21	12	21	22	22	21	22	21	21	11	11	12
150	0	15.352	28.611	12	12	12	21	12	22	22	22	22	21	11	21	11	21	22	21	12	12	22	12	22	12	12	12	21	12	12	22	22	11	12	21	11	11	22	12	21	22	21	21	21	11	21	12	21	12	12	12	21	21	12	12	12	11	12	21	12	11	12	12	21	11	12	12	11	11	11	21	11	11	11	21	22	12	11	12	21	12	21	22	22	21	22	21	21	11	11	12
153	0	15.352	28.611	12	12	12	21	12	22	22	22	22	21	11	21	11	21	22	21	12	12	22	12	22	12	12	12	21	12	12	22	22	11	12	21	11	11	22	12	21	22	21	21	21	11	21	12	21	12	12	12	21	21	12	12	12	11	12	21	12	11	12	12	21	11	12	12	11	11	11	21	11	11	11	21	22	12	11	12	21	12	21	22	22	21	22	21	21	11	11	12
151	0	15.352	29.787	12	12	12	21	11	22	22	22	22	21	11	21	11	21	22	21	12	12	22	12	22	12	12	12	21	12	12	22	22	11	12	21	11	11	22	12	21	22	21	21	21	11	21	12	21	12	12	12	21	21	12	12	12	11	12	21	12	11	12	12	21	11	12	12	11	11	11	21	11	11	11	21	22	12	11	12	21	12	21	22	22	21	22	21	21	11	11	12
152	0	15.352	29.787	12	12	12	21	11	22	22	22	22	21	11	21	11	21	22	21	12	12	22	12	22	12	12	12	21	12	12	22	22	11	12	21	11	11	22	12	21	22	21	21	21	11	21	12	21	12	12	12	21	21	12	12	12	11	12	21	12	11	12	12	21	11	12	12	11	11	11	21	11	11	11	21	22	12	11	12	21	12	21	22	22	21	22	21	21	11	11	12
163	0	15.352	30.964	12	12	12	21	11	22	22	22	22	21	11	21	11	21	22	21	12	12	22	12	22	12	12	12	21	12	12	21	22	11	12	21	11	11	22	12	21	22	21	21	21	11	21	12	21	12	12	12	21	21	12	12	12	11	12	21	12	11	12	12	21	11	12	12	11	11	11	21	11	11	11	21	22	12	11	12	21	12	21	22	22	21	22	21	21	11	11	12
145	0	17.733	32.140	12	12	12	21	11	22	22	22	22	21	11	21	11	21	22	21	12	12	22	12	22	12	12	12	21	12	12	21	22	11	12	21	11	11	22	12	21	22	21	21	21	11	21	12	22	12	12	12	21	21	12	12	12	11	12	11	12	11	12	12	21	11	12	12	11	11	11	21	11	11	11	21	22	12	11	12	21	12	21	22	22	11	22	21	21	11	11	12
144	0	17.733	32.140	12	12	12	21	11	22	22	22	22	21	11	21	11	21	22	21	12	12	22	12	22	12	12	12	21	12	12	21	22	11	12	21	11	11	22	12	21	22	21	21	21	11	21	12	22	12	12	12	21	21	12	12	12	11	12	11	12	11	12	12	21	11	12	12	11	11	11	21	11	11	11	21	22	12	11	12	21	12	21	22	22	11	22	21	21	11	11	12
143	0	17.733	32.140	12	12	12	21	11	22	22	22	22	21	11	21	11	21	22	21	12	12	22	12	22	12	12	12	21	12	12	21	22	11	12	21	11	11	22	12	21	22	21	21	21	11	21	12	22	12	12	12	21	21	12	12	12	11	12	11	12	11	12	12	21	11	12	12	11	11	11	21	11	11	11	21	22	12	11	12	21	12	21	22	22	11	22	21	21	11	11	12
146	0	18.909	33.317	12	12	12	21	21	22	22	22	22	21	11	21	11	21	22	21	12	12	22	12	22	12	12	12	21	12	12	21	22	11	12	21	11	11	22	12	21	22	21	21	21	11	21	12	22	12	12	12	21	21	12	12	12	11	12	11	12	11	12	12	21	11	12	12	11	11	11	21	11	11	11	21	22	12	11	12	21	12	21	22	22	12	22	21	21	11	11	12
142	0	18.909	33.317	12	12	12	21	21	22	22	22	22	21	11	21	11	21	22	21	12	12	22	12	22	12	12	12	21	12	12	21	22	11	12	21	11	11	22	12	21	22	21	21	21	11	21	12	22	12	12	12	21	21	12	12	12	11	12	11	12	11	12	12	21	11	12	12	11	11	11	21	11	11	11	21	22	12	11	12	21	12	21	22	22	12	22	21	21	11	11	12
141	0	18.909	34.493	12	12	12	21	21	22	22	22	22	21	11	21	11	21	21	21	12	12	22	12	22	12	12	12	21	12	12	21	22	11	12	21	11	11	22	12	21	22	21	21	21	11	21	12	22	12	12	12	21	21	12	12	12	11	12	11	12	11	12	12	21	11	12	12	11	11	11	21	11	11	11	21	22	12	11	12	21	12	21	22	22	12	22	21	21	11	11	12
140	0	18.909	34.493	12	12	12	21	21	22	22	22	22	21	11	21	11	21	21	21	12	12	22	12	22	12	12	12	21	12	12	21	22	11	12	21	11	11	22	12	21	22	21	21	21	11	21	12	22	12	12	12	21	21	12	12	12	11	12	11	12	11	12	12	21	11	12	12	11	11	11	21	11	11	11	21	22	12	11	12	21	12	21	22	22	12	22	21	21	11	11	12
139	0	20.086	34.493	12	12	12	21	21	22	22	22	22	21	11	21	11	21	21	11	12	12	22	12	22	12	12	12	21	12	12	21	22	11	12	21	11	11	22	12	21	22	21	21	21	11	21	12	22	12	12	12	21	21	12	12	12	11	12	11	12	11	12	12	21	11	12	12	11	11	11	21	11	11	11	21	22	12	11	12	21	12	21	22	22	12	22	21	21	11	11	12
138	0	20.086	34.493	12	12	12	21	21	22	22	22	22	21	11	21	11	21	21	11	12	12	22	12	22	12	12	12	21	12	12	21	22	11	12	21	11	11	22	12	21	22	21	21	21	11	21	12	22	12	12	12	21	21	12	12	12	11	12	11	12	11	12	12	21	11	12	12	11	11	11	21	11	11	11	21	22	12	11	12	21	12	21	22	22	12	22	21	21	11	11	12
137	0	23.702	34.493	12	12	12	21	21	22	22	22	22	21	11	21	11	21	21	11	12	12	22	12	22	12	12	12	21	12	12	21	22	11	12	21	11	11	22	12	21	22	11	21	11	11	21	12	22	12	12	12	21	21	12	12	12	11	12	11	12	11	12	12	21	11	12	12	11	11	11	21	11	11	11	21	22	12	11	12	21	12	21	22	22	12	22	11	21	11	11	12
136	0	23.702	35.670	12	12	12	21	21	22	21	22	22	21	11	21	11	21	21	11	12	12	22	12	22	12	12	12	21	12	12	21	22	11	12	21	11	11	22	12	21	22	11	21	11	11	21	12	22	12	12	12	21	21	12	12	12	11	12	11	12	11	12	12	21	11	12	12	11	11	11	21	11	11	11	21	22	12	11	12	21	12	21	22	22	12	22	11	21	11	11	12
135	0	23.702	35.670	12	12	12	21	21	22	21	22	22	21	11	21	11	21	21	11	12	12	22	12	22	12	12	12	21	12	12	21	22	11	12	21	11	11	22	12	21	22	11	21	11	11	21	12	22	12	12	12	21	21	12	12	12	11	12	11	12	11	12	12	21	11	12	12	11	11	11	21	11	11	11	21	22	12	11	12	21	12	21	22	22	12	22	11	21	11	11	12
133	0	24.879	35.670	12	12	12	21	21	22	11	22	22	21	11	21	11	21	21	11	12	12	22	12	22	12	12	12	21	12	12	21	22	11	12	21	11	11	22	12	21	22	11	21	11	11	21	12	22	12	12	12	21	21	12	12	12	11	12	11	12	11	12	12	21	11	12	12	11	11	11	21	11	11	11	21	22	12	11	12	21	12	21	22	22	12	22	11	21	11	11	12
132	0	24.879	35.670	12	12	12	21	21	22	11	22	22	21	11	21	11	21	21	11	12	12	22	12	22	12	12	12	21	12	12	21	22	11	12	21	11	11	22	12	21	22	11	21	11	11	21	12	22	12	12	12	21	21	12	12	12	11	12	11	12	11	12	12	21	11	12	12	11	11	11	21	11	11	11	21	22	12	11	12	21	12	21	22	22	12	22	11	21	11	11	12
134	0	24.879	35.670	12	12	12	21	21	22	11	22	22	21	11	21	11	21	21	11	12	12	22	12	22	12	12	12	21	12	12	21	22	11	12	21	11	11	22	12	21	22	11	21	11	11	21	12	22	12	12	12	21	21	12	12	12	11	12	11	12	11	12	12	21	11	12	12	11	11	11	21	11	11	11	21	22	12	11	12	21	12	21	22	22	12	22	11	21	11	11	12
130	0	26.055	36.846	12	12	12	21	21	22	11	22	22	21	11	21	11	21	21	12	12	12	22	12	22	22	12	12	21	12	12	21	22	11	12	21	11	11	22	12	21	22	11	21	11	11	21	12	22	12	12	12	21	21	12	12	12	11	12	11	12	11	12	12	21	11	12	12	11	11	11	21	11	11	11	21	22	12	11	12	21	12	21	22	22	12	22	11	21	11	11	12
131	0	26.055	36.846	12	12	12	21	21	22	11	22	22	21	11	21	11	21	21	12	12	12	22	12	22	22	12	12	21	12	12	21	22	11	12	21	11	11	22	12	21	22	11	21	11	11	21	12	22	12	12	12	21	21	12	12	12	11	12	11	12	11	12	12	21	11	12	12	11	11	11	21	11	11	11	21	22	12	11	12	21	12	21	22	22	12	22	11	21	11	11	12
129	0	26.055	36.846	12	12	12	21	21	22	11	22	22	21	11	21	11	21	21	12	12	12	22	12	22	22	12	12	21	12	12	21	22	11	12	21	11	11	22	12	21	22	11	21	11	11	21	12	22	12	12	12	21	21	12	12	12	11	12	11	12	11	12	12	21	11	12	12	11	11	11	21	11	11	11	21	22	12	11	12	21	12	21	22	22	12	22	11	21	11	11	12
128	0	28.436	36.846	12	12	12	21	21	22	11	22	22	21	11	21	11	21	21	12	12	12	22	12	22	22	12	12	21	12	12	21	22	11	12	21	11	11	22	12	21	22	11	21	11	11	21	12	22	12	12	12	21	11	12	12	12	11	12	11	12	11	12	12	21	11	12	12	11	11	11	21	11	11	11	21	22	12	11	12	21	12	21	12	22	12	22	11	21	11	11	12
127	0	28.436	36.846	12	12	12	21	21	22	11	22	22	21	11	21	11	21	21	12	12	12	22	12	22	22	12	12	21	12	12	21	22	11	12	21	11	11	22	12	21	22	11	21	11	11	21	12	22	12	12	12	21	11	12	12	12	11	12	11	12	11	12	12	21	11	12	12	11	11	11	21	11	11	11	21	22	12	11	12	21	12	21	12	22	12	22	11	21	11	11	12
125	0	28.436	36.846	12	12	12	21	21	22	11	22	22	21	11	21	11	21	21	12	12	12	22	12	22	22	12	12	21	12	12	21	22	11	12	21	11	11	22	12	21	22	11	21	11	11	21	12	22	12	12	12	21	11	12	12	12	11	12	11	12	11	12	12	21	11	12	12	11	11	11	21	11	11	11	21	22	12	11	12	21	12	21	12	22	12	22	11	21	11	11	12
126	0	28.436	36.846	12	12	12	21	21	22	11	22	22	21	11	21	11	21	21	12	12	12	22	12	22	22	12	12	21	12	12	21	22	11	12	21	11	11	22	12	21	22	11	21	11	11	21	12	22	12	12	12	21	11	12	12	12	11	12	11	12	11	12	12	21	11	12	12	11	11	11	21	11	11	11	21	22	12	11	12	21	12	21	12	22	12	22	11	21	11	11	12
124	0	29.613	38.023	12	12	12	21	21	22	11	22	22	21	11	21	11	21	21	12	12	12	22	12	22	22	12	12	21	12	12	21	22	11	12	21	11	11	22	12	21	22	11	21	11	11	21	12	22	12	12	12	21	12	12	12	12	11	12	11	12	11	12	12	21	11	12	12	11	11	11	21	11	11	11	21	22	12	11	12	21	12	21	22	22	12	22	11	21	11	11	12
123	0	30.790	39.200	12	12	12	21	21	22	11	22	22	21	11	21	11	21	21	12	12	12	22	12	22	22	12	12	21	12	12	21	22	11	12	21	11	11	22	12	21	22	11	21	11	11	21	12	22	12	12	12	21	12	12	12	12	11	12	11	12	11	12	12	21	11	12	12	11	11	11	21	11	11	11	11	22	12	11	12	21	12	21	22	22	12	22	11	22	11	11	12
121	0	30.790	39.200	12	12	12	21	21	22	11	22	22	21	11	21	11	21	21	12	12	12	22	12	22	22	12	12	21	12	12	21	22	11	12	21	11	11	22	12	21	22	11	21	11	11	21	12	22	12	12	12	21	12	12	12	12	11	12	11	12	11	12	12	21	11	12	12	11	11	11	21	11	11	11	11	22	12	11	12	21	12	21	22	22	12	22	11	22	11	11	12
122	0	30.790	39.200	12	12	12	21	21	22	11	22	22	21	11	21	11	21	21	12	12	12	22	12	22	22	12	12	21	12	12	21	22	11	12	21	11	11	22	12	21	22	11	21	11	11	21	12	22	12	12	12	21	12	12	12	12	11	12	11	12	11	12	12	21	11	12	12	11	11	11	21	11	11	11	11	22	12	11	12	21	12	21	22	22	12	22	11	22	11	11	12
120	0	31.966	41.581	12	12	12	21	21	22	11	22	22	21	11	21	11	11	21	12	12	12	22	12	22	22	12	12	21	12	12	21	22	11	12	21	11	11	22	12	21	22	11	21	11	11	21	12	22	12	12	12	21	12	12	12	12	11	12	11	12	11	12	12	21	11	12	12	11	12	11	22	11	11	11	11	22	12	11	12	21	12	21	22	22	12	22	11	22	11	11	12
118	0	31.966	41.581	12	12	12	21	21	22	11	22	22	21	11	21	11	11	21	12	12	12	22	12	22	22	12	12	21	12	12	21	22	11	12	21	11	11	22	12	21	22	11	21	11	11	21	12	22	12	12	12	21	12	12	12	12	11	12	11	12	11	12	12	21	11	12	12	11	12	11	22	11	11	11	11	22	12	11	12	21	12	21	22	22	12	22	11	22	11	11	12
119	0	31.966	41.581	12	12	12	21	21	22	11	22	22	21	11	21	11	11	21	12	12	12	22	12	22	22	12	12	21	12	12	21	22	11	12	21	11	11	22	12	21	22	11	21	11	11	21	12	22	12	12	12	21	12	12	12	12	11	12	11	12	11	12	12	21	11	12	12	11	12	11	22	11	11	11	11	22	12	11	12	21	12	21	22	22	12	22	11	22	11	11	12
115	0	31.966	42.757	12	12	12	21	21	22	11	22	22	21	11	21	11	11	21	12	12	12	22	12	22	22	12	12	21	12	12	21	22	11	12	21	11	11	22	12	21	22	11	21	11	11	21	12	22	12	12	12	21	12	12	12	12	11	11	11	12	11	12	12	21	11	12	12	11	12	11	22	11	11	11	11	22	12	11	12	21	12	21	22	22	12	22	11	22	11	11	12
113	0	31.966	42.757	12	12	12	21	21	22	11	22	22	21	11	21	11	11	21	12	12	12	22	12	22	22	12	12	21	12	12	21	22	11	12	21	11	11	22	12	21	22	11	21	11	11	21	12	22	12	12	12	21	12	12	12	12	11	11	11	12	11	12	12	21	11	12	12	11	12	11	22	11	11	11	11	22	12	11	12	21	12	21	22	22	12	22	11	22	11	11	12
114	0	31.966	42.757	12	12	12	21	21	22	11	22	22	21	11	21	11	11	21	12	12	12	22	12	22	22	12	12	21	12	12	21	22	11	12	21	11	11	22	12	21	22	11	21	11	11	21	12	22	12	12	12	21	12	12	12	12	11	11	11	12	11	12	12	21	11	12	12	11	12	11	22	11	11	11	11	22	12	11	12	21	12	21	22	22	12	22	11	22	11	11	12
116	0	31.966	42.757	12	12	12	21	21	22	11	22	22	21	11	21	11	11	21	12	12	12	22	12	22	22	12	12	21	12	12	21	22	11	12	21	11	11	22	12	21	22	11	21	11	11	21	12	22	12	12	12	21	12	12	12	12	11	11	11	12	11	12	12	21	11	12	12	11	12	11	22	11	11	11	11	22	12	11	12	21	12	21	22	22	12	22	11	22	11	11	12
117	0	31.966	42.757	12	12	12	21	21	22	11	22	22	21	11	21	11	11	21	12	12	12	22	12	22	22	12	12	21	12	12	21	22	11	12	21	11	11	22	12	21	22	11	21	11	11	21	12	22	12	12	12	21	12	12	12	12	11	11	11	12	11	12	12	21	11	12	12	11	12	11	22	11	11	11	11	22	12	11	12	21	12	21	22	22	12	22	11	22	11	11	12
112	0	35.582	46.373	12	12	12	21	21	22	12	22	22	21	11	21	11	11	11	12	11	12	22	12	22	22	12	12	21	12	12	21	22	11	12	21	12	11	22	12	21	22	11	21	11	11	21	12	22	12	12	12	21	12	12	12	12	11	11	11	12	11	12	12	11	11	12	12	11	22	11	22	11	11	11	11	22	12	11	12	21	12	21	22	22	12	22	11	22	11	11	12
109	0	35.582	47.550	12	12	12	21	21	22	12	22	22	21	11	21	11	11	11	12	11	12	22	12	22	22	12	12	21	12	12	21	22	11	12	22	12	11	22	12	21	22	11	21	11	11	21	12	22	12	12	12	21	12	12	12	12	11	11	11	12	11	12	12	11	11	12	12	11	22	11	22	11	11	11	11	22	12	11	12	21	12	21	22	22	12	22	11	22	11	11	12
110	0	35.582	47.550	12	12	12	21	21	22	12	22	22	21	11	21	11	11	11	12	11	12	22	12	22	22	12	12	21	12	12	21	22	11	12	22	12	11	22	12	21	22	11	21	11	11	21	12	22	12	12	12	21	12	12	12	12	11	11	11	12	11	12	12	11	11	12	12	11	22	11	22	11	11	11	11	22	12	11	12	21	12	21	22	22	12	22	11	22	11	11	12
107	0	35.582	47.550	12	12	12	21	21	22	12	22	22	21	11	21	11	11	11	12	11	12	22	12	22	22	12	12	21	12	12	21	22	11	12	22	12	11	22	12	21	22	11	21	11	11	21	12	22	12	12	12	21	12	12	12	12	11	11	11	12	11	12	12	11	11	12	12	11	22	11	22	11	11	11	11	22	12	11	12	21	12	21	22	22	12	22	11	22	11	11	12
111	0	35.582	47.550	12	12	12	21	21	22	12	22	22	21	11	21	11	11	11	12	11	12	22	12	22	22	12	12	21	12	12	21	22	11	12	22	12	11	22	12	21	22	11	21	11	11	21	12	22	12	12	12	21	12	12	12	12	11	11	11	12	11	12	12	11	11	12	12	11	22	11	22	11	11	11	11	22	12	11	12	21	12	21	22	22	12	22	11	22	11	11	12
106	0	35.582	47.550	12	12	12	21	21	22	12	22	22	21	11	21	11	11	11	12	11	12	22	12	22	22	12	12	21	12	12	21	22	11	12	22	12	11	22	12	21	22	11	21	11	11	21	12	22	12	12	12	21	12	12	12	12	11	11	11	12	11	12	12	11	11	12	12	11	22	11	22	11	11	11	11	22	12	11	12	21	12	21	22	22	12	22	11	22	11	11	12
108	0	35.582	47.550	12	12	12	21	21	22	12	22	22	21	11	21	11	11	11	12	11	12	22	12	22	22	12	12	21	12	12	21	22	11	12	22	12	11	22	12	21	22	11	21	11	11	21	12	22	12	12	12	21	12	12	12	12	11	11	11	12	11	12	12	11	11	12	12	11	22	11	22	11	11	11	11	22	12	11	12	21	12	21	22	22	12	22	11	22	11	11	12
103	0	36.759	47.550	12	12	12	21	21	22	12	22	22	21	11	21	11	11	11	12	11	12	22	12	22	22	12	12	21	12	12	21	22	11	12	22	12	11	22	12	21	22	11	21	11	11	11	12	22	12	12	12	21	12	12	12	12	11	11	11	12	11	12	12	11	11	12	12	11	22	11	22	11	11	11	11	22	12	11	12	21	12	21	22	22	12	22	11	22	11	11	12
97	0	36.759	47.550	12	12	12	21	21	22	12	22	22	21	11	21	11	11	11	12	11	12	22	12	22	22	12	12	21	12	12	21	22	11	12	22	12	11	22	12	21	22	11	21	11	11	11	12	22	12	12	12	21	12	12	12	12	11	11	11	12	11	12	12	11	11	12	12	11	22	11	22	11	11	11	11	22	12	11	12	21	12	21	22	22	12	22	11	22	11	11	12
104	0	37.935	47.550	12	12	12	21	21	22	12	22	22	21	11	21	11	11	11	12	11	12	22	12	22	22	12	12	21	12	12	21	22	11	12	22	12	11	22	12	21	22	11	21	11	11	11	12	12	12	12	12	21	12	12	12	12	11	11	11	12	11	12	12	11	11	12	12	11	22	11	22	11	11	11	11	22	12	11	12	21	12	21	22	22	12	22	11	22	11	11	12
101	0	37.935	47.550	12	12	12	21	21	22	12	22	22	21	11	21	11	11	11	12	11	12	22	12	22	22	12	12	21	12	12	21	22	11	12	22	12	11	22	12	21	22	11	21	11	11	11	12	12	12	12	12	21	12	12	12	12	11	11	11	12	11	12	12	11	11	12	12	11	22	11	22	11	11	11	11	22	12	11	12	21	12	21	22	22	12	22	11	22	11	11	12
102	0	37.935	48.727	12	12	12	21	21	22	12	22	22	21	11	21	11	11	11	12	11	12	22	12	22	22	12	12	22	12	12	21	22	11	12	22	12	11	22	12	21	22	11	21	11	11	11	12	12	12	12	12	21	12	12	12	12	11	11	11	12	11	12	12	11	11	12	12	11	22	11	22	11	11	11	11	22	12	11	12	21	12	21	22	22	12	22	11	22	11	11	12
95	0	39.112	48.727	12	12	12	21	21	22	12	22	22	21	11	21	11	11	11	12	11	12	22	12	22	22	12	12	22	12	12	21	22	11	12	22	22	11	22	12	21	22	11	21	11	11	11	12	12	12	12	12	21	12	12	12	12	11	11	11	12	11	12	12	11	11	12	12	11	22	11	22	11	11	11	11	22	12	11	12	21	12	21	22	22	12	22	11	22	11	11	12
94	0	39.112	48.727	12	12	12	21	21	22	12	22	22	21	11	21	11	11	11	12	11	12	22	12	22	22	12	12	22	12	12	21	22	11	12	22	22	11	22	12	21	22	11	21	11	11	11	12	12	12	12	12	21	12	12	12	12	11	11	11	12	11	12	12	11	11	12	12	11	22	11	22	11	11	11	11	22	12	11	12	21	12	21	22	22	12	22	11	22	11	11	12
96	0	39.112	48.727	12	12	12	21	21	22	12	22	22	21	11	21	11	11	11	12	11	12	22	12	22	22	12	12	22	12	12	21	22	11	12	22	22	11	22	12	21	22	11	21	11	11	11	12	12	12	12	12	21	12	12	12	12	11	11	11	12	11	12	12	11	11	12	12	11	22	11	22	11	11	11	11	22	12	11	12	21	12	21	22	22	12	22	11	22	11	11	12
98	0	40.288	48.727	12	12	12	21	21	22	12	22	22	21	11	21	11	11	11	12	11	12	22	12	22	22	12	12	12	12	12	21	22	11	12	22	22	11	22	12	21	22	11	21	11	11	11	12	12	12	12	12	21	12	12	12	12	11	11	11	12	11	12	12	11	11	12	12	11	22	11	22	11	11	11	11	22	12	11	12	21	12	21	22	22	12	22	11	22	11	11	12
99	0	40.288	48.727	12	12	12	21	21	22	12	22	22	21	11	21	11	11	11	12	11	12	22	12	22	22	12	12	12	12	12	21	22	11	12	22	22	11	22	12	21	22	11	21	11	11	11	12	12	12	12	12	21	12	12	12	12	11	11	11	12	11	12	12	11	11	12	12	11	22	11	22	11	11	11	11	22	12	11	12	21	12	21	22	22	12	22	11	22	11	11	12
105	0	40.288	48.727	12	12	12	21	21	22	12	22	22	21	11	21	11	11	11	12	11	12	22	12	22	22	12	12	12	12	12	21	22	11	12	22	22	11	22	12	21	22	11	21	11	11	11	12	12	12	12	12	21	12	12	12	12	11	11	11	12	11	12	12	11	11	12	12	11	22	11	22	11	11	11	11	22	12	11	12	21	12	21	22	22	12	22	11	22	11	11	12
100	0	40.288	48.727	12	12	12	21	21	22	12	22	22	21	11	21	11	11	11	12	11	12	22	12	22	22	12	12	12	12	12	21	22	11	12	22	22	11	22	12	21	22	11	21	11	11	11	12	12	12	12	12	21	12	12	12	12	11	11	11	12	11	12	12	11	11	12	12	11	22	11	22	11	11	11	11	22	12	11	12	21	12	21	22	22	12	22	11	22	11	11	12
93	0	41.465	51.108	12	12	12	21	11	21	12	22	22	21	11	21	11	11	11	12	11	12	22	12	22	22	12	12	12	12	12	21	22	11	12	22	22	11	22	12	21	22	11	21	11	11	11	12	12	12	12	12	21	12	12	12	12	11	11	11	12	11	12	12	11	11	12	12	11	22	11	22	11	11	11	11	22	12	11	12	21	12	21	22	21	12	22	11	22	11	11	12
92	0	41.465	51.108	12	12	12	21	11	21	12	22	22	21	11	21	11	11	11	12	11	12	22	12	22	22	12	12	12	12	12	21	22	11	12	22	22	11	22	12	21	22	11	21	11	11	11	12	12	12	12	12	21	12	12	12	12	11	11	11	12	11	12	12	11	11	12	12	11	22	11	22	11	11	11	11	22	12	11	12	21	12	21	22	21	12	22	11	22	11	11	12
91	0	42.641	51.108	12	12	12	21	11	21	12	22	22	21	11	21	11	11	11	12	11	12	22	12	22	22	12	12	12	12	12	21	22	11	12	22	22	11	22	12	21	22	11	21	11	11	11	12	12	12	12	12	21	12	12	12	12	11	11	11	12	11	12	12	11	11	12	12	11	22	11	12	11	11	11	11	22	12	11	12	21	12	21	22	21	12	22	11	22	11	11	12
90	0	42.641	51.108	12	12	12	21	11	21	12	22	22	21	11	21	11	11	11	12	11	12	22	12	22	22	12	12	12	12	12	21	22	11	12	22	22	11	22	12	21	22	11	21	11	11	11	12	12	12	12	12	21	12	12	12	12	11	11	11	12	11	12	12	11	11	12	12	11	22	11	12	11	11	11	11	22	12	11	12	21	12	21	22	21	12	22	11	22	11	11	12
89	0	42.641	51.108	12	12	12	21	11	21	12	22	22	21	11	21	11	11	11	12	11	12	22	12	22	22	12	12	12	12	12	21	22	11	12	22	22	11	22	12	21	22	11	21	11	11	11	12	12	12	12	12	21	12	12	12	12	11	11	11	12	11	12	12	11	11	12	12	11	22	11	12	11	11	11	11	22	12	11	12	21	12	21	22	21	12	22	11	22	11	11	12
87	0	42.641	52.284	12	12	12	21	11	21	12	22	22	21	11	21	11	11	11	12	11	12	22	12	22	22	12	12	12	12	12	21	22	11	12	22	22	11	22	12	21	22	11	21	11	11	11	12	12	12	12	12	22	12	12	12	12	11	11	11	12	11	12	12	11	11	12	12	11	22	11	12	11	11	11	11	22	12	11	12	21	12	21	22	21	12	22	11	22	11	11	12
88	0	42.641	52.284	12	12	12	21	11	21	12	22	22	21	11	21	11	11	11	12	11	12	22	12	22	22	12	12	12	12	12	21	22	11	12	22	22	11	22	12	21	22	11	21	11	11	11	12	12	12	12	12	22	12	12	12	12	11	11	11	12	11	12	12	11	11	12	12	11	22	11	12	11	11	11	11	22	12	11	12	21	12	21	22	21	12	22	11	22	11	11	12
81	0	43.818	54.666	12	12	12	21	11	21	12	22	22	21	11	21	11	12	11	12	11	12	22	12	22	22	22	12	12	12	12	21	22	11	12	22	22	11	22	12	21	22	11	21	11	11	11	12	12	12	12	12	22	12	12	12	12	11	11	11	12	11	12	12	11	11	12	12	11	22	11	12	11	11	11	11	22	12	11	12	21	12	21	22	21	12	22	12	22	11	11	12
84	0	43.818	54.666	12	12	12	21	11	21	12	22	22	21	11	21	11	12	11	12	11	12	22	12	22	22	22	12	12	12	12	21	22	11	12	22	22	11	22	12	21	22	11	21	11	11	11	12	12	12	12	12	22	12	12	12	12	11	11	11	12	11	12	12	11	11	12	12	11	22	11	12	11	11	11	11	22	12	11	12	21	12	21	22	21	12	22	12	22	11	11	12
85	0	43.818	54.666	12	12	12	21	11	21	12	22	22	21	11	21	11	12	11	12	11	12	22	12	22	22	22	12	12	12	12	21	22	11	12	22	22	11	22	12	21	22	11	21	11	11	11	12	12	12	12	12	22	12	12	12	12	11	11	11	12	11	12	12	11	11	12	12	11	22	11	12	11	11	11	11	22	12	11	12	21	12	21	22	21	12	22	12	22	11	11	12
82	0	43.818	54.666	12	12	12	21	11	21	12	22	22	21	11	21	11	12	11	12	11	12	22	12	22	22	22	12	12	12	12	21	22	11	12	22	22	11	22	12	21	22	11	21	11	11	11	12	12	12	12	12	22	12	12	12	12	11	11	11	12	11	12	12	11	11	12	12	11	22	11	12	11	11	11	11	22	12	11	12	21	12	21	22	21	12	22	12	22	11	11	12
83	0	43.818	54.666	12	12	12	21	11	21	12	22	22	21	11	21	11	12	11	12	11	12	22	12	22	22	22	12	12	12	12	21	22	11	12	22	22	11	22	12	21	22	11	21	11	11	11	12	12	12	12	12	22	12	12	12	12	11	11	11	12	11	12	12	11	11	12	12	11	22	11	12	11	11	11	11	22	12	11	12	21	12	21	22	21	12	22	12	22	11	11	12
75	0	44.994	55.842	12	12	12	21	11	21	12	22	22	21	11	21	11	12	11	12	11	12	22	12	22	22	21	12	12	12	12	21	22	11	12	22	22	11	22	12	21	22	11	21	11	11	11	12	12	12	12	12	12	12	12	12	12	11	11	11	12	11	12	12	11	11	12	12	11	22	11	12	11	11	11	11	22	12	11	12	21	12	21	22	21	12	22	12	22	11	11	12
80	0	44.994	55.842	12	12	12	21	11	21	12	22	22	21	11	21	11	12	11	12	11	12	22	12	22	22	21	12	12	12	12	21	22	11	12	22	22	11	22	12	21	22	11	21	11	11	11	12	12	12	12	12	12	12	12	12	12	11	11	11	12	11	12	12	11	11	12	12	11	22	11	12	11	11	11	11	22	12	11	12	21	12	21	22	21	12	22	12	22	11	11	12
77	0	44.994	55.842	12	12	12	21	11	21	12	22	22	21	11	21	11	12	11	12	11	12	22	12	22	22	21	12	12	12	12	21	22	11	12	22	22	11	22	12	21	22	11	21	11	11	11	12	12	12	12	12	12	12	12	12	12	11	11	11	12	11	12	12	11	11	12	12	11	22	11	12	11	11	11	11	22	12	11	12	21	12	21	22	21	12	22	12	22	11	11	12
76	0	44.994	55.842	12	12	12	21	11	21	12	22	22	21	11	21	11	12	11	12	11	12	22	12	22	22	21	12	12	12	12	21	22	11	12	22	22	11	22	12	21	22	11	21	11	11	11	12	12	12	12	12	12	12	12	12	12	11	11	11	12	11	12	12	11	11	12	12	11	22	11	12	11	11	11	11	22	12	11	12	21	12	21	22	21	12	22	12	22	11	11	12
74	0	44.994	55.842	12	12	12	21	11	21	12	22	22	21	11	21	11	12	11	12	11	12	22	12	22	22	21	12	12	12	12	21	22	11	12	22	22	11	22	12	21	22	11	21	11	11	11	12	12	12	12	12	12	12	12	12	12	11	11	11	12	11	12	12	11	11	12	12	11	22	11	12	11	11	11	11	22	12	11	12	21	12	21	22	21	12	22	12	22	11	11	12
79	0	44.994	55.842	12	12	12	21	11	21	12	22	22	21	11	21	11	12	11	12	11	12	22	12	22	22	21	12	12	12	12	21	22	11	12	22	22	11	22	12	21	22	11	21	11	11	11	12	12	12	12	12	12	12	12	12	12	11	11	11	12	11	12	12	11	11	12	12	11	22	11	12	11	11	11	11	22	12	11	12	21	12	21	22	21	12	22	12	22	11	11	12
78	0	44.994	55.842	12	12	12	21	11	21	12	22	22	21	11	21	11	12	11	12	11	12	22	12	22	22	21	12	12	12	12	21	22	11	12	22	22	11	22	12	21	22	11	21	11	11	11	12	12	12	12	12	12	12	12	12	12	11	11	11	12	11	12	12	11	11	12	12	11	22	11	12	11	11	11	11	22	12	11	12	21	12	21	22	21	12	22	12	22	11	11	12
86	0	44.994	55.842	12	12	12	21	11	21	12	22	22	21	11	21	11	12	11	12	11	12	22	12	22	22	21	12	12	12	12	21	22	11	12	22	22	11	22	12	21	22	11	21	11	11	11	12	12	12	12	12	12	12	12	12	12	11	11	11	12	11	12	12	11	11	12	12	11	22	11	12	11	11	11	11	22	12	11	12	21	12	21	22	21	12	22	12	22	11	11	12
73	0	44.994	57.019	12	12	12	21	11	21	12	22	22	21	11	21	11	12	11	12	11	12	22	12	22	22	21	12	12	12	12	21	22	11	12	22	22	11	22	12	21	22	11	21	11	11	11	12	12	12	12	12	12	12	12	12	12	11	11	11	12	11	12	12	11	12	12	12	11	22	11	12	11	11	11	11	22	12	11	12	21	12	21	22	21	12	22	12	22	11	11	12
71	0	44.994	57.019	12	12	12	21	11	21	12	22	22	21	11	21	11	12	11	12	11	12	22	12	22	22	21	12	12	12	12	21	22	11	12	22	22	11	22	12	21	22	11	21	11	11	11	12	12	12	12	12	12	12	12	12	12	11	11	11	12	11	12	12	11	12	12	12	11	22	11	12	11	11	11	11	22	12	11	12	21	12	21	22	21	12	22	12	22	11	11	12
70	0	44.994	57.019	12	12	12	21	11	21	12	22	22	21	11	21	11	12	11	12	11	12	22	12	22	22	21	12	12	12	12	21	22	11	12	22	22	11	22	12	21	22	11	21	11	11	11	12	12	12	12	12	12	12	12	12	12	11	11	11	12	11	12	12	11	12	12	12	11	22	11	12	11	11	11	11	22	12	11	12	21	12	21	22	21	12	22	12	22	11	11	12
72	0	44.994	57.019	12	12	12	21	11	21	12	22	22	21	11	21	11	12	11	12	11	12	22	12	22	22	21	12	12	12	12	21	22	11	12	22	22	11	22	12	21	22	11	21	11	11	11	12	12	12	12	12	12	12	12	12	12	11	11	11	12	11	12	12	11	12	12	12	11	22	11	12	11	11	11	11	22	12	11	12	21	12	21	22	21	12	22	12	22	11	11	12
69	0	44.994	58.195	12	12	12	21	11	21	12	22	22	21	11	21	11	12	11	12	11	12	22	12	22	22	21	12	12	12	12	21	22	11	12	22	22	11	22	12	21	22	11	21	11	11	11	12	12	12	12	12	12	12	12	12	12	11	11	11	12	11	12	12	11	12	12	12	11	22	11	12	11	11	11	11	22	12	11	12	22	12	21	22	21	12	22	12	22	11	11	12
67	0	44.994	58.195	12	12	12	21	11	21	12	22	22	21	11	21	11	12	11	12	11	12	22	12	22	22	21	12	12	12	12	21	22	11	12	22	22	11	22	12	21	22	11	21	11	11	11	12	12	12	12	12	12	12	12	12	12	11	11	11	12	11	12	12	11	12	12	12	11	22	11	12	11	11	11	11	22	12	11	12	22	12	21	22	21	12	22	12	22	11	11	12
68	0	44.994	58.195	12	12	12	21	11	21	12	22	22	21	11	21	11	12	11	12	11	12	22	12	22	22	21	12	12	12	12	21	22	11	12	22	22	11	22	12	21	22	11	21	11	11	11	12	12	12	12	12	12	12	12	12	12	11	11	11	12	11	12	12	11	12	12	12	11	22	11	12	11	11	11	11	22	12	11	12	22	12	21	22	21	12	22	12	22	11	11	12
66	0	46.171	59.372	12	12	12	21	11	21	12	22	22	21	11	21	11	12	11	12	11	12	22	12	22	22	21	12	12	12	12	21	22	11	12	22	22	11	22	12	21	22	11	21	11	11	11	12	12	12	12	12	12	22	12	12	12	11	11	12	12	11	12	12	11	12	12	12	11	22	11	12	11	11	11	11	22	12	11	12	22	12	21	22	21	12	22	12	22	11	11	12
60	0	46.171	60.548	12	12	12	21	11	21	12	22	22	21	11	21	11	12	11	12	11	12	22	12	22	22	21	12	12	12	12	21	22	11	12	22	22	11	22	12	21	22	11	21	11	11	11	12	12	12	12	12	12	22	12	12	12	11	11	12	12	11	12	12	11	12	12	12	11	22	11	12	12	11	11	11	22	12	11	12	22	12	21	22	21	12	22	12	22	11	11	12
62	0	46.171	60.548	12	12	12	21	11	21	12	22	22	21	11	21	11	12	11	12	11	12	22	12	22	22	21	12	12	12	12	21	22	11	12	22	22	11	22	12	21	22	11	21	11	11	11	12	12	12	12	12	12	22	12	12	12	11	11	12	12	11	12	12	11	12	12	12	11	22	11	12	12	11	11	11	22	12	11	12	22	12	21	22	21	12	22	12	22	11	11	12
63	0	46.171	60.548	12	12	12	21	11	21	12	22	22	21	11	21	11	12	11	12	11	12	22	12	22	22	21	12	12	12	12	21	22	11	12	22	22	11	22	12	21	22	11	21	11	11	11	12	12	12	12	12	12	22	12	12	12	11	11	12	12	11	12	12	11	12	12	12	11	22	11	12	12	11	11	11	22	12	11	12	22	12	21	22	21	12	22	12	22	11	11	12
61	0	46.171	60.548	12	12	12	21	11	21	12	22	22	21	11	21	11	12	11	12	11	12	22	12	22	22	21	12	12	12	12	21	22	11	12	22	22	11	22	12	21	22	11	21	11	11	11	12	12	12	12	12	12	22	12	12	12	11	11	12	12	11	12	12	11	12	12	12	11	22	11	12	12	11	11	11	22	12	11	12	22	12	21	22	21	12	22	12	22	11	11	12
56	0	46.171	60.548	12	12	12	21	11	21	12	22	22	21	11	21	11	12	11	12	11	12	22	12	22	22	21	12	12	12	12	21	22	11	12	22	22	11	22	12	21	22	11	21	11	11	11	12	12	12	12	12	12	22	12	12	12	11	11	12	12	11	12	12	11	12	12	12	11	22	11	12	12	11	11	11	22	12	11	12	22	12	21	22	21	12	22	12	22	11	11	12
57	0	46.171	60.548	12	12	12	21	11	21	12	22	22	21	11	21	11	12	11	12	11	12	22	12	22	22	21	12	12	12	12	21	22	11	12	22	22	11	22	12	21	22	11	21	11	11	11	12	12	12	12	12	12	22	12	12	12	11	11	12	12	11	12	12	11	12	12	12	11	22	11	12	12	11	11	11	22	12	11	12	22	12	21	22	21	12	22	12	22	11	11	12
58	0	46.171	60.548	12	12	12	21	11	21	12	22	22	21	11	21	11	12	11	12	11	12	22	12	22	22	21	12	12	12	12	21	22	11	12	22	22	11	22	12	21	22	11	21	11	11	11	12	12	12	12	12	12	22	12	12	12	11	11	12	12	11	12	12	11	12	12	12	11	22	11	12	12	11	11	11	22	12	11	12	22	12	21	22	21	12	22	12	22	11	11	12
59	0	46.171	61.725	12	12	12	21	11	21	12	22	22	22	11	21	11	12	11	12	11	12	22	12	22	22	21	12	12	12	12	21	22	11	12	22	22	11	22	12	21	22	11	21	11	11	11	12	12	12	12	12	12	22	12	12	12	11	11	12	12	11	12	12	11	12	12	12	11	22	11	12	12	11	11	11	22	12	11	12	22	12	21	22	21	12	22	12	22	11	11	12
65	0	47.347	61.725	12	12	12	21	11	21	12	22	22	22	11	21	11	12	11	12	11	12	22	12	22	22	21	12	22	12	12	21	22	11	12	22	22	11	22	12	21	22	11	21	11	11	11	12	12	12	12	12	12	22	12	12	12	11	11	12	12	11	12	12	11	12	12	12	11	22	11	12	12	11	11	11	22	12	11	12	22	12	21	22	21	12	22	12	22	11	11	12
64	0	47.347	61.725	12	12	12	21	11	21	12	22	22	22	11	21	11	12	11	12	11	12	22	12	22	22	21	12	22	12	12	21	22	11	12	22	22	11	22	12	21	22	11	21	11	11	11	12	12	12	12	12	12	22	12	12	12	11	11	12	12	11	12	12	11	12	12	12	11	22	11	12	12	11	11	11	22	12	11	12	22	12	21	22	21	12	22	12	22	11	11	12
54	0	49.729	64.106	12	12	12	21	11	21	12	22	22	12	11	21	11	12	11	12	11	12	22	12	22	22	21	12	22	12	12	21	21	11	12	22	22	11	22	12	21	22	11	21	11	11	11	12	12	12	12	12	12	22	12	12	12	11	11	12	12	11	12	12	11	22	12	11	11	22	11	12	12	11	11	11	22	12	11	12	22	12	21	22	21	12	22	12	22	11	11	12
55	0	49.729	64.106	12	12	12	21	11	21	12	22	22	12	11	21	11	12	11	12	11	12	22	12	22	22	21	12	22	12	12	21	21	11	12	22	22	11	22	12	21	22	11	21	11	11	11	12	12	12	12	12	12	22	12	12	12	11	11	12	12	11	12	12	11	22	12	11	11	22	11	12	12	11	11	11	22	12	11	12	22	12	21	22	21	12	22	12	22	11	11	12
53	0	49.729	64.106	12	12	12	21	11	21	12	22	22	12	11	21	11	12	11	12	11	12	22	12	22	22	21	12	22	12	12	21	21	11	12	22	22	11	22	12	21	22	11	21	11	11	11	12	12	12	12	12	12	22	12	12	12	11	11	12	12	11	12	12	11	22	12	11	11	22	11	12	12	11	11	11	22	12	11	12	22	12	21	22	21	12	22	12	22	11	11	12
52	0	50.905	64.106	12	12	12	21	11	21	12	22	22	12	11	21	11	12	11	12	11	12	22	12	22	22	21	12	22	12	12	21	21	11	12	22	22	11	22	12	21	22	11	21	11	11	11	12	12	12	12	12	12	22	12	12	12	11	11	12	12	11	22	12	11	22	12	11	11	22	11	12	12	11	11	11	22	12	11	12	22	12	21	22	21	12	22	12	22	11	11	12
51	0	50.905	64.106	12	12	12	21	11	21	12	22	22	12	11	21	11	12	11	12	11	12	22	12	22	22	21	12	22	12	12	21	21	11	12	22	22	11	22	12	21	22	11	21	11	11	11	12	12	12	12	12	12	22	12	12	12	11	11	12	12	11	22	12	11	22	12	11	11	22	11	12	12	11	11	11	22	12	11	12	22	12	21	22	21	12	22	12	22	11	11	12
45	0	52.082	65.283	12	12	12	21	11	21	12	22	22	12	11	21	11	12	11	12	11	12	22	12	22	22	11	11	22	12	12	21	21	11	12	22	22	11	22	12	21	22	11	21	11	11	11	12	12	12	12	12	12	22	12	12	12	11	11	12	12	11	22	12	11	22	12	11	11	22	11	12	12	11	11	11	22	12	11	12	22	12	21	22	21	12	22	12	22	11	11	12
48	0	52.082	65.283	12	12	12	21	11	21	12	22	22	12	11	21	11	12	11	12	11	12	22	12	22	22	11	11	22	12	12	21	21	11	12	22	22	11	22	12	21	22	11	21	11	11	11	12	12	12	12	12	12	22	12	12	12	11	11	12	12	11	22	12	11	22	12	11	11	22	11	12	12	11	11	11	22	12	11	12	22	12	21	22	21	12	22	12	22	11	11	12
36	0	52.082	65.283	12	12	12	21	11	21	12	22	22	12	11	21	11	12	11	12	11	12	22	12	22	22	11	11	22	12	12	21	21	11	12	22	22	11	22	12	21	22	11	21	11	11	11	12	12	12	12	12	12	22	12	12	12	11	11	12	12	11	22	12	11	22	12	11	11	22	11	12	12	11	11	11	22	12	11	12	22	12	21	22	21	12	22	12	22	11	11	12
39	0	52.082	65.283	12	12	12	21	11	21	12	22	22	12	11	21	11	12	11	12	11	12	22	12	22	22	11	11	22	12	12	21	21	11	12	22	22	11	22	12	21	22	11	21	11	11	11	12	12	12	12	12	12	22	12	12	12	11	11	12	12	11	22	12	11	22	12	11	11	22	11	12	12	11	11	11	22	12	11	12	22	12	21	22	21	12	22	12	22	11	11	12
47	0	52.082	65.283	12	12	12	21	11	21	12	22	22	12	11	21	11	12	11	12	11	12	22	12	22	22	11	11	22	12	12	21	21	11	12	22	22	11	22	12	21	22	11	21	11	11	11	12	12	12	12	12	12	22	12	12	12	11	11	12	12	11	22	12	11	22	12	11	11	22	11	12	12	11	11	11	22	12	11	12	22	12	21	22	21	12	22	12	22	11	11	12
49	0	52.082	65.283	12	12	12	21	11	21	12	22	22	12	11	21	11	12	11	12	11	12	22	12	22	22	11	11	22	12	12	21	21	11	12	22	22	11	22	12	21	22	11	21	11	11	11	12	12	12	12	12	12	22	12	12	12	11	11	12	12	11	22	12	11	22	12	11	11	22	11	12	12	11	11	11	22	12	11	12	22	12	21	22	21	12	22	12	22	11	11	12
42	0	52.082	65.283	12	12	12	21	11	21	12	22	22	12	11	21	11	12	11	12	11	12	22	12	22	22	11	11	22	12	12	21	21	11	12	22	22	11	22	12	21	22	11	21	11	11	11	12	12	12	12	12	12	22	12	12	12	11	11	12	12	11	22	12	11	22	12	11	11	22	11	12	12	11	11	11	22	12	11	12	22	12	21	22	21	12	22	12	22	11	11	12
50	0	52.082	65.283	12	12	12	21	11	21	12	22	22	12	11	21	11	12	11	12	11	12	22	12	22	22	11	11	22	12	12	21	21	11	12	22	22	11	22	12	21	22	11	21	11	11	11	12	12	12	12	12	12	22	12	12	12	11	11	12	12	11	22	12	11	22	12	11	11	22	11	12	12	11	11	11	22	12	11	12	22	12	21	22	21	12	22	12	22	11	11	12
43	0	52.082	65.283	12	12	12	21	11	21	12	22	22	12	11	21	11	12	11	12	11	12	22	12	22	22	11	11	22	12	12	21	21	11	12	22	22	11	22	12	21	22	11	21	11	11	11	12	12	12	12	12	12	22	12	12	12	11	11	12	12	11	22	12	11	22	12	11	11	22	11	12	12	11	11	11	22	12	11	12	22	12	21	22	21	12	22	12	22	11	11	12
37	0	52.082	65.283	12	12	12	21	11	21	12	22	22	12	11	21	11	12	11	12	11	12	22	12	22	22	11	11	22	12	12	21	21	11	12	22	22	11	22	12	21	22	11	21	11	11	11	12	12	12	12	12	12	22	12	12	12	11	11	12	12	11	22	12	11	22	12	11	11	22	11	12	12	11	11	11	22	12	11	12	22	12	21	22	21	12	22	12	22	11	11	12
44	0	52.082	65.283	12	12	12	21	11	21	12	22	22	12	11	21	11	12	11	12	11	12	22	12	22	22	11	11	22	12	12	21	21	11	12	22	22	11	22	12	21	22	11	21	11	11	11	12	12	12	12	12	12	22	12	12	12	11	11	12	12	11	22	12	11	22	12	11	11	22	11	12	12	11	11	11	22	12	11	12	22	12	21	22	21	12	22	12	22	11	11	12
41	0	52.082	65.283	12	12	12	21	11	21	12	22	22	12	11	21	11	12	11	12	11	12	22	12	22	22	11	11	22	12	12	21	21	11	12	22	22	11	22	12	21	22	11	21	11	11	11	12	12	12	12	12	12	22	12	12	12	11	11	12	12	11	22	12	11	22	12	11	11	22	11	12	12	11	11	11	22	12	11	12	22	12	21	22	21	12	22	12	22	11	11	12
38	0	52.082	65.283	12	12	12	21	11	21	12	22	22	12	11	21	11	12	11	12	11	12	22	12	22	22	11	11	22	12	12	21	21	11	12	22	22	11	22	12	21	22	11	21	11	11	11	12	12	12	12	12	12	22	12	12	12	11	11	12	12	11	22	12	11	22	12	11	11	22	11	12	12	11	11	11	22	12	11	12	22	12	21	22	21	12	22	12	22	11	11	12
46	0	52.082	65.283	12	12	12	21	11	21	12	22	22	12	11	21	11	12	11	12	11	12	22	12	22	22	11	11	22	12	12	21	21	11	12	22	22	11	22	12	21	22	11	21	11	11	11	12	12	12	12	12	12	22	12	12	12	11	11	12	12	11	22	12	11	22	12	11	11	22	11	12	12	11	11	11	22	12	11	12	22	12	21	22	21	12	22	12	22	11	11	12
40	0	52.082	65.283	12	12	12	21	11	21	12	22	22	12	11	21	11	12	11	12	11	12	22	12	22	22	11	11	22	12	12	21	21	11	12	22	22	11	22	12	21	22	11	21	11	11	11	12	12	12	12	12	12	22	12	12	12	11	11	12	12	11	22	12	11	22	12	11	11	22	11	12	12	11	11	11	22	12	11	12	22	12	21	22	21	12	22	12	22	11	11	12
35	0	53.258	68.899	12	12	12	21	11	21	12	22	22	12	11	21	11	12	11	12	11	12	22	12	22	22	11	11	22	12	12	21	21	11	12	22	22	11	22	12	21	22	11	21	11	12	11	12	12	12	12	12	12	22	12	12	12	11	11	12	12	12	22	12	12	22	12	11	11	22	11	12	12	11	11	11	22	12	11	12	22	12	21	22	11	12	22	12	22	11	11	12
34	0	54.435	73.781	12	12	12	21	11	21	12	22	12	12	11	21	11	12	11	12	11	12	21	12	21	22	11	11	22	12	12	21	21	11	12	22	22	11	22	11	21	22	11	21	11	12	11	12	12	12	12	12	12	22	11	12	12	11	11	12	12	12	22	12	12	22	12	11	11	22	11	12	12	11	11	11	22	12	11	12	22	12	21	22	11	12	22	12	22	11	11	12
33	0	54.435	73.781	12	12	12	21	11	21	12	22	12	12	11	21	11	12	11	12	11	12	21	12	21	22	11	11	22	12	12	21	21	11	12	22	22	11	22	11	21	22	11	21	11	12	11	12	12	12	12	12	12	22	11	12	12	11	11	12	12	12	22	12	12	22	12	11	11	22	11	12	12	11	11	11	22	12	11	12	22	12	21	22	11	12	22	12	22	11	11	12
25	0	55.611	74.957	12	12	12	21	11	11	12	22	12	12	11	21	11	12	11	12	11	12	21	12	21	22	11	11	22	12	12	21	21	11	12	22	22	11	22	11	21	22	11	21	11	12	11	12	12	12	12	12	12	22	11	12	12	11	11	12	12	12	22	11	12	22	12	11	11	22	11	12	12	11	11	11	22	12	11	12	22	12	21	22	11	12	22	12	22	11	11	12
31	0	55.611	74.957	12	12	12	21	11	11	12	22	12	12	11	21	11	12	11	12	11	12	21	12	21	22	11	11	22	12	12	21	21	11	12	22	22	11	22	11	21	22	11	21	11	12	11	12	12	12	12	12	12	22	11	12	12	11	11	12	12	12	22	11	12	22	12	11	11	22	11	12	12	11	11	11	22	12	11	12	22	12	21	22	11	12	22	12	22	11	11	12
28	0	55.611	74.957	12	12	12	21	11	11	12	22	12	12	11	21	11	12	11	12	11	12	21	12	21	22	11	11	22	12	12	21	21	11	12	22	22	11	22	11	21	22	11	21	11	12	11	12	12	12	12	12	12	22	11	12	12	11	11	12	12	12	22	11	12	22	12	11	11	22	11	12	12	11	11	11	22	12	11	12	22	12	21	22	11	12	22	12	22	11	11	12
26	0	55.611	74.957	12	12	12	21	11	11	12	22	12	12	11	21	11	12	11	12	11	12	21	12	21	22	11	11	22	12	12	21	21	11	12	22	22	11	22	11	21	22	11	21	11	12	11	12	12	12	12	12	12	22	11	12	12	11	11	12	12	12	22	11	12	22	12	11	11	22	11	12	12	11	11	11	22	12	11	12	22	12	21	22	11	12	22	12	22	11	11	12
32	0	55.611	74.957	12	12	12	21	11	11	12	22	12	12	11	21	11	12	11	12	11	12	21	12	21	22	11	11	22	12	12	21	21	11	12	22	22	11	22	11	21	22	11	21	11	12	11	12	12	12	12	12	12	22	11	12	12	11	11	12	12	12	22	11	12	22	12	11	11	22	11	12	12	11	11	11	22	12	11	12	22	12	21	22	11	12	22	12	22	11	11	12
29	0	55.611	76.134	12	12	12	21	11	12	12	22	12	12	11	21	11	12	11	12	11	12	21	12	21	22	11	11	22	12	12	21	21	11	12	22	22	11	22	11	21	22	11	21	11	12	11	12	12	12	12	12	12	22	11	12	12	11	11	12	12	12	22	11	12	22	12	11	11	22	11	12	12	11	11	11	22	12	11	12	22	12	21	22	11	12	22	12	22	11	11	12
30	0	55.611	77.310	12	12	12	21	11	12	12	21	12	12	11	21	11	12	11	12	11	12	21	12	21	22	11	11	22	12	12	21	21	11	12	22	22	11	22	11	21	22	11	21	11	12	11	12	12	12	12	12	12	22	11	12	12	11	11	12	12	12	22	11	12	22	12	11	11	22	11	12	12	11	11	11	22	12	11	12	22	12	21	22	11	12	22	12	22	11	11	12
27	0	55.611	77.310	12	12	12	21	11	12	12	21	12	12	11	21	11	12	11	12	11	12	21	12	21	22	11	11	22	12	12	21	21	11	12	22	22	11	22	11	21	22	11	21	11	12	11	12	12	12	12	12	12	22	11	12	12	11	11	12	12	12	22	11	12	22	12	11	11	22	11	12	12	11	11	11	22	12	11	12	22	12	21	22	11	12	22	12	22	11	11	12
24	0	56.788	78.487	12	12	12	21	11	12	12	21	12	12	11	21	11	12	11	12	11	12	21	12	21	22	11	11	22	12	12	21	21	11	12	22	22	11	22	11	21	22	11	21	11	12	11	12	12	12	12	12	12	22	11	12	12	11	11	12	12	12	22	11	12	22	12	11	11	22	11	12	22	11	11	12	22	12	11	12	22	12	21	22	11	12	22	12	22	11	11	12
23	0	57.964	78.487	12	12	12	21	11	12	12	21	12	12	11	21	11	12	11	12	11	12	21	12	21	22	11	11	22	12	12	21	21	11	12	22	22	11	22	11	21	22	11	11	11	12	11	12	12	12	12	12	12	22	11	12	12	11	11	12	12	12	22	11	12	22	12	11	11	22	11	12	22	11	11	12	22	12	11	12	22	12	21	22	11	12	22	12	22	11	11	12
20	0	57.964	86.001	12	12	12	21	11	12	12	21	12	12	11	21	11	12	11	12	11	12	21	12	21	22	11	11	22	12	12	22	21	12	12	22	22	11	22	11	21	22	12	11	12	12	11	12	12	12	12	12	12	22	11	12	12	11	11	12	12	12	22	11	12	22	12	11	11	22	11	12	22	12	11	12	22	12	11	12	22	12	21	22	11	12	22	12	22	11	11	11
22	0	57.964	87.178	12	12	12	21	11	12	12	22	12	12	11	21	11	12	11	12	11	12	21	12	21	22	11	11	22	12	12	22	21	12	12	22	22	11	22	11	21	22	12	11	12	12	11	12	12	12	12	12	12	22	11	12	12	11	11	12	12	12	22	11	12	22	12	11	11	22	11	12	22	12	11	12	22	12	11	12	22	12	21	22	11	12	22	12	22	11	11	11
17	0	57.964	87.178	12	12	12	21	11	12	12	22	12	12	11	21	11	12	11	12	11	12	21	12	21	22	11	11	22	12	12	22	21	12	12	22	22	11	22	11	21	22	12	11	12	12	11	12	12	12	12	12	12	22	11	12	12	11	11	12	12	12	22	11	12	22	12	11	11	22	11	12	22	12	11	12	22	12	11	12	22	12	21	22	11	12	22	12	22	11	11	11
19	0	57.964	87.178	12	12	12	21	11	12	12	22	12	12	11	21	11	12	11	12	11	12	21	12	21	22	11	11	22	12	12	22	21	12	12	22	22	11	22	11	21	22	12	11	12	12	11	12	12	12	12	12	12	22	11	12	12	11	11	12	12	12	22	11	12	22	12	11	11	22	11	12	22	12	11	12	22	12	11	12	22	12	21	22	11	12	22	12	22	11	11	11
18	0	57.964	87.178	12	12	12	21	11	12	12	22	12	12	11	21	11	12	11	12	11	12	21	12	21	22	11	11	22	12	12	22	21	12	12	22	22	11	22	11	21	22	12	11	12	12	11	12	12	12	12	12	12	22	11	12	12	11	11	12	12	12	22	11	12	22	12	11	11	22	11	12	22	12	11	12	22	12	11	12	22	12	21	22	11	12	22	12	22	11	11	11
21	0	57.964	87.178	12	12	12	21	11	12	12	22	12	12	11	21	11	12	11	12	11	12	21	12	21	22	11	11	22	12	12	22	21	12	12	22	22	11	22	11	21	22	12	11	12	12	11	12	12	12	12	12	12	22	11	12	12	11	11	12	12	12	22	11	12	22	12	11	11	22	11	12	22	12	11	12	22	12	11	12	22	12	21	22	11	12	22	12	22	11	11	11
14	0	57.964	88.354	12	12	12	21	11	12	12	22	12	12	11	21	11	12	11	12	11	12	21	12	21	22	11	11	22	12	12	22	21	12	12	22	22	11	22	11	21	22	12	11	12	12	11	12	12	12	12	12	12	22	11	12	12	11	11	12	12	12	22	11	12	22	12	11	11	22	11	12	22	12	11	12	22	12	12	12	22	12	21	22	11	12	22	12	22	11	11	11
15	0	57.964	89.531	12	12	12	21	11	12	12	22	12	12	11	21	11	12	12	12	11	12	21	12	21	22	11	11	22	12	12	22	21	12	12	22	22	11	22	11	21	22	12	11	12	12	11	12	12	12	12	12	12	22	11	12	12	11	11	12	12	12	22	11	12	22	12	11	11	22	11	12	22	12	11	12	22	12	12	12	22	12	21	22	11	12	22	12	22	11	11	11
13	0	57.964	89.531	12	12	12	21	11	12	12	22	12	12	11	21	11	12	12	12	11	12	21	12	21	22	11	11	22	12	12	22	21	12	12	22	22	11	22	11	21	22	12	11	12	12	11	12	12	12	12	12	12	22	11	12	12	11	11	12	12	12	22	11	12	22	12	11	11	22	11	12	22	12	11	12	22	12	12	12	22	12	21	22	11	12	22	12	22	11	11	11
11	0	57.964	89.531	12	12	12	21	11	12	12	22	12	12	11	21	11	12	12	12	11	12	21	12	21	22	11	11	22	12	12	22	21	12	12	22	22	11	22	11	21	22	12	11	12	12	11	12	12	12	12	12	12	22	11	12	12	11	11	12	12	12	22	11	12	22	12	11	11	22	11	12	22	12	11	12	22	12	12	12	22	12	21	22	11	12	22	12	22	11	11	11
12	0	57.964	89.531	12	12	12	21	11	12	12	22	12	12	11	21	11	12	12	12	11	12	21	12	21	22	11	11	22	12	12	22	21	12	12	22	22	11	22	11	21	22	12	11	12	12	11	12	12	12	12	12	12	22	11	12	12	11	11	12	12	12	22	11	12	22	12	11	11	22	11	12	22	12	11	12	22	12	12	12	22	12	21	22	11	12	22	12	22	11	11	11
10	0	57.964	89.531	12	12	12	21	11	12	12	22	12	12	11	21	11	12	12	12	11	12	21	12	21	22	11	11	22	12	12	22	21	12	12	22	22	11	22	11	21	22	12	11	12	12	11	12	12	12	12	12	12	22	11	12	12	11	11	12	12	12	22	11	12	22	12	11	11	22	11	12	22	12	11	12	22	12	12	12	22	12	21	22	11	12	22	12	22	11	11	11
9	0	57.964	89.531	12	12	12	21	11	12	12	22	12	12	11	21	11	12	12	12	11	12	21	12	21	22	11	11	22	12	12	22	21	12	12	22	22	11	22	11	21	22	12	11	12	12	11	12	12	12	12	12	12	22	11	12	12	11	11	12	12	12	22	11	12	22	12	11	11	22	11	12	22	12	11	12	22	12	12	12	22	12	21	22	11	12	22	12	22	11	11	11
16	0	57.964	89.531	12	12	12	21	11	12	12	22	12	12	11	21	11	12	12	12	11	12	21	12	21	22	11	11	22	12	12	22	21	12	12	22	22	11	22	11	21	22	12	11	12	12	11	12	12	12	12	12	12	22	11	12	12	11	11	12	12	12	22	11	12	22	12	11	11	22	11	12	22	12	11	12	22	12	12	12	22	12	21	22	11	12	22	12	22	11	11	11
4	0	57.964	90.707	12	12	12	21	11	12	12	22	12	12	11	21	11	12	12	12	11	12	21	11	21	22	11	11	22	12	12	22	21	12	12	22	22	11	22	11	21	22	12	11	12	12	11	12	12	12	12	12	12	22	11	12	12	11	11	12	12	12	22	11	12	22	12	11	11	22	11	12	22	12	11	12	22	12	12	12	22	12	21	22	11	12	22	12	22	11	11	11
8	0	59.141	90.707	12	12	12	21	11	12	12	22	12	12	11	11	11	12	12	12	11	12	21	11	21	22	11	11	22	12	12	22	21	12	12	22	22	11	22	11	21	22	12	11	12	12	11	12	12	12	12	12	12	22	11	12	12	11	11	12	12	12	22	11	12	22	12	11	11	22	11	12	22	12	11	12	22	12	12	12	22	12	21	22	11	12	22	12	22	11	11	11
5	0	59.141	90.707	12	12	12	21	11	12	12	22	12	12	11	11	11	12	12	12	11	12	21	11	21	22	11	11	22	12	12	22	21	12	12	22	22	11	22	11	21	22	12	11	12	12	11	12	12	12	12	12	12	22	11	12	12	11	11	12	12	12	22	11	12	22	12	11	11	22	11	12	22	12	11	12	22	12	12	12	22	12	21	22	11	12	22	12	22	11	11	11
6	0	59.141	90.707	12	12	12	21	11	12	12	22	12	12	11	11	11	12	12	12	11	12	21	11	21	22	11	11	22	12	12	22	21	12	12	22	22	11	22	11	21	22	12	11	12	12	11	12	12	12	12	12	12	22	11	12	12	11	11	12	12	12	22	11	12	22	12	11	11	22	11	12	22	12	11	12	22	12	12	12	22	12	21	22	11	12	22	12	22	11	11	11
7	0	59.141	91.884	12	12	12	21	11	12	12	22	12	12	12	11	11	12	12	12	11	12	21	11	21	22	11	11	22	12	12	22	21	12	12	22	22	11	22	11	21	22	12	11	12	12	11	12	12	12	12	12	12	22	11	12	12	11	11	12	12	12	22	11	12	22	12	11	11	22	11	12	22	12	11	12	22	12	12	12	22	12	21	22	11	12	22	12	22	11	11	11
1	0	62.757	93.060	12	12	12	21	11	12	12	22	22	12	12	11	11	12	12	12	11	12	21	11	21	22	11	11	22	12	12	22	21	12	12	22	22	11	22	11	11	22	12	11	12	12	12	12	12	12	12	12	12	22	11	12	12	11	11	12	12	22	22	11	12	22	12	11	11	22	11	12	22	12	11	12	22	12	12	12	22	12	21	22	11	12	22	12	22	11	11	11
2	0	62.757	95.442	12	12	12	22	11	12	12	22	22	12	12	11	11	12	12	12	11	12	21	11	21	22	11	11	22	12	12	22	21	12	12	22	22	11	22	11	11	22	12	11	12	12	12	12	12	12	12	12	12	22	11	12	12	11	11	12	12	22	22	11	12	22	12	11	11	22	11	12	22	12	12	12	22	12	12	12	22	12	21	22	11	12	22	12	22	11	11	11
3	0	62.757	95.442	12	12	12	22	11	12	12	22	22	12	12	11	11	12	12	12	11	12	21	11	21	22	11	11	22	12	12	22	21	12	12	22	22	11	22	11	11	22	12	11	12	12	12	12	12	12	12	12	12	22	11	12	12	11	11	12	12	22	22	11	12	22	12	11	11	22	11	12	22	12	12	12	22	12	12	12	22	12	21	22	11	12	22	12	22	11	11	11
