MARKER	CHR	MALE_POS	FEMALE_POS	P1xP2	P1xP2	P1xP2	P1xP2	P1xP2	P1xP2	P1xP2	P1xP2	P1xP2	P1xP2	P1xP2	P1xP2	P1xP2	P1xP2	P1xP2	P1xP2	P1xP2	P1xP2	P1xP2	P1xP2	P1xP2	P1xP2	P1xP2	P1xP2	P1xP2	P1xP2	P1xP2	P1xP2	P1xP2	P1xP2	P1xP2	P1xP2	P1xP2	P1xP2	P1xP2	P1xP2	P1xP2	P1xP2	P1xP2	P1xP2	P1xP2	P1xP2	P1xP2	P1xP2	P1xP2	P1xP2	P1xP2	P1xP2	P1xP2	P1xP2	P1xP2	P1xP2	P1xP2	P1xP2	P1xP2	P1xP2	P1xP2	P1xP2	P1xP2	P1xP2	P1xP2	P1xP2	P1xP2	P1xP2	P1xP2	P1xP2	P1xP2	P1xP2	P1xP2	P1xP2	P1xP2	P1xP2	P1xP2	P1xP2	P1xP2	P1xP2	P1xP2	P1xP2	P1xP2	P1xP2	P1xP2	P1xP2	P1xP2	P1xP2	P1xP2	P1xP2	P1xP2	P1xP2
MARKER	CHR	MALE_POS	FEMALE_POS	P1	P2	C1	C2	C3	C4	C5	C6	C7	C8	C9	C10	C11	C12	C13	C14	C15	C16	C17	C18	C19	C20	C21	C22	C23	C24	C25	C26	C27	C28	C29	C30	C31	C32	C33	C34	C35	C36	C37	C38	C39	C40	C41	C42	C43	C44	C45	C46	C47	C48	C49	C50	C51	C52	C53	C54	C55	C56	C57	C58	C59	C60	C61	C62	C63	C64	C65	C66	C67	C68	C69	C70	C71	C72	C73	C74	C75	C76	C77	C78	C79	C80	C81	C82	C83	C84	C85	C86
MARKER	CHR	MALE_POS	FEMALE_POS	0	0	P1	P1	P1	P1	P1	P1	P1	P1	P1	P1	P1	P1	P1	P1	P1	P1	P1	P1	P1	P1	P1	P1	P1	P1	P1	P1	P1	P1	P1	P1	P1	P1	P1	P1	P1	P1	P1	P1	P1	P1	P1	P1	P1	P1	P1	P1	P1	P1	P1	P1	P1	P1	P1	P1	P1	P1	P1	P1	P1	P1	P1	P1	P1	P1	P1	P1	P1	P1	P1	P1	P1	P1	P1	P1	P1	P1	P1	P1	P1	P1	P1	P1	P1	P1	P1	P1
MARKER	CHR	MALE_POS	FEMALE_POS	0	0	P2	P2	P2	P2	P2	P2	P2	P2	P2	P2	P2	P2	P2	P2	P2	P2	P2	P2	P2	P2	P2	P2	P2	P2	P2	P2	P2	P2	P2	P2	P2	P2	P2	P2	P2	P2	P2	P2	P2	P2	P2	P2	P2	P2	P2	P2	P2	P2	P2	P2	P2	P2	P2	P2	P2	P2	P2	P2	P2	P2	P2	P2	P2	P2	P2	P2	P2	P2	P2	P2	P2	P2	P2	P2	P2	P2	P2	P2	P2	P2	P2	P2	P2	P2	P2	P2
MARKER	CHR	MALE_POS	FEMALE_POS	1	2	0	0	0	0	0	0	0	0	0	0	0	0	0	0	0	0	0	0	0	0	0	0	0	0	0	0	0	0	0	0	0	0	0	0	0	0	0	0	0	0	0	0	0	0	0	0	0	0	0	0	0	0	0	0	0	0	0	0	0	0	0	0	0	0	0	0	0	0	0	0	0	0	0	0	0	0	0	0	0	0	0	0	0	0	0	0
MARKER	CHR	MALE_POS	FEMALE_POS	0	0	0	0	0	0	0	0	0	0	0	0	0	0	0	0	0	0	0	0	0	0	0	0	0	0	0	0	0	0	0	0	0	0	0	0	0	0	0	0	0	0	0	0	0	0	0	0	0	0	0	0	0	0	0	0	0	0	0	0	0	0	0	0	0	0	0	0	0	0	0	0	0	0	0	0	0	0	0	0	0	0	0	0	0	0	0	0
2	0	0.000	0.000	12	12	21	21	21	22	12	11	12	12	12	12	11	21	11	11	22	12	21	11	21	21	11	11	22	21	21	11	21	21	12	22	11	12	11	22	22	12	22	21	22	11	21	22	12	21	12	12	11	22	21	22	11	21	21	11	12	22	12	12	21	12	11	22	11	11	12	22	21	21	21	22	22	11	21	21	12	12	21	12	12	11	22	12	11	21	11	11
3	0	0.000	1.177	12	12	21	21	21	22	12	11	12	12	12	12	11	21	11	11	22	12	21	11	21	21	11	11	22	21	21	11	21	21	12	22	11	12	11	22	22	12	22	21	22	11	21	22	12	21	12	12	11	22	21	22	11	21	21	12	12	22	12	12	21	12	11	22	11	11	12	22	21	21	21	22	22	11	21	21	12	12	21	12	12	11	22	12	11	21	11	11
1	0	0.000	1.177	12	12	21	21	21	22	12	11	12	12	12	12	11	21	11	11	22	12	21	11	21	21	11	11	22	21	21	11	21	21	12	22	11	12	11	22	22	12	22	21	22	11	21	22	12	21	12	12	11	22	21	22	11	21	21	12	12	22	12	12	21	12	11	22	11	11	12	22	21	21	21	22	22	11	21	21	12	12	21	12	12	11	22	12	11	21	11	11
4	0	1.177	1.177	12	12	21	21	21	22	12	11	12	12	12	12	11	21	11	21	22	12	21	11	21	21	11	11	22	21	21	11	21	21	12	22	11	12	11	22	22	12	22	21	22	11	21	22	12	21	12	12	11	22	21	22	11	21	21	12	12	22	12	12	21	12	11	22	11	11	12	22	21	21	21	22	22	11	21	21	12	12	21	12	12	11	22	12	11	21	11	11
5	0	2.353	2.353	12	12	21	21	21	22	12	11	12	12	12	12	11	21	11	21	22	11	21	11	21	21	11	11	22	21	21	11	21	21	12	22	11	12	11	22	22	12	22	21	22	11	21	22	12	21	12	12	11	22	21	22	11	21	21	12	12	22	12	12	21	12	11	22	11	11	22	22	21	21	21	22	22	11	21	21	12	12	21	12	12	11	22	12	11	21	11	11
7	0	2.353	2.353	12	12	21	21	21	22	12	11	12	12	12	12	11	21	11	21	22	11	21	11	21	21	11	11	22	21	21	11	21	21	12	22	11	12	11	22	22	12	22	21	22	11	21	22	12	21	12	12	11	22	21	22	11	21	21	12	12	22	12	12	21	12	11	22	11	11	22	22	21	21	21	22	22	11	21	21	12	12	21	12	12	11	22	12	11	21	11	11
6	0	2.353	2.353	12	12	21	21	21	22	12	11	12	12	12	12	11	21	11	21	22	11	21	11	21	21	11	11	22	21	21	11	21	21	12	22	11	12	11	22	22	12	22	21	22	11	21	22	12	21	12	12	11	22	21	22	11	21	21	12	12	22	12	12	21	12	11	22	11	11	22	22	21	21	21	22	22	11	21	21	12	12	21	12	12	11	22	12	11	21	11	11
11	0	3.530	3.530	12	12	21	21	21	22	12	11	12	12	12	12	21	21	11	21	22	11	21	11	21	21	11	11	22	21	21	11	21	21	12	22	11	12	11	22	22	12	22	21	22	11	22	22	12	21	12	12	11	22	21	22	11	21	21	12	12	22	12	12	21	12	11	22	11	11	22	22	21	21	21	22	22	11	21	21	12	12	21	12	12	11	22	12	11	21	11	11
10	0	3.530	3.530	12	12	21	21	21	22	12	11	12	12	12	12	21	21	11	21	22	11	21	11	21	21	11	11	22	21	21	11	21	21	12	22	11	12	11	22	22	12	22	21	22	11	22	22	12	21	12	12	11	22	21	22	11	21	21	12	12	22	12	12	21	12	11	22	11	11	22	22	21	21	21	22	22	11	21	21	12	12	21	12	12	11	22	12	11	21	11	11
9	0	3.530	3.530	12	12	21	21	21	22	12	11	12	12	12	12	21	21	11	21	22	11	21	11	21	21	11	11	22	21	21	11	21	21	12	22	11	12	11	22	22	12	22	21	22	11	22	22	12	21	12	12	11	22	21	22	11	21	21	12	12	22	12	12	21	12	11	22	11	11	22	22	21	21	21	22	22	11	21	21	12	12	21	12	12	11	22	12	11	21	11	11
8	0	3.530	3.530	12	12	21	21	21	22	12	11	12	12	12	12	21	21	11	21	22	11	21	11	21	21	11	11	22	21	21	11	21	21	12	22	11	12	11	22	22	12	22	21	22	11	22	22	12	21	12	12	11	22	21	22	11	21	21	12	12	22	12	12	21	12	11	22	11	11	22	22	21	21	21	22	22	11	21	21	12	12	21	12	12	11	22	12	11	21	11	11
12	0	3.530	4.706	12	12	21	21	21	22	12	11	12	12	12	12	21	22	11	21	22	11	21	11	21	21	11	11	22	21	21	11	21	21	12	22	11	12	11	22	22	12	22	21	22	11	22	22	12	21	12	12	11	22	21	22	11	21	21	12	12	22	12	12	21	12	11	22	11	11	22	22	21	21	21	22	22	11	21	21	12	12	21	12	12	11	22	12	11	21	11	11
13	0	3.530	4.706	12	12	21	21	21	22	12	11	12	12	12	12	21	22	11	21	22	11	21	11	21	21	11	11	22	21	21	11	21	21	12	22	11	12	11	22	22	12	22	21	22	11	22	22	12	21	12	12	11	22	21	22	11	21	21	12	12	22	12	12	21	12	11	22	11	11	22	22	21	21	21	22	22	11	21	21	12	12	21	12	12	11	22	12	11	21	11	11
14	0	3.530	5.883	12	12	21	21	21	22	12	11	12	12	12	12	21	22	11	21	22	11	21	11	21	21	11	11	22	21	21	11	21	21	12	22	11	12	11	22	22	12	22	21	22	11	22	22	12	21	12	12	11	22	21	22	11	21	21	12	12	22	12	12	21	12	11	22	11	11	22	22	21	21	21	22	22	11	21	21	12	12	21	12	12	11	22	12	11	21	11	12
15	0	3.530	5.883	12	12	21	21	21	22	12	11	12	12	12	12	21	22	11	21	22	11	21	11	21	21	11	11	22	21	21	11	21	21	12	22	11	12	11	22	22	12	22	21	22	11	22	22	12	21	12	12	11	22	21	22	11	21	21	12	12	22	12	12	21	12	11	22	11	11	22	22	21	21	21	22	22	11	21	21	12	12	21	12	12	11	22	12	11	21	11	12
16	0	3.530	8.264	12	12	21	21	21	22	12	11	12	12	12	12	21	22	11	21	22	11	21	11	21	21	11	12	22	21	21	11	21	21	12	22	11	12	11	22	22	12	22	21	22	11	22	22	11	21	12	12	11	22	21	22	11	21	21	12	12	22	12	12	21	12	11	22	11	11	22	22	21	21	21	22	22	11	21	21	12	12	21	12	12	11	22	12	11	21	11	12
17	0	3.530	10.645	12	12	21	21	21	22	12	11	12	12	12	12	21	22	11	21	22	11	21	11	21	21	12	12	22	21	21	11	21	21	12	22	11	12	11	22	22	12	22	21	22	11	22	22	11	21	12	12	11	22	21	22	11	21	21	12	12	22	12	12	21	12	11	22	11	11	22	22	21	21	21	22	22	12	21	21	12	12	21	12	12	11	22	12	11	21	11	12
18	0	3.530	10.645	12	12	21	21	21	22	12	11	12	12	12	12	21	22	11	21	22	11	21	11	21	21	12	12	22	21	21	11	21	21	12	22	11	12	11	22	22	12	22	21	22	11	22	22	11	21	12	12	11	22	21	22	11	21	21	12	12	22	12	12	21	12	11	22	11	11	22	22	21	21	21	22	22	12	21	21	12	12	21	12	12	11	22	12	11	21	11	12
19	0	3.530	10.645	12	12	21	21	21	22	12	11	12	12	12	12	21	22	11	21	22	11	21	11	21	21	12	12	22	21	21	11	21	21	12	22	11	12	11	22	22	12	22	21	22	11	22	22	11	21	12	12	11	22	21	22	11	21	21	12	12	22	12	12	21	12	11	22	11	11	22	22	21	21	21	22	22	12	21	21	12	12	21	12	12	11	22	12	11	21	11	12
21	0	4.706	11.822	12	12	21	21	21	22	12	11	12	12	12	12	21	22	11	21	22	11	21	11	21	21	12	12	22	11	21	11	21	21	12	22	11	12	11	22	22	12	22	21	22	12	22	22	11	21	12	12	11	22	21	22	11	21	21	12	12	22	12	12	21	12	11	22	11	11	22	22	21	21	21	22	22	12	21	21	12	12	21	12	12	11	22	12	11	21	11	12
22	0	4.706	11.822	12	12	21	21	21	22	12	11	12	12	12	12	21	22	11	21	22	11	21	11	21	21	12	12	22	11	21	11	21	21	12	22	11	12	11	22	22	12	22	21	22	12	22	22	11	21	12	12	11	22	21	22	11	21	21	12	12	22	12	12	21	12	11	22	11	11	22	22	21	21	21	22	22	12	21	21	12	12	21	12	12	11	22	12	11	21	11	12
20	0	4.706	11.822	12	12	21	21	21	22	12	11	12	12	12	12	21	22	11	21	22	11	21	11	21	21	12	12	22	11	21	11	21	21	12	22	11	12	11	22	22	12	22	21	22	12	22	22	11	21	12	12	11	22	21	22	11	21	21	12	12	22	12	12	21	12	11	22	11	11	22	22	21	21	21	22	22	12	21	21	12	12	21	12	12	11	22	12	11	21	11	12
24	0	5.883	11.822	12	12	21	21	21	22	12	11	12	12	12	12	21	22	11	21	22	11	21	11	21	21	12	12	22	11	21	11	21	21	12	22	11	12	11	22	22	12	22	21	22	12	22	22	11	21	12	12	11	22	21	22	11	21	21	12	12	22	12	12	11	12	11	22	11	11	22	22	21	21	21	22	22	12	21	21	12	12	21	12	12	11	22	12	11	21	11	12
23	0	5.883	11.822	12	12	21	21	21	22	12	11	12	12	12	12	21	22	11	21	22	11	21	11	21	21	12	12	22	11	21	11	21	21	12	22	11	12	11	22	22	12	22	21	22	12	22	22	11	21	12	12	11	22	21	22	11	21	21	12	12	22	12	12	11	12	11	22	11	11	22	22	21	21	21	22	22	12	21	21	12	12	21	12	12	11	22	12	11	21	11	12
27	0	5.883	12.998	12	12	21	21	21	22	12	11	12	12	12	12	21	22	11	21	22	11	21	11	21	21	12	12	22	11	21	11	21	21	12	22	11	12	11	22	21	12	22	21	22	12	22	22	11	21	12	12	11	22	21	22	11	21	21	12	12	22	12	12	11	12	11	22	11	11	22	22	21	21	21	22	22	12	21	21	12	12	21	12	12	11	22	12	11	21	11	12
25	0	5.883	12.998	12	12	21	21	21	22	12	11	12	12	12	12	21	22	11	21	22	11	21	11	21	21	12	12	22	11	21	11	21	21	12	22	11	12	11	22	21	12	22	21	22	12	22	22	11	21	12	12	11	22	21	22	11	21	21	12	12	22	12	12	11	12	11	22	11	11	22	22	21	21	21	22	22	12	21	21	12	12	21	12	12	11	22	12	11	21	11	12
28	0	5.883	12.998	12	12	21	21	21	22	12	11	12	12	12	12	21	22	11	21	22	11	21	11	21	21	12	12	22	11	21	11	21	21	12	22	11	12	11	22	21	12	22	21	22	12	22	22	11	21	12	12	11	22	21	22	11	21	21	12	12	22	12	12	11	12	11	22	11	11	22	22	21	21	21	22	22	12	21	21	12	12	21	12	12	11	22	12	11	21	11	12
26	0	5.883	14.175	12	12	21	21	21	22	12	11	12	12	12	12	21	22	11	21	22	11	21	11	21	21	12	12	22	11	21	11	21	21	12	22	11	12	11	22	21	12	22	21	22	12	22	22	11	21	12	12	11	22	21	22	11	21	21	12	12	22	12	12	11	12	11	22	12	11	22	22	21	21	21	22	22	12	21	21	12	12	21	12	12	11	22	12	11	21	11	12
30	0	5.883	14.175	12	12	21	21	21	22	12	11	12	12	12	12	21	22	11	21	22	11	21	11	21	21	12	12	22	11	21	11	21	21	12	22	11	12	11	22	21	12	22	21	22	12	22	22	11	21	12	12	11	22	21	22	11	21	21	12	12	22	12	12	11	12	11	22	12	11	22	22	21	21	21	22	22	12	21	21	12	12	21	12	12	11	22	12	11	21	11	12
29	0	5.883	14.175	12	12	21	21	21	22	12	11	12	12	12	12	21	22	11	21	22	11	21	11	21	21	12	12	22	11	21	11	21	21	12	22	11	12	11	22	21	12	22	21	22	12	22	22	11	21	12	12	11	22	21	22	11	21	21	12	12	22	12	12	11	12	11	22	12	11	22	22	21	21	21	22	22	12	21	21	12	12	21	12	12	11	22	12	11	21	11	12
34	0	8.264	17.791	12	12	21	21	21	22	12	11	12	22	12	12	21	22	11	21	22	11	21	11	21	21	12	12	22	11	21	11	21	21	12	21	11	12	11	22	21	12	22	21	22	12	22	22	21	21	12	12	11	22	21	22	11	21	21	12	12	22	12	12	11	12	11	22	12	11	22	22	22	22	21	22	22	12	21	21	12	12	21	12	12	11	22	12	11	21	11	12
32	0	8.264	17.791	12	12	21	21	21	22	12	11	12	22	12	12	21	22	11	21	22	11	21	11	21	21	12	12	22	11	21	11	21	21	12	21	11	12	11	22	21	12	22	21	22	12	22	22	21	21	12	12	11	22	21	22	11	21	21	12	12	22	12	12	11	12	11	22	12	11	22	22	22	22	21	22	22	12	21	21	12	12	21	12	12	11	22	12	11	21	11	12
33	0	8.264	17.791	12	12	21	21	21	22	12	11	12	22	12	12	21	22	11	21	22	11	21	11	21	21	12	12	22	11	21	11	21	21	12	21	11	12	11	22	21	12	22	21	22	12	22	22	21	21	12	12	11	22	21	22	11	21	21	12	12	22	12	12	11	12	11	22	12	11	22	22	22	22	21	22	22	12	21	21	12	12	21	12	12	11	22	12	11	21	11	12
31	0	8.264	17.791	12	12	21	21	21	22	12	11	12	22	12	12	21	22	11	21	22	11	21	11	21	21	12	12	22	11	21	11	21	21	12	21	11	12	11	22	21	12	22	21	22	12	22	22	21	21	12	12	11	22	21	22	11	21	21	12	12	22	12	12	11	12	11	22	12	11	22	22	22	22	21	22	22	12	21	21	12	12	21	12	12	11	22	12	11	21	11	12
37	0	8.264	20.172	12	12	21	21	21	22	12	11	12	22	12	12	21	22	11	21	22	11	21	11	21	21	12	12	22	11	21	11	21	21	12	21	11	12	11	22	21	12	22	21	22	12	22	21	21	21	12	12	11	22	21	22	11	21	21	12	12	22	12	12	12	12	11	22	12	11	22	22	22	22	21	22	22	12	21	21	12	12	21	12	12	11	22	12	11	21	11	12
38	0	8.264	20.172	12	12	21	21	21	22	12	11	12	22	12	12	21	22	11	21	22	11	21	11	21	21	12	12	22	11	21	11	21	21	12	21	11	12	11	22	21	12	22	21	22	12	22	21	21	21	12	12	11	22	21	22	11	21	21	12	12	22	12	12	12	12	11	22	12	11	22	22	22	22	21	22	22	12	21	21	12	12	21	12	12	11	22	12	11	21	11	12
35	0	8.264	20.172	12	12	21	21	21	22	12	11	12	22	12	12	21	22	11	21	22	11	21	11	21	21	12	12	22	11	21	11	21	21	12	21	11	12	11	22	21	12	22	21	22	12	22	21	21	21	12	12	11	22	21	22	11	21	21	12	12	22	12	12	12	12	11	22	12	11	22	22	22	22	21	22	22	12	21	21	12	12	21	12	12	11	22	12	11	21	11	12
36	0	8.264	20.172	12	12	21	21	21	22	12	11	12	22	12	12	21	22	11	21	22	11	21	11	21	21	12	12	22	11	21	11	21	21	12	21	11	12	11	22	21	12	22	21	22	12	22	21	21	21	12	12	11	22	21	22	11	21	21	12	12	22	12	12	12	12	11	22	12	11	22	22	22	22	21	22	22	12	21	21	12	12	21	12	12	11	22	12	11	21	11	12
39	0	8.264	21.349	12	12	21	21	21	22	12	11	12	22	12	12	21	22	11	21	21	11	21	11	21	21	12	12	22	11	21	11	21	21	12	21	11	12	11	22	21	12	22	21	22	12	22	21	21	21	12	12	11	22	21	22	11	21	21	12	12	22	12	12	12	12	11	22	12	11	22	22	22	22	21	22	22	12	21	21	12	12	21	12	12	11	22	12	11	21	11	12
40	0	8.264	21.349	12	12	21	21	21	22	12	11	12	22	12	12	21	22	11	21	21	11	21	11	21	21	12	12	22	11	21	11	21	21	12	21	11	12	11	22	21	12	22	21	22	12	22	21	21	21	12	12	11	22	21	22	11	21	21	12	12	22	12	12	12	12	11	22	12	11	22	22	22	22	21	22	22	12	21	21	12	12	21	12	12	11	22	12	11	21	11	12
41	0	10.645	21.349	12	12	21	21	21	22	12	11	12	22	12	12	21	22	11	21	21	11	21	11	21	21	22	22	22	11	21	11	21	21	12	21	11	12	11	22	21	12	22	21	22	12	22	21	21	21	12	12	11	22	21	22	11	21	21	12	12	22	12	12	12	12	11	22	12	11	22	22	22	22	21	22	22	12	21	21	12	12	21	12	12	11	22	12	11	21	11	12
42	0	10.645	21.349	12	12	21	21	21	22	12	11	12	22	12	12	21	22	11	21	21	11	21	11	21	21	22	22	22	11	21	11	21	21	12	21	11	12	11	22	21	12	22	21	22	12	22	21	21	21	12	12	11	22	21	22	11	21	21	12	12	22	12	12	12	12	11	22	12	11	22	22	22	22	21	22	22	12	21	21	12	12	21	12	12	11	22	12	11	21	11	12
54	0	10.645	22.525	12	12	21	21	21	22	12	11	12	22	12	12	21	22	11	21	21	11	21	11	21	21	22	22	22	11	21	11	21	21	12	21	11	12	11	22	21	12	22	21	22	12	22	21	21	21	12	12	11	22	21	22	11	22	21	12	12	22	12	12	12	12	11	22	12	11	22	22	22	22	21	22	22	12	21	21	12	12	21	12	12	11	22	12	11	21	11	12
53	0	10.645	22.525	12	12	21	21	21	22	12	11	12	22	12	12	21	22	11	21	21	11	21	11	21	21	22	22	22	11	21	11	21	21	12	21	11	12	11	22	21	12	22	21	22	12	22	21	21	21	12	12	11	22	21	22	11	22	21	12	12	22	12	12	12	12	11	22	12	11	22	22	22	22	21	22	22	12	21	21	12	12	21	12	12	11	22	12	11	21	11	12
43	0	10.645	22.525	12	12	21	21	21	22	12	11	12	22	12	12	21	22	11	21	21	11	21	11	21	21	22	22	22	11	21	11	21	21	12	21	11	12	11	22	21	12	22	21	22	12	22	21	21	21	12	12	11	22	21	22	11	22	21	12	12	22	12	12	12	12	11	22	12	11	22	22	22	22	21	22	22	12	21	21	12	12	21	12	12	11	22	12	11	21	11	12
52	0	10.645	22.525	12	12	21	21	21	22	12	11	12	22	12	12	21	22	11	21	21	11	21	11	21	21	22	22	22	11	21	11	21	21	12	21	11	12	11	22	21	12	22	21	22	12	22	21	21	21	12	12	11	22	21	22	11	22	21	12	12	22	12	12	12	12	11	22	12	11	22	22	22	22	21	22	22	12	21	21	12	12	21	12	12	11	22	12	11	21	11	12
44	0	10.645	22.525	12	12	21	21	21	22	12	11	12	22	12	12	21	22	11	21	21	11	21	11	21	21	22	22	22	11	21	11	21	21	12	21	11	12	11	22	21	12	22	21	22	12	22	21	21	21	12	12	11	22	21	22	11	22	21	12	12	22	12	12	12	12	11	22	12	11	22	22	22	22	21	22	22	12	21	21	12	12	21	12	12	11	22	12	11	21	11	12
50	0	10.645	23.702	12	12	21	21	21	22	12	11	12	22	11	12	21	22	11	21	21	11	21	11	21	21	22	22	22	11	21	11	21	21	12	21	11	12	11	22	21	12	22	21	22	12	22	21	21	21	12	12	11	22	21	22	11	22	21	12	12	22	12	12	12	12	11	22	12	11	22	22	22	22	21	22	22	12	21	21	12	12	21	12	12	11	22	12	11	21	11	12
49	0	10.645	23.702	12	12	21	21	21	22	12	11	12	22	11	12	21	22	11	21	21	11	21	11	21	21	22	22	22	11	21	11	21	21	12	21	11	12	11	22	21	12	22	21	22	12	22	21	21	21	12	12	11	22	21	22	11	22	21	12	12	22	12	12	12	12	11	22	12	11	22	22	22	22	21	22	22	12	21	21	12	12	21	12	12	11	22	12	11	21	11	12
48	0	10.645	23.702	12	12	21	21	21	22	12	11	12	22	11	12	21	22	11	21	21	11	21	11	21	21	22	22	22	11	21	11	21	21	12	21	11	12	11	22	21	12	22	21	22	12	22	21	21	21	12	12	11	22	21	22	11	22	21	12	12	22	12	12	12	12	11	22	12	11	22	22	22	22	21	22	22	12	21	21	12	12	21	12	12	11	22	12	11	21	11	12
46	0	10.645	23.702	12	12	21	21	21	22	12	11	12	22	11	12	21	22	11	21	21	11	21	11	21	21	22	22	22	11	21	11	21	21	12	21	11	12	11	22	21	12	22	21	22	12	22	21	21	21	12	12	11	22	21	22	11	22	21	12	12	22	12	12	12	12	11	22	12	11	22	22	22	22	21	22	22	12	21	21	12	12	21	12	12	11	22	12	11	21	11	12
45	0	10.645	23.702	12	12	21	21	21	22	12	11	12	22	11	12	21	22	11	21	21	11	21	11	21	21	22	22	22	11	21	11	21	21	12	21	11	12	11	22	21	12	22	21	22	12	22	21	21	21	12	12	11	22	21	22	11	22	21	12	12	22	12	12	12	12	11	22	12	11	22	22	22	22	21	22	22	12	21	21	12	12	21	12	12	11	22	12	11	21	11	12
51	0	10.645	23.702	12	12	21	21	21	22	12	11	12	22	11	12	21	22	11	21	21	11	21	11	21	21	22	22	22	11	21	11	21	21	12	21	11	12	11	22	21	12	22	21	22	12	22	21	21	21	12	12	11	22	21	22	11	22	21	12	12	22	12	12	12	12	11	22	12	11	22	22	22	22	21	22	22	12	21	21	12	12	21	12	12	11	22	12	11	21	11	12
47	0	10.645	24.879	12	12	21	21	21	22	12	11	12	22	11	12	21	22	11	21	21	11	21	11	21	21	22	22	22	11	21	11	21	21	12	21	11	12	11	22	21	12	22	21	22	12	22	21	21	21	12	11	11	22	21	22	11	22	21	12	12	22	12	12	12	12	11	22	12	11	22	22	22	22	21	22	22	12	21	21	12	12	21	12	12	11	22	12	11	21	11	12
60	0	13.027	24.879	12	12	21	21	21	22	12	11	12	22	21	12	21	22	11	21	11	11	21	11	21	21	22	22	22	11	21	11	21	21	12	21	11	12	11	22	21	12	22	21	22	12	22	21	21	21	12	11	11	22	21	22	11	22	21	12	12	22	12	12	12	12	11	22	12	11	22	22	22	22	21	22	22	12	21	21	12	12	21	12	12	11	22	12	11	21	11	12
55	0	13.027	27.260	12	12	21	21	21	22	12	11	12	22	21	12	21	22	11	21	11	11	21	11	21	21	22	22	22	11	21	12	21	21	12	21	11	12	11	22	21	12	22	21	22	12	22	21	21	21	12	11	11	22	21	22	11	22	21	12	12	22	12	12	12	12	11	22	12	11	22	22	22	22	22	22	22	12	21	21	12	12	21	12	12	11	22	12	11	21	11	12
57	0	13.027	27.260	12	12	21	21	21	22	12	11	12	22	21	12	21	22	11	21	11	11	21	11	21	21	22	22	22	11	21	12	21	21	12	21	11	12	11	22	21	12	22	21	22	12	22	21	21	21	12	11	11	22	21	22	11	22	21	12	12	22	12	12	12	12	11	22	12	11	22	22	22	22	22	22	22	12	21	21	12	12	21	12	12	11	22	12	11	21	11	12
56	0	13.027	27.260	12	12	21	21	21	22	12	11	12	22	21	12	21	22	11	21	11	11	21	11	21	21	22	22	22	11	21	12	21	21	12	21	11	12	11	22	21	12	22	21	22	12	22	21	21	21	12	11	11	22	21	22	11	22	21	12	12	22	12	12	12	12	11	22	12	11	22	22	22	22	22	22	22	12	21	21	12	12	21	12	12	11	22	12	11	21	11	12
59	0	14.203	27.260	12	12	21	21	21	22	12	11	12	22	21	12	21	22	11	21	11	11	21	11	21	21	22	22	22	11	21	12	21	21	12	21	11	12	11	22	21	12	22	21	22	12	22	21	21	11	12	11	11	22	21	22	11	22	21	12	12	22	12	12	12	12	11	22	12	11	22	22	22	22	22	22	22	12	21	21	12	12	21	12	12	11	22	12	11	21	11	12
58	0	14.203	27.260	12	12	21	21	21	22	12	11	12	22	21	12	21	22	11	21	11	11	21	11	21	21	22	22	22	11	21	12	21	21	12	21	11	12	11	22	21	12	22	21	22	12	22	21	21	11	12	11	11	22	21	22	11	22	21	12	12	22	12	12	12	12	11	22	12	11	22	22	22	22	22	22	22	12	21	21	12	12	21	12	12	11	22	12	11	21	11	12
62	0	17.819	29.641	12	12	21	21	21	22	12	11	12	22	21	12	21	22	11	21	11	11	21	21	21	21	22	22	22	12	21	12	21	21	12	21	11	12	11	22	21	12	22	21	22	12	22	21	21	11	12	11	11	22	22	22	11	22	21	12	12	22	12	12	12	22	11	22	12	11	22	22	22	12	22	22	22	12	21	21	12	12	21	12	12	11	22	12	11	21	11	12
64	0	17.819	29.641	12	12	21	21	21	22	12	11	12	22	21	12	21	22	11	21	11	11	21	21	21	21	22	22	22	12	21	12	21	21	12	21	11	12	11	22	21	12	22	21	22	12	22	21	21	11	12	11	11	22	22	22	11	22	21	12	12	22	12	12	12	22	11	22	12	11	22	22	22	12	22	22	22	12	21	21	12	12	21	12	12	11	22	12	11	21	11	12
61	0	17.819	29.641	12	12	21	21	21	22	12	11	12	22	21	12	21	22	11	21	11	11	21	21	21	21	22	22	22	12	21	12	21	21	12	21	11	12	11	22	21	12	22	21	22	12	22	21	21	11	12	11	11	22	22	22	11	22	21	12	12	22	12	12	12	22	11	22	12	11	22	22	22	12	22	22	22	12	21	21	12	12	21	12	12	11	22	12	11	21	11	12
63	0	17.819	29.641	12	12	21	21	21	22	12	11	12	22	21	12	21	22	11	21	11	11	21	21	21	21	22	22	22	12	21	12	21	21	12	21	11	12	11	22	21	12	22	21	22	12	22	21	21	11	12	11	11	22	22	22	11	22	21	12	12	22	12	12	12	22	11	22	12	11	22	22	22	12	22	22	22	12	21	21	12	12	21	12	12	11	22	12	11	21	11	12
66	0	17.819	30.818	12	12	21	21	21	22	12	11	12	22	21	12	21	22	11	21	11	11	21	21	21	21	22	22	22	12	21	12	21	21	12	21	11	12	11	22	21	12	22	21	22	12	22	21	21	11	12	11	11	22	22	22	11	22	21	12	12	22	12	12	12	22	11	22	12	11	22	22	22	12	22	22	22	12	21	21	12	12	21	12	12	12	22	12	11	21	11	12
77	0	17.819	30.818	12	12	21	21	21	22	12	11	12	22	21	12	21	22	11	21	11	11	21	21	21	21	22	22	22	12	21	12	21	21	12	21	11	12	11	22	21	12	22	21	22	12	22	21	21	11	12	11	11	22	22	22	11	22	21	12	12	22	12	12	12	22	11	22	12	11	22	22	22	12	22	22	22	12	21	21	12	12	21	12	12	12	22	12	11	21	11	12
69	0	17.819	30.818	12	12	21	21	21	22	12	11	12	22	21	12	21	22	11	21	11	11	21	21	21	21	22	22	22	12	21	12	21	21	12	21	11	12	11	22	21	12	22	21	22	12	22	21	21	11	12	11	11	22	22	22	11	22	21	12	12	22	12	12	12	22	11	22	12	11	22	22	22	12	22	22	22	12	21	21	12	12	21	12	12	12	22	12	11	21	11	12
67	0	17.819	30.818	12	12	21	21	21	22	12	11	12	22	21	12	21	22	11	21	11	11	21	21	21	21	22	22	22	12	21	12	21	21	12	21	11	12	11	22	21	12	22	21	22	12	22	21	21	11	12	11	11	22	22	22	11	22	21	12	12	22	12	12	12	22	11	22	12	11	22	22	22	12	22	22	22	12	21	21	12	12	21	12	12	12	22	12	11	21	11	12
76	0	17.819	30.818	12	12	21	21	21	22	12	11	12	22	21	12	21	22	11	21	11	11	21	21	21	21	22	22	22	12	21	12	21	21	12	21	11	12	11	22	21	12	22	21	22	12	22	21	21	11	12	11	11	22	22	22	11	22	21	12	12	22	12	12	12	22	11	22	12	11	22	22	22	12	22	22	22	12	21	21	12	12	21	12	12	12	22	12	11	21	11	12
71	0	17.819	30.818	12	12	21	21	21	22	12	11	12	22	21	12	21	22	11	21	11	11	21	21	21	21	22	22	22	12	21	12	21	21	12	21	11	12	11	22	21	12	22	21	22	12	22	21	21	11	12	11	11	22	22	22	11	22	21	12	12	22	12	12	12	22	11	22	12	11	22	22	22	12	22	22	22	12	21	21	12	12	21	12	12	12	22	12	11	21	11	12
74	0	17.819	30.818	12	12	21	21	21	22	12	11	12	22	21	12	21	22	11	21	11	11	21	21	21	21	22	22	22	12	21	12	21	21	12	21	11	12	11	22	21	12	22	21	22	12	22	21	21	11	12	11	11	22	22	22	11	22	21	12	12	22	12	12	12	22	11	22	12	11	22	22	22	12	22	22	22	12	21	21	12	12	21	12	12	12	22	12	11	21	11	12
73	0	17.819	30.818	12	12	21	21	21	22	12	11	12	22	21	12	21	22	11	21	11	11	21	21	21	21	22	22	22	12	21	12	21	21	12	21	11	12	11	22	21	12	22	21	22	12	22	21	21	11	12	11	11	22	22	22	11	22	21	12	12	22	12	12	12	22	11	22	12	11	22	22	22	12	22	22	22	12	21	21	12	12	21	12	12	12	22	12	11	21	11	12
72	0	17.819	30.818	12	12	21	21	21	22	12	11	12	22	21	12	21	22	11	21	11	11	21	21	21	21	22	22	22	12	21	12	21	21	12	21	11	12	11	22	21	12	22	21	22	12	22	21	21	11	12	11	11	22	22	22	11	22	21	12	12	22	12	12	12	22	11	22	12	11	22	22	22	12	22	22	22	12	21	21	12	12	21	12	12	12	22	12	11	21	11	12
75	0	17.819	30.818	12	12	21	21	21	22	12	11	12	22	21	12	21	22	11	21	11	11	21	21	21	21	22	22	22	12	21	12	21	21	12	21	11	12	11	22	21	12	22	21	22	12	22	21	21	11	12	11	11	22	22	22	11	22	21	12	12	22	12	12	12	22	11	22	12	11	22	22	22	12	22	22	22	12	21	21	12	12	21	12	12	12	22	12	11	21	11	12
70	0	17.819	30.818	12	12	21	21	21	22	12	11	12	22	21	12	21	22	11	21	11	11	21	21	21	21	22	22	22	12	21	12	21	21	12	21	11	12	11	22	21	12	22	21	22	12	22	21	21	11	12	11	11	22	22	22	11	22	21	12	12	22	12	12	12	22	11	22	12	11	22	22	22	12	22	22	22	12	21	21	12	12	21	12	12	12	22	12	11	21	11	12
68	0	17.819	30.818	12	12	21	21	21	22	12	11	12	22	21	12	21	22	11	21	11	11	21	21	21	21	22	22	22	12	21	12	21	21	12	21	11	12	11	22	21	12	22	21	22	12	22	21	21	11	12	11	11	22	22	22	11	22	21	12	12	22	12	12	12	22	11	22	12	11	22	22	22	12	22	22	22	12	21	21	12	12	21	12	12	12	22	12	11	21	11	12
65	0	17.819	30.818	12	12	21	21	21	22	12	11	12	22	21	12	21	22	11	21	11	11	21	21	21	21	22	22	22	12	21	12	21	21	12	21	11	12	11	22	21	12	22	21	22	12	22	21	21	11	12	11	11	22	22	22	11	22	21	12	12	22	12	12	12	22	11	22	12	11	22	22	22	12	22	22	22	12	21	21	12	12	21	12	12	12	22	12	11	21	11	12
82	0	18.996	33.199	12	12	21	21	21	22	12	11	12	22	21	12	21	22	11	21	11	11	21	21	21	21	22	22	22	12	21	12	21	21	12	21	11	12	11	22	21	12	22	21	22	12	22	21	21	11	12	11	11	22	22	21	11	22	21	12	12	22	12	12	12	21	11	22	12	11	22	22	22	12	22	22	22	12	21	21	12	12	21	12	12	22	22	12	11	21	11	12
79	0	18.996	33.199	12	12	21	21	21	22	12	11	12	22	21	12	21	22	11	21	11	11	21	21	21	21	22	22	22	12	21	12	21	21	12	21	11	12	11	22	21	12	22	21	22	12	22	21	21	11	12	11	11	22	22	21	11	22	21	12	12	22	12	12	12	21	11	22	12	11	22	22	22	12	22	22	22	12	21	21	12	12	21	12	12	22	22	12	11	21	11	12
83	0	18.996	33.199	12	12	21	21	21	22	12	11	12	22	21	12	21	22	11	21	11	11	21	21	21	21	22	22	22	12	21	12	21	21	12	21	11	12	11	22	21	12	22	21	22	12	22	21	21	11	12	11	11	22	22	21	11	22	21	12	12	22	12	12	12	21	11	22	12	11	22	22	22	12	22	22	22	12	21	21	12	12	21	12	12	22	22	12	11	21	11	12
78	0	18.996	33.199	12	12	21	21	21	22	12	11	12	22	21	12	21	22	11	21	11	11	21	21	21	21	22	22	22	12	21	12	21	21	12	21	11	12	11	22	21	12	22	21	22	12	22	21	21	11	12	11	11	22	22	21	11	22	21	12	12	22	12	12	12	21	11	22	12	11	22	22	22	12	22	22	22	12	21	21	12	12	21	12	12	22	22	12	11	21	11	12
81	0	18.996	33.199	12	12	21	21	21	22	12	11	12	22	21	12	21	22	11	21	11	11	21	21	21	21	22	22	22	12	21	12	21	21	12	21	11	12	11	22	21	12	22	21	22	12	22	21	21	11	12	11	11	22	22	21	11	22	21	12	12	22	12	12	12	21	11	22	12	11	22	22	22	12	22	22	22	12	21	21	12	12	21	12	12	22	22	12	11	21	11	12
80	0	18.996	33.199	12	12	21	21	21	22	12	11	12	22	21	12	21	22	11	21	11	11	21	21	21	21	22	22	22	12	21	12	21	21	12	21	11	12	11	22	21	12	22	21	22	12	22	21	21	11	12	11	11	22	22	21	11	22	21	12	12	22	12	12	12	21	11	22	12	11	22	22	22	12	22	22	22	12	21	21	12	12	21	12	12	22	22	12	11	21	11	12
85	0	20.172	34.376	12	12	21	21	21	22	12	11	12	12	21	12	22	22	11	21	11	11	21	21	21	21	22	22	22	12	21	12	21	21	12	21	11	12	11	22	21	12	22	21	22	12	22	21	21	11	12	11	11	22	22	21	11	22	21	12	12	22	12	12	12	21	11	22	12	11	22	22	22	12	22	22	22	12	21	21	12	12	21	12	12	22	22	12	11	21	11	12
84	0	20.172	34.376	12	12	21	21	21	22	12	11	12	12	21	12	22	22	11	21	11	11	21	21	21	21	22	22	22	12	21	12	21	21	12	21	11	12	11	22	21	12	22	21	22	12	22	21	21	11	12	11	11	22	22	21	11	22	21	12	12	22	12	12	12	21	11	22	12	11	22	22	22	12	22	22	22	12	21	21	12	12	21	12	12	22	22	12	11	21	11	12
86	0	20.172	34.376	12	12	21	21	21	22	12	11	12	12	21	12	22	22	11	21	11	11	21	21	21	21	22	22	22	12	21	12	21	21	12	21	11	12	11	22	21	12	22	21	22	12	22	21	21	11	12	11	11	22	22	21	11	22	21	12	12	22	12	12	12	21	11	22	12	11	22	22	22	12	22	22	22	12	21	21	12	12	21	12	12	22	22	12	11	21	11	12
88	0	21.349	34.376	12	12	21	21	21	22	12	11	12	12	21	12	22	22	11	21	11	11	21	21	21	21	22	22	22	12	21	12	21	21	12	21	11	12	11	22	21	12	22	21	22	12	22	21	21	11	12	11	11	22	22	21	11	22	21	12	12	22	12	12	12	21	11	22	12	11	22	22	22	12	22	22	22	12	21	21	12	12	21	12	12	22	22	12	11	21	11	22
91	0	21.349	35.552	12	12	21	21	21	22	12	11	12	12	21	12	22	22	11	21	11	11	21	21	21	21	22	22	22	12	21	12	21	21	12	21	11	12	11	22	21	12	22	21	22	12	22	21	21	11	12	11	11	22	22	21	11	22	21	12	12	22	12	12	12	21	11	22	12	11	22	22	22	12	22	22	22	12	21	22	12	12	21	12	12	22	22	12	11	21	11	22
93	0	21.349	35.552	12	12	21	21	21	22	12	11	12	12	21	12	22	22	11	21	11	11	21	21	21	21	22	22	22	12	21	12	21	21	12	21	11	12	11	22	21	12	22	21	22	12	22	21	21	11	12	11	11	22	22	21	11	22	21	12	12	22	12	12	12	21	11	22	12	11	22	22	22	12	22	22	22	12	21	22	12	12	21	12	12	22	22	12	11	21	11	22
94	0	21.349	35.552	12	12	21	21	21	22	12	11	12	12	21	12	22	22	11	21	11	11	21	21	21	21	22	22	22	12	21	12	21	21	12	21	11	12	11	22	21	12	22	21	22	12	22	21	21	11	12	11	11	22	22	21	11	22	21	12	12	22	12	12	12	21	11	22	12	11	22	22	22	12	22	22	22	12	21	22	12	12	21	12	12	22	22	12	11	21	11	22
87	0	21.349	35.552	12	12	21	21	21	22	12	11	12	12	21	12	22	22	11	21	11	11	21	21	21	21	22	22	22	12	21	12	21	21	12	21	11	12	11	22	21	12	22	21	22	12	22	21	21	11	12	11	11	22	22	21	11	22	21	12	12	22	12	12	12	21	11	22	12	11	22	22	22	12	22	22	22	12	21	22	12	12	21	12	12	22	22	12	11	21	11	22
95	0	21.349	35.552	12	12	21	21	21	22	12	11	12	12	21	12	22	22	11	21	11	11	21	21	21	21	22	22	22	12	21	12	21	21	12	21	11	12	11	22	21	12	22	21	22	12	22	21	21	11	12	11	11	22	22	21	11	22	21	12	12	22	12	12	12	21	11	22	12	11	22	22	22	12	22	22	22	12	21	22	12	12	21	12	12	22	22	12	11	21	11	22
92	0	21.349	35.552	12	12	21	21	21	22	12	11	12	12	21	12	22	22	11	21	11	11	21	21	21	21	22	22	22	12	21	12	21	21	12	21	11	12	11	22	21	12	22	21	22	12	22	21	21	11	12	11	11	22	22	21	11	22	21	12	12	22	12	12	12	21	11	22	12	11	22	22	22	12	22	22	22	12	21	22	12	12	21	12	12	22	22	12	11	21	11	22
90	0	21.349	35.552	12	12	21	21	21	22	12	11	12	12	21	12	22	22	11	21	11	11	21	21	21	21	22	22	22	12	21	12	21	21	12	21	11	12	11	22	21	12	22	21	22	12	22	21	21	11	12	11	11	22	22	21	11	22	21	12	12	22	12	12	12	21	11	22	12	11	22	22	22	12	22	22	22	12	21	22	12	12	21	12	12	22	22	12	11	21	11	22
89	0	21.349	35.552	12	12	21	21	21	22	12	11	12	12	21	12	22	22	11	21	11	11	21	21	21	21	22	22	22	12	21	12	21	21	12	21	11	12	11	22	21	12	22	21	22	12	22	21	21	11	12	11	11	22	22	21	11	22	21	12	12	22	12	12	12	21	11	22	12	11	22	22	22	12	22	22	22	12	21	22	12	12	21	12	12	22	22	12	11	21	11	22
103	0	22.525	36.729	12	12	21	21	21	22	12	11	12	12	21	12	22	22	11	21	11	11	21	21	21	21	22	22	22	12	21	12	21	21	12	21	11	12	11	22	21	12	22	21	22	12	22	21	21	11	12	11	11	22	22	21	11	22	21	12	12	22	12	12	12	21	11	22	12	11	22	22	22	12	22	22	22	22	22	22	12	12	21	12	12	22	22	12	11	21	11	22
114	0	22.525	36.729	12	12	21	21	21	22	12	11	12	12	21	12	22	22	11	21	11	11	21	21	21	21	22	22	22	12	21	12	21	21	12	21	11	12	11	22	21	12	22	21	22	12	22	21	21	11	12	11	11	22	22	21	11	22	21	12	12	22	12	12	12	21	11	22	12	11	22	22	22	12	22	22	22	22	22	22	12	12	21	12	12	22	22	12	11	21	11	22
101	0	22.525	36.729	12	12	21	21	21	22	12	11	12	12	21	12	22	22	11	21	11	11	21	21	21	21	22	22	22	12	21	12	21	21	12	21	11	12	11	22	21	12	22	21	22	12	22	21	21	11	12	11	11	22	22	21	11	22	21	12	12	22	12	12	12	21	11	22	12	11	22	22	22	12	22	22	22	22	22	22	12	12	21	12	12	22	22	12	11	21	11	22
110	0	22.525	36.729	12	12	21	21	21	22	12	11	12	12	21	12	22	22	11	21	11	11	21	21	21	21	22	22	22	12	21	12	21	21	12	21	11	12	11	22	21	12	22	21	22	12	22	21	21	11	12	11	11	22	22	21	11	22	21	12	12	22	12	12	12	21	11	22	12	11	22	22	22	12	22	22	22	22	22	22	12	12	21	12	12	22	22	12	11	21	11	22
99	0	22.525	36.729	12	12	21	21	21	22	12	11	12	12	21	12	22	22	11	21	11	11	21	21	21	21	22	22	22	12	21	12	21	21	12	21	11	12	11	22	21	12	22	21	22	12	22	21	21	11	12	11	11	22	22	21	11	22	21	12	12	22	12	12	12	21	11	22	12	11	22	22	22	12	22	22	22	22	22	22	12	12	21	12	12	22	22	12	11	21	11	22
100	0	22.525	36.729	12	12	21	21	21	22	12	11	12	12	21	12	22	22	11	21	11	11	21	21	21	21	22	22	22	12	21	12	21	21	12	21	11	12	11	22	21	12	22	21	22	12	22	21	21	11	12	11	11	22	22	21	11	22	21	12	12	22	12	12	12	21	11	22	12	11	22	22	22	12	22	22	22	22	22	22	12	12	21	12	12	22	22	12	11	21	11	22
112	0	22.525	36.729	12	12	21	21	21	22	12	11	12	12	21	12	22	22	11	21	11	11	21	21	21	21	22	22	22	12	21	12	21	21	12	21	11	12	11	22	21	12	22	21	22	12	22	21	21	11	12	11	11	22	22	21	11	22	21	12	12	22	12	12	12	21	11	22	12	11	22	22	22	12	22	22	22	22	22	22	12	12	21	12	12	22	22	12	11	21	11	22
104	0	22.525	36.729	12	12	21	21	21	22	12	11	12	12	21	12	22	22	11	21	11	11	21	21	21	21	22	22	22	12	21	12	21	21	12	21	11	12	11	22	21	12	22	21	22	12	22	21	21	11	12	11	11	22	22	21	11	22	21	12	12	22	12	12	12	21	11	22	12	11	22	22	22	12	22	22	22	22	22	22	12	12	21	12	12	22	22	12	11	21	11	22
111	0	22.525	36.729	12	12	21	21	21	22	12	11	12	12	21	12	22	22	11	21	11	11	21	21	21	21	22	22	22	12	21	12	21	21	12	21	11	12	11	22	21	12	22	21	22	12	22	21	21	11	12	11	11	22	22	21	11	22	21	12	12	22	12	12	12	21	11	22	12	11	22	22	22	12	22	22	22	22	22	22	12	12	21	12	12	22	22	12	11	21	11	22
102	0	22.525	36.729	12	12	21	21	21	22	12	11	12	12	21	12	22	22	11	21	11	11	21	21	21	21	22	22	22	12	21	12	21	21	12	21	11	12	11	22	21	12	22	21	22	12	22	21	21	11	12	11	11	22	22	21	11	22	21	12	12	22	12	12	12	21	11	22	12	11	22	22	22	12	22	22	22	22	22	22	12	12	21	12	12	22	22	12	11	21	11	22
113	0	22.525	36.729	12	12	21	21	21	22	12	11	12	12	21	12	22	22	11	21	11	11	21	21	21	21	22	22	22	12	21	12	21	21	12	21	11	12	11	22	21	12	22	21	22	12	22	21	21	11	12	11	11	22	22	21	11	22	21	12	12	22	12	12	12	21	11	22	12	11	22	22	22	12	22	22	22	22	22	22	12	12	21	12	12	22	22	12	11	21	11	22
98	0	23.702	36.729	12	12	21	21	21	22	12	21	12	12	21	12	22	22	11	21	11	11	21	21	21	21	22	22	22	12	21	12	21	21	12	21	11	12	11	22	21	12	22	21	22	12	22	21	21	11	12	11	11	22	22	21	11	22	21	12	12	22	12	12	12	21	11	22	12	11	22	22	22	12	22	22	22	22	22	22	12	12	21	12	12	22	22	12	11	21	11	22
97	0	23.702	36.729	12	12	21	21	21	22	12	21	12	12	21	12	22	22	11	21	11	11	21	21	21	21	22	22	22	12	21	12	21	21	12	21	11	12	11	22	21	12	22	21	22	12	22	21	21	11	12	11	11	22	22	21	11	22	21	12	12	22	12	12	12	21	11	22	12	11	22	22	22	12	22	22	22	22	22	22	12	12	21	12	12	22	22	12	11	21	11	22
96	0	23.702	36.729	12	12	21	21	21	22	12	21	12	12	21	12	22	22	11	21	11	11	21	21	21	21	22	22	22	12	21	12	21	21	12	21	11	12	11	22	21	12	22	21	22	12	22	21	21	11	12	11	11	22	22	21	11	22	21	12	12	22	12	12	12	21	11	22	12	11	22	22	22	12	22	22	22	22	22	22	12	12	21	12	12	22	22	12	11	21	11	22
109	0	23.702	36.729	12	12	21	21	21	22	12	21	12	12	21	12	22	22	11	21	11	11	21	21	21	21	22	22	22	12	21	12	21	21	12	21	11	12	11	22	21	12	22	21	22	12	22	21	21	11	12	11	11	22	22	21	11	22	21	12	12	22	12	12	12	21	11	22	12	11	22	22	22	12	22	22	22	22	22	22	12	12	21	12	12	22	22	12	11	21	11	22
105	0	23.702	36.729	12	12	21	21	21	22	12	21	12	12	21	12	22	22	11	21	11	11	21	21	21	21	22	22	22	12	21	12	21	21	12	21	11	12	11	22	21	12	22	21	22	12	22	21	21	11	12	11	11	22	22	21	11	22	21	12	12	22	12	12	12	21	11	22	12	11	22	22	22	12	22	22	22	22	22	22	12	12	21	12	12	22	22	12	11	21	11	22
106	0	23.702	36.729	12	12	21	21	21	22	12	21	12	12	21	12	22	22	11	21	11	11	21	21	21	21	22	22	22	12	21	12	21	21	12	21	11	12	11	22	21	12	22	21	22	12	22	21	21	11	12	11	11	22	22	21	11	22	21	12	12	22	12	12	12	21	11	22	12	11	22	22	22	12	22	22	22	22	22	22	12	12	21	12	12	22	22	12	11	21	11	22
107	0	23.702	36.729	12	12	21	21	21	22	12	21	12	12	21	12	22	22	11	21	11	11	21	21	21	21	22	22	22	12	21	12	21	21	12	21	11	12	11	22	21	12	22	21	22	12	22	21	21	11	12	11	11	22	22	21	11	22	21	12	12	22	12	12	12	21	11	22	12	11	22	22	22	12	22	22	22	22	22	22	12	12	21	12	12	22	22	12	11	21	11	22
108	0	23.702	36.729	12	12	21	21	21	22	12	21	12	12	21	12	22	22	11	21	11	11	21	21	21	21	22	22	22	12	21	12	21	21	12	21	11	12	11	22	21	12	22	21	22	12	22	21	21	11	12	11	11	22	22	21	11	22	21	12	12	22	12	12	12	21	11	22	12	11	22	22	22	12	22	22	22	22	22	22	12	12	21	12	12	22	22	12	11	21	11	22
118	0	23.702	39.110	12	12	21	21	21	22	12	21	12	12	21	12	22	22	11	21	11	11	21	21	21	21	22	22	22	12	21	12	21	21	12	21	11	12	11	22	21	12	22	21	22	12	22	21	21	11	12	11	11	21	22	21	11	22	22	12	12	22	12	12	12	21	11	22	12	11	22	22	22	12	22	22	22	22	22	22	12	12	21	12	12	22	22	12	11	21	11	22
117	0	26.083	39.110	12	12	21	21	21	22	12	11	12	12	21	12	22	22	11	21	11	21	21	21	21	21	22	22	22	12	21	12	21	21	12	21	11	12	11	22	21	12	22	21	22	12	22	21	21	11	12	11	11	21	22	21	11	22	22	12	12	22	12	12	12	21	11	22	12	11	22	22	22	12	22	22	22	22	22	22	12	12	21	12	12	22	22	12	11	21	11	22
116	0	26.083	39.110	12	12	21	21	21	22	12	11	12	12	21	12	22	22	11	21	11	21	21	21	21	21	22	22	22	12	21	12	21	21	12	21	11	12	11	22	21	12	22	21	22	12	22	21	21	11	12	11	11	21	22	21	11	22	22	12	12	22	12	12	12	21	11	22	12	11	22	22	22	12	22	22	22	22	22	22	12	12	21	12	12	22	22	12	11	21	11	22
119	0	26.083	39.110	12	12	21	21	21	22	12	11	12	12	21	12	22	22	11	21	11	21	21	21	21	21	22	22	22	12	21	12	21	21	12	21	11	12	11	22	21	12	22	21	22	12	22	21	21	11	12	11	11	21	22	21	11	22	22	12	12	22	12	12	12	21	11	22	12	11	22	22	22	12	22	22	22	22	22	22	12	12	21	12	12	22	22	12	11	21	11	22
115	0	26.083	39.110	12	12	21	21	21	22	12	11	12	12	21	12	22	22	11	21	11	21	21	21	21	21	22	22	22	12	21	12	21	21	12	21	11	12	11	22	21	12	22	21	22	12	22	21	21	11	12	11	11	21	22	21	11	22	22	12	12	22	12	12	12	21	11	22	12	11	22	22	22	12	22	22	22	22	22	22	12	12	21	12	12	22	22	12	11	21	11	22
124	0	26.083	40.287	12	12	21	21	21	22	12	11	12	12	21	12	22	22	11	21	11	21	21	21	21	21	22	22	22	12	21	12	21	21	12	21	11	12	11	22	21	12	22	21	22	12	22	21	21	11	12	11	11	21	22	21	11	22	22	12	12	22	12	12	12	21	11	21	12	11	22	22	22	12	22	22	22	22	22	22	12	12	21	12	12	22	22	12	11	21	11	22
123	0	26.083	40.287	12	12	21	21	21	22	12	11	12	12	21	12	22	22	11	21	11	21	21	21	21	21	22	22	22	12	21	12	21	21	12	21	11	12	11	22	21	12	22	21	22	12	22	21	21	11	12	11	11	21	22	21	11	22	22	12	12	22	12	12	12	21	11	21	12	11	22	22	22	12	22	22	22	22	22	22	12	12	21	12	12	22	22	12	11	21	11	22
122	0	26.083	41.463	12	12	21	21	21	22	12	11	12	12	21	12	22	22	11	21	11	21	21	21	21	21	22	22	22	12	21	12	21	21	12	21	11	12	11	22	21	12	22	21	22	12	22	21	21	11	12	11	11	21	22	21	11	22	22	12	12	22	12	12	12	21	11	21	12	11	22	22	22	12	22	22	22	22	22	22	12	12	21	12	11	22	22	12	11	21	11	22
121	0	26.083	41.463	12	12	21	21	21	22	12	11	12	12	21	12	22	22	11	21	11	21	21	21	21	21	22	22	22	12	21	12	21	21	12	21	11	12	11	22	21	12	22	21	22	12	22	21	21	11	12	11	11	21	22	21	11	22	22	12	12	22	12	12	12	21	11	21	12	11	22	22	22	12	22	22	22	22	22	22	12	12	21	12	11	22	22	12	11	21	11	22
120	0	26.083	41.463	12	12	21	21	21	22	12	11	12	12	21	12	22	22	11	21	11	21	21	21	21	21	22	22	22	12	21	12	21	21	12	21	11	12	11	22	21	12	22	21	22	12	22	21	21	11	12	11	11	21	22	21	11	22	22	12	12	22	12	12	12	21	11	21	12	11	22	22	22	12	22	22	22	22	22	22	12	12	21	12	11	22	22	12	11	21	11	22
128	0	28.465	43.845	12	12	21	21	21	21	12	11	12	12	21	12	22	22	11	22	11	21	21	21	21	21	22	22	22	12	21	12	21	21	12	21	11	12	11	22	21	12	22	21	22	12	22	21	21	11	12	11	11	21	22	21	11	22	22	12	12	22	12	12	12	21	11	21	22	11	22	22	22	12	22	22	22	22	12	22	12	12	21	12	11	22	22	12	11	21	11	22
126	0	28.465	43.845	12	12	21	21	21	21	12	11	12	12	21	12	22	22	11	22	11	21	21	21	21	21	22	22	22	12	21	12	21	21	12	21	11	12	11	22	21	12	22	21	22	12	22	21	21	11	12	11	11	21	22	21	11	22	22	12	12	22	12	12	12	21	11	21	22	11	22	22	22	12	22	22	22	22	12	22	12	12	21	12	11	22	22	12	11	21	11	22
129	0	28.465	43.845	12	12	21	21	21	21	12	11	12	12	21	12	22	22	11	22	11	21	21	21	21	21	22	22	22	12	21	12	21	21	12	21	11	12	11	22	21	12	22	21	22	12	22	21	21	11	12	11	11	21	22	21	11	22	22	12	12	22	12	12	12	21	11	21	22	11	22	22	22	12	22	22	22	22	12	22	12	12	21	12	11	22	22	12	11	21	11	22
125	0	28.465	43.845	12	12	21	21	21	21	12	11	12	12	21	12	22	22	11	22	11	21	21	21	21	21	22	22	22	12	21	12	21	21	12	21	11	12	11	22	21	12	22	21	22	12	22	21	21	11	12	11	11	21	22	21	11	22	22	12	12	22	12	12	12	21	11	21	22	11	22	22	22	12	22	22	22	22	12	22	12	12	21	12	11	22	22	12	11	21	11	22
130	0	28.465	43.845	12	12	21	21	21	21	12	11	12	12	21	12	22	22	11	22	11	21	21	21	21	21	22	22	22	12	21	12	21	21	12	21	11	12	11	22	21	12	22	21	22	12	22	21	21	11	12	11	11	21	22	21	11	22	22	12	12	22	12	12	12	21	11	21	22	11	22	22	22	12	22	22	22	22	12	22	12	12	21	12	11	22	22	12	11	21	11	22
127	0	28.465	45.021	12	12	21	21	21	21	12	11	12	12	21	12	22	22	11	22	11	21	21	21	21	21	22	22	22	12	21	12	21	21	12	21	11	12	11	22	21	12	22	21	22	12	22	21	21	11	12	11	11	21	22	21	11	22	22	12	12	22	12	12	12	21	11	21	22	11	22	22	22	12	22	22	22	22	12	22	12	12	21	12	11	22	21	12	11	21	11	22
131	0	28.465	48.637	12	12	21	21	21	21	12	11	12	12	21	12	22	22	11	22	11	21	21	21	21	21	22	22	22	12	21	12	21	21	12	21	11	12	11	22	21	11	22	21	22	12	22	21	21	11	12	11	11	21	22	21	11	22	22	12	12	22	12	12	12	21	11	21	22	11	22	22	22	12	22	22	22	22	12	22	12	12	22	12	11	22	21	12	11	21	12	22
133	0	28.465	48.637	12	12	21	21	21	21	12	11	12	12	21	12	22	22	11	22	11	21	21	21	21	21	22	22	22	12	21	12	21	21	12	21	11	12	11	22	21	11	22	21	22	12	22	21	21	11	12	11	11	21	22	21	11	22	22	12	12	22	12	12	12	21	11	21	22	11	22	22	22	12	22	22	22	22	12	22	12	12	22	12	11	22	21	12	11	21	12	22
132	0	28.465	48.637	12	12	21	21	21	21	12	11	12	12	21	12	22	22	11	22	11	21	21	21	21	21	22	22	22	12	21	12	21	21	12	21	11	12	11	22	21	11	22	21	22	12	22	21	21	11	12	11	11	21	22	21	11	22	22	12	12	22	12	12	12	21	11	21	22	11	22	22	22	12	22	22	22	22	12	22	12	12	22	12	11	22	21	12	11	21	12	22
134	0	28.465	49.814	12	12	21	21	21	21	12	11	12	12	21	12	22	22	11	22	11	21	21	21	21	21	22	22	22	12	21	12	21	21	12	21	11	12	11	22	21	11	22	22	22	12	22	21	21	11	12	11	11	21	22	21	11	22	22	12	12	22	12	12	12	21	11	21	22	11	22	22	22	12	22	22	22	22	12	22	12	12	22	12	11	22	21	12	11	21	12	22
135	0	28.465	49.814	12	12	21	21	21	21	12	11	12	12	21	12	22	22	11	22	11	21	21	21	21	21	22	22	22	12	21	12	21	21	12	21	11	12	11	22	21	11	22	22	22	12	22	21	21	11	12	11	11	21	22	21	11	22	22	12	12	22	12	12	12	21	11	21	22	11	22	22	22	12	22	22	22	22	12	22	12	12	22	12	11	22	21	12	11	21	12	22
137	0	28.465	50.990	12	12	21	21	21	21	12	11	12	12	21	12	22	22	11	22	11	21	21	21	21	21	22	22	22	12	21	12	21	21	12	21	11	12	11	22	21	11	22	22	22	12	22	21	21	11	12	11	12	21	22	21	11	22	22	12	12	22	12	12	12	21	11	21	22	11	22	22	22	12	22	22	22	22	12	22	12	12	22	12	11	22	21	12	11	21	12	22
136	0	28.465	50.990	12	12	21	21	21	21	12	11	12	12	21	12	22	22	11	22	11	21	21	21	21	21	22	22	22	12	21	12	21	21	12	21	11	12	11	22	21	11	22	22	22	12	22	21	21	11	12	11	12	21	22	21	11	22	22	12	12	22	12	12	12	21	11	21	22	11	22	22	22	12	22	22	22	22	12	22	12	12	22	12	11	22	21	12	11	21	12	22
140	0	28.465	52.167	12	12	21	21	21	21	12	11	12	12	21	12	22	22	11	22	11	21	21	21	21	21	22	22	21	12	21	12	21	21	12	21	11	12	11	22	21	11	22	22	22	12	22	21	21	11	12	11	12	21	22	21	11	22	22	12	12	22	12	12	12	21	11	21	22	11	22	22	22	12	22	22	22	22	12	22	12	12	22	12	11	22	21	12	11	21	12	22
139	0	28.465	52.167	12	12	21	21	21	21	12	11	12	12	21	12	22	22	11	22	11	21	21	21	21	21	22	22	21	12	21	12	21	21	12	21	11	12	11	22	21	11	22	22	22	12	22	21	21	11	12	11	12	21	22	21	11	22	22	12	12	22	12	12	12	21	11	21	22	11	22	22	22	12	22	22	22	22	12	22	12	12	22	12	11	22	21	12	11	21	12	22
144	0	28.465	52.167	12	12	21	21	21	21	12	11	12	12	21	12	22	22	11	22	11	21	21	21	21	21	22	22	21	12	21	12	21	21	12	21	11	12	11	22	21	11	22	22	22	12	22	21	21	11	12	11	12	21	22	21	11	22	22	12	12	22	12	12	12	21	11	21	22	11	22	22	22	12	22	22	22	22	12	22	12	12	22	12	11	22	21	12	11	21	12	22
142	0	28.465	52.167	12	12	21	21	21	21	12	11	12	12	21	12	22	22	11	22	11	21	21	21	21	21	22	22	21	12	21	12	21	21	12	21	11	12	11	22	21	11	22	22	22	12	22	21	21	11	12	11	12	21	22	21	11	22	22	12	12	22	12	12	12	21	11	21	22	11	22	22	22	12	22	22	22	22	12	22	12	12	22	12	11	22	21	12	11	21	12	22
141	0	28.465	52.167	12	12	21	21	21	21	12	11	12	12	21	12	22	22	11	22	11	21	21	21	21	21	22	22	21	12	21	12	21	21	12	21	11	12	11	22	21	11	22	22	22	12	22	21	21	11	12	11	12	21	22	21	11	22	22	12	12	22	12	12	12	21	11	21	22	11	22	22	22	12	22	22	22	22	12	22	12	12	22	12	11	22	21	12	11	21	12	22
138	0	28.465	52.167	12	12	21	21	21	21	12	11	12	12	21	12	22	22	11	22	11	21	21	21	21	21	22	22	21	12	21	12	21	21	12	21	11	12	11	22	21	11	22	22	22	12	22	21	21	11	12	11	12	21	22	21	11	22	22	12	12	22	12	12	12	21	11	21	22	11	22	22	22	12	22	22	22	22	12	22	12	12	22	12	11	22	21	12	11	21	12	22
143	0	28.465	52.167	12	12	21	21	21	21	12	11	12	12	21	12	22	22	11	22	11	21	21	21	21	21	22	22	21	12	21	12	21	21	12	21	11	12	11	22	21	11	22	22	22	12	22	21	21	11	12	11	12	21	22	21	11	22	22	12	12	22	12	12	12	21	11	21	22	11	22	22	22	12	22	22	22	22	12	22	12	12	22	12	11	22	21	12	11	21	12	22
145	0	28.465	54.548	12	12	21	21	21	21	12	11	12	12	21	12	22	22	11	22	11	21	21	21	21	21	22	22	21	12	21	12	22	21	12	21	11	12	11	22	21	11	22	22	22	12	22	21	21	11	12	11	12	21	22	21	11	22	22	12	12	21	12	12	12	21	11	21	22	11	22	22	22	12	22	22	22	22	12	22	12	12	22	12	11	22	21	12	11	21	12	22
147	0	28.465	54.548	12	12	21	21	21	21	12	11	12	12	21	12	22	22	11	22	11	21	21	21	21	21	22	22	21	12	21	12	22	21	12	21	11	12	11	22	21	11	22	22	22	12	22	21	21	11	12	11	12	21	22	21	11	22	22	12	12	21	12	12	12	21	11	21	22	11	22	22	22	12	22	22	22	22	12	22	12	12	22	12	11	22	21	12	11	21	12	22
150	0	28.465	54.548	12	12	21	21	21	21	12	11	12	12	21	12	22	22	11	22	11	21	21	21	21	21	22	22	21	12	21	12	22	21	12	21	11	12	11	22	21	11	22	22	22	12	22	21	21	11	12	11	12	21	22	21	11	22	22	12	12	21	12	12	12	21	11	21	22	11	22	22	22	12	22	22	22	22	12	22	12	12	22	12	11	22	21	12	11	21	12	22
148	0	28.465	54.548	12	12	21	21	21	21	12	11	12	12	21	12	22	22	11	22	11	21	21	21	21	21	22	22	21	12	21	12	22	21	12	21	11	12	11	22	21	11	22	22	22	12	22	21	21	11	12	11	12	21	22	21	11	22	22	12	12	21	12	12	12	21	11	21	22	11	22	22	22	12	22	22	22	22	12	22	12	12	22	12	11	22	21	12	11	21	12	22
158	0	28.465	54.548	12	12	21	21	21	21	12	11	12	12	21	12	22	22	11	22	11	21	21	21	21	21	22	22	21	12	21	12	22	21	12	21	11	12	11	22	21	11	22	22	22	12	22	21	21	11	12	11	12	21	22	21	11	22	22	12	12	21	12	12	12	21	11	21	22	11	22	22	22	12	22	22	22	22	12	22	12	12	22	12	11	22	21	12	11	21	12	22
146	0	28.465	54.548	12	12	21	21	21	21	12	11	12	12	21	12	22	22	11	22	11	21	21	21	21	21	22	22	21	12	21	12	22	21	12	21	11	12	11	22	21	11	22	22	22	12	22	21	21	11	12	11	12	21	22	21	11	22	22	12	12	21	12	12	12	21	11	21	22	11	22	22	22	12	22	22	22	22	12	22	12	12	22	12	11	22	21	12	11	21	12	22
149	0	28.465	54.548	12	12	21	21	21	21	12	11	12	12	21	12	22	22	11	22	11	21	21	21	21	21	22	22	21	12	21	12	22	21	12	21	11	12	11	22	21	11	22	22	22	12	22	21	21	11	12	11	12	21	22	21	11	22	22	12	12	21	12	12	12	21	11	21	22	11	22	22	22	12	22	22	22	22	12	22	12	12	22	12	11	22	21	12	11	21	12	22
151	0	28.465	54.548	12	12	21	21	21	21	12	11	12	12	21	12	22	22	11	22	11	21	21	21	21	21	22	22	21	12	21	12	22	21	12	21	11	12	11	22	21	11	22	22	22	12	22	21	21	11	12	11	12	21	22	21	11	22	22	12	12	21	12	12	12	21	11	21	22	11	22	22	22	12	22	22	22	22	12	22	12	12	22	12	11	22	21	12	11	21	12	22
153	0	28.465	56.930	12	12	21	21	21	21	12	12	12	12	21	12	22	22	11	22	11	21	21	21	21	21	22	22	21	12	21	12	22	21	12	21	11	12	11	22	21	11	22	22	22	12	22	21	21	11	12	11	12	21	22	21	11	22	22	12	12	21	12	12	12	21	11	21	22	11	22	22	22	12	22	22	22	22	12	22	12	12	22	11	11	22	21	12	11	21	12	22
157	0	28.465	56.930	12	12	21	21	21	21	12	12	12	12	21	12	22	22	11	22	11	21	21	21	21	21	22	22	21	12	21	12	22	21	12	21	11	12	11	22	21	11	22	22	22	12	22	21	21	11	12	11	12	21	22	21	11	22	22	12	12	21	12	12	12	21	11	21	22	11	22	22	22	12	22	22	22	22	12	22	12	12	22	11	11	22	21	12	11	21	12	22
152	0	28.465	56.930	12	12	21	21	21	21	12	12	12	12	21	12	22	22	11	22	11	21	21	21	21	21	22	22	21	12	21	12	22	21	12	21	11	12	11	22	21	11	22	22	22	12	22	21	21	11	12	11	12	21	22	21	11	22	22	12	12	21	12	12	12	21	11	21	22	11	22	22	22	12	22	22	22	22	12	22	12	12	22	11	11	22	21	12	11	21	12	22
155	0	28.465	56.930	12	12	21	21	21	21	12	12	12	12	21	12	22	22	11	22	11	21	21	21	21	21	22	22	21	12	21	12	22	21	12	21	11	12	11	22	21	11	22	22	22	12	22	21	21	11	12	11	12	21	22	21	11	22	22	12	12	21	12	12	12	21	11	21	22	11	22	22	22	12	22	22	22	22	12	22	12	12	22	11	11	22	21	12	11	21	12	22
154	0	28.465	56.930	12	12	21	21	21	21	12	12	12	12	21	12	22	22	11	22	11	21	21	21	21	21	22	22	21	12	21	12	22	21	12	21	11	12	11	22	21	11	22	22	22	12	22	21	21	11	12	11	12	21	22	21	11	22	22	12	12	21	12	12	12	21	11	21	22	11	22	22	22	12	22	22	22	22	12	22	12	12	22	11	11	22	21	12	11	21	12	22
156	0	28.465	56.930	12	12	21	21	21	21	12	12	12	12	21	12	22	22	11	22	11	21	21	21	21	21	22	22	21	12	21	12	22	21	12	21	11	12	11	22	21	11	22	22	22	12	22	21	21	11	12	11	12	21	22	21	11	22	22	12	12	21	12	12	12	21	11	21	22	11	22	22	22	12	22	22	22	22	12	22	12	12	22	11	11	22	21	12	11	21	12	22
160	0	28.465	60.546	12	12	21	21	21	21	12	12	12	12	21	12	22	22	11	22	11	21	21	22	21	22	22	22	21	12	21	12	22	21	12	21	11	12	11	22	21	11	22	22	22	12	22	21	21	11	12	11	12	21	22	21	11	22	22	12	12	21	12	12	12	21	11	21	22	11	21	22	22	12	22	22	22	22	12	22	12	12	22	11	11	22	21	12	11	21	12	22
159	0	28.465	60.546	12	12	21	21	21	21	12	12	12	12	21	12	22	22	11	22	11	21	21	22	21	22	22	22	21	12	21	12	22	21	12	21	11	12	11	22	21	11	22	22	22	12	22	21	21	11	12	11	12	21	22	21	11	22	22	12	12	21	12	12	12	21	11	21	22	11	21	22	22	12	22	22	22	22	12	22	12	12	22	11	11	22	21	12	11	21	12	22
163	0	30.846	60.546	12	12	21	21	21	21	12	12	12	12	21	12	22	22	11	22	11	21	21	22	21	22	22	22	21	12	21	12	22	21	12	21	11	12	11	22	21	11	22	22	22	12	22	11	21	11	12	11	12	21	12	21	11	22	22	12	12	21	12	12	12	21	11	21	22	11	21	22	22	12	22	22	22	22	12	22	12	12	22	11	11	22	21	12	11	21	12	22
165	0	32.023	60.546	12	12	21	21	21	21	12	12	12	12	21	12	22	22	11	22	11	21	21	22	21	22	22	22	21	12	21	12	22	21	12	21	11	12	11	22	21	11	22	22	22	12	22	11	21	11	12	11	12	21	12	21	11	22	22	12	12	21	12	12	12	21	11	21	22	11	21	22	22	12	22	22	22	22	12	22	12	12	22	11	11	22	21	12	11	21	22	22
166	0	32.023	60.546	12	12	21	21	21	21	12	12	12	12	21	12	22	22	11	22	11	21	21	22	21	22	22	22	21	12	21	12	22	21	12	21	11	12	11	22	21	11	22	22	22	12	22	11	21	11	12	11	12	21	12	21	11	22	22	12	12	21	12	12	12	21	11	21	22	11	21	22	22	12	22	22	22	22	12	22	12	12	22	11	11	22	21	12	11	21	22	22
162	0	32.023	60.546	12	12	21	21	21	21	12	12	12	12	21	12	22	22	11	22	11	21	21	22	21	22	22	22	21	12	21	12	22	21	12	21	11	12	11	22	21	11	22	22	22	12	22	11	21	11	12	11	12	21	12	21	11	22	22	12	12	21	12	12	12	21	11	21	22	11	21	22	22	12	22	22	22	22	12	22	12	12	22	11	11	22	21	12	11	21	22	22
161	0	32.023	60.546	12	12	21	21	21	21	12	12	12	12	21	12	22	22	11	22	11	21	21	22	21	22	22	22	21	12	21	12	22	21	12	21	11	12	11	22	21	11	22	22	22	12	22	11	21	11	12	11	12	21	12	21	11	22	22	12	12	21	12	12	12	21	11	21	22	11	21	22	22	12	22	22	22	22	12	22	12	12	22	11	11	22	21	12	11	21	22	22
164	0	32.023	61.722	12	12	21	21	21	21	12	12	12	12	21	12	22	22	11	22	11	21	21	22	21	22	22	22	21	12	22	12	22	21	12	21	11	12	11	22	21	11	22	22	22	12	22	11	21	11	12	11	12	21	12	21	11	22	22	12	12	21	12	12	12	21	11	21	22	11	21	22	22	12	22	22	22	22	12	22	12	12	22	11	11	22	21	12	11	21	22	22
167	0	33.199	61.722	12	12	21	21	21	21	12	12	12	12	21	12	22	22	11	22	11	21	21	22	21	22	22	22	21	12	22	12	22	21	12	21	11	12	11	22	21	11	22	22	22	12	22	11	21	11	12	11	12	21	12	21	11	22	22	12	12	21	12	12	12	11	11	21	22	11	21	22	22	12	22	22	22	22	12	22	12	12	22	11	11	22	21	12	11	21	22	22
179	0	33.199	62.899	12	12	21	21	21	21	12	12	12	12	21	12	22	22	12	22	11	21	21	22	21	22	22	22	21	12	22	12	22	21	12	21	11	12	11	22	21	11	22	22	22	12	22	11	21	11	12	11	12	21	12	21	11	22	22	12	12	21	12	12	12	11	11	21	22	11	21	22	22	12	22	22	22	22	12	22	12	12	22	11	11	22	21	12	11	21	22	22
170	0	33.199	62.899	12	12	21	21	21	21	12	12	12	12	21	12	22	22	12	22	11	21	21	22	21	22	22	22	21	12	22	12	22	21	12	21	11	12	11	22	21	11	22	22	22	12	22	11	21	11	12	11	12	21	12	21	11	22	22	12	12	21	12	12	12	11	11	21	22	11	21	22	22	12	22	22	22	22	12	22	12	12	22	11	11	22	21	12	11	21	22	22
168	0	33.199	62.899	12	12	21	21	21	21	12	12	12	12	21	12	22	22	12	22	11	21	21	22	21	22	22	22	21	12	22	12	22	21	12	21	11	12	11	22	21	11	22	22	22	12	22	11	21	11	12	11	12	21	12	21	11	22	22	12	12	21	12	12	12	11	11	21	22	11	21	22	22	12	22	22	22	22	12	22	12	12	22	11	11	22	21	12	11	21	22	22
177	0	33.199	62.899	12	12	21	21	21	21	12	12	12	12	21	12	22	22	12	22	11	21	21	22	21	22	22	22	21	12	22	12	22	21	12	21	11	12	11	22	21	11	22	22	22	12	22	11	21	11	12	11	12	21	12	21	11	22	22	12	12	21	12	12	12	11	11	21	22	11	21	22	22	12	22	22	22	22	12	22	12	12	22	11	11	22	21	12	11	21	22	22
178	0	33.199	62.899	12	12	21	21	21	21	12	12	12	12	21	12	22	22	12	22	11	21	21	22	21	22	22	22	21	12	22	12	22	21	12	21	11	12	11	22	21	11	22	22	22	12	22	11	21	11	12	11	12	21	12	21	11	22	22	12	12	21	12	12	12	11	11	21	22	11	21	22	22	12	22	22	22	22	12	22	12	12	22	11	11	22	21	12	11	21	22	22
174	0	33.199	64.075	12	12	21	21	21	21	12	11	12	12	21	12	22	22	12	22	11	21	21	22	21	22	22	22	21	12	22	12	22	21	12	21	11	12	11	22	21	11	22	22	22	12	22	11	21	11	12	11	12	21	12	21	11	22	22	12	12	21	12	12	12	11	11	21	22	11	21	22	22	12	22	22	22	22	12	22	12	12	22	11	11	22	21	12	11	21	22	22
172	0	33.199	64.075	12	12	21	21	21	21	12	11	12	12	21	12	22	22	12	22	11	21	21	22	21	22	22	22	21	12	22	12	22	21	12	21	11	12	11	22	21	11	22	22	22	12	22	11	21	11	12	11	12	21	12	21	11	22	22	12	12	21	12	12	12	11	11	21	22	11	21	22	22	12	22	22	22	22	12	22	12	12	22	11	11	22	21	12	11	21	22	22
173	0	33.199	64.075	12	12	21	21	21	21	12	11	12	12	21	12	22	22	12	22	11	21	21	22	21	22	22	22	21	12	22	12	22	21	12	21	11	12	11	22	21	11	22	22	22	12	22	11	21	11	12	11	12	21	12	21	11	22	22	12	12	21	12	12	12	11	11	21	22	11	21	22	22	12	22	22	22	22	12	22	12	12	22	11	11	22	21	12	11	21	22	22
169	0	33.199	64.075	12	12	21	21	21	21	12	11	12	12	21	12	22	22	12	22	11	21	21	22	21	22	22	22	21	12	22	12	22	21	12	21	11	12	11	22	21	11	22	22	22	12	22	11	21	11	12	11	12	21	12	21	11	22	22	12	12	21	12	12	12	11	11	21	22	11	21	22	22	12	22	22	22	22	12	22	12	12	22	11	11	22	21	12	11	21	22	22
171	0	33.199	64.075	12	12	21	21	21	21	12	11	12	12	21	12	22	22	12	22	11	21	21	22	21	22	22	22	21	12	22	12	22	21	12	21	11	12	11	22	21	11	22	22	22	12	22	11	21	11	12	11	12	21	12	21	11	22	22	12	12	21	12	12	12	11	11	21	22	11	21	22	22	12	22	22	22	22	12	22	12	12	22	11	11	22	21	12	11	21	22	22
175	0	33.199	65.252	12	12	21	21	21	21	12	11	12	12	21	12	22	22	12	22	11	21	21	22	21	22	22	22	21	12	22	12	22	21	12	21	11	12	11	22	21	11	22	22	22	12	22	11	21	11	12	11	12	21	12	21	11	22	22	12	12	21	12	12	12	11	11	21	22	11	21	22	22	12	22	21	22	22	12	22	12	12	22	11	11	22	21	12	11	21	22	22
183	0	33.199	65.252	12	12	21	21	21	21	12	11	12	12	21	12	22	22	12	22	11	21	21	22	21	22	22	22	21	12	22	12	22	21	12	21	11	12	11	22	21	11	22	22	22	12	22	11	21	11	12	11	12	21	12	21	11	22	22	12	12	21	12	12	12	11	11	21	22	11	21	22	22	12	22	21	22	22	12	22	12	12	22	11	11	22	21	12	11	21	22	22
181	0	33.199	65.252	12	12	21	21	21	21	12	11	12	12	21	12	22	22	12	22	11	21	21	22	21	22	22	22	21	12	22	12	22	21	12	21	11	12	11	22	21	11	22	22	22	12	22	11	21	11	12	11	12	21	12	21	11	22	22	12	12	21	12	12	12	11	11	21	22	11	21	22	22	12	22	21	22	22	12	22	12	12	22	11	11	22	21	12	11	21	22	22
176	0	33.199	65.252	12	12	21	21	21	21	12	11	12	12	21	12	22	22	12	22	11	21	21	22	21	22	22	22	21	12	22	12	22	21	12	21	11	12	11	22	21	11	22	22	22	12	22	11	21	11	12	11	12	21	12	21	11	22	22	12	12	21	12	12	12	11	11	21	22	11	21	22	22	12	22	21	22	22	12	22	12	12	22	11	11	22	21	12	11	21	22	22
182	0	34.376	65.252	12	12	21	21	21	11	12	11	12	12	21	12	22	22	12	22	11	21	21	22	21	22	22	22	21	12	22	12	22	21	12	21	11	12	11	22	21	11	22	22	22	12	22	11	21	11	12	11	12	21	12	21	11	22	22	12	12	21	12	12	12	11	11	21	22	11	21	22	22	12	22	21	22	22	12	22	12	12	22	11	11	22	21	12	11	21	22	22
180	0	34.376	65.252	12	12	21	21	21	11	12	11	12	12	21	12	22	22	12	22	11	21	21	22	21	22	22	22	21	12	22	12	22	21	12	21	11	12	11	22	21	11	22	22	22	12	22	11	21	11	12	11	12	21	12	21	11	22	22	12	12	21	12	12	12	11	11	21	22	11	21	22	22	12	22	21	22	22	12	22	12	12	22	11	11	22	21	12	11	21	22	22
184	0	35.552	68.868	12	12	21	21	21	11	12	11	12	12	21	12	22	22	12	22	11	21	21	22	21	22	22	22	21	12	22	11	22	21	12	21	11	12	11	21	21	11	22	22	22	12	22	11	21	12	12	11	12	21	12	21	11	22	22	12	22	21	12	12	12	11	11	21	22	11	21	22	22	12	22	21	22	22	12	22	12	12	22	11	11	22	21	12	11	21	22	22
185	0	36.729	68.868	12	12	21	21	21	11	12	11	12	12	21	12	22	22	12	22	11	21	21	22	21	22	22	22	21	12	22	11	12	21	12	21	11	12	11	21	21	11	22	22	22	12	22	11	21	12	12	11	12	21	12	21	11	22	22	12	22	21	12	12	12	11	11	21	22	11	21	22	22	12	22	21	22	22	12	22	12	12	22	11	11	22	21	12	11	21	22	22
186	0	36.729	68.868	12	12	21	21	21	11	12	11	12	12	21	12	22	22	12	22	11	21	21	22	21	22	22	22	21	12	22	11	12	21	12	21	11	12	11	21	21	11	22	22	22	12	22	11	21	12	12	11	12	21	12	21	11	22	22	12	22	21	12	12	12	11	11	21	22	11	21	22	22	12	22	21	22	22	12	22	12	12	22	11	11	22	21	12	11	21	22	22
187	0	36.729	68.868	12	12	21	21	21	11	12	11	12	12	21	12	22	22	12	22	11	21	21	22	21	22	22	22	21	12	22	11	12	21	12	21	11	12	11	21	21	11	22	22	22	12	22	11	21	12	12	11	12	21	12	21	11	22	22	12	22	21	12	12	12	11	11	21	22	11	21	22	22	12	22	21	22	22	12	22	12	12	22	11	11	22	21	12	11	21	22	22
188	0	39.110	70.044	12	12	21	21	21	11	12	11	12	12	21	12	22	22	12	22	11	21	21	22	21	22	22	22	21	12	22	11	12	21	12	11	11	12	11	21	21	11	22	22	22	12	22	11	21	22	12	11	12	21	12	21	12	22	22	12	22	21	12	12	12	11	11	21	22	11	21	22	22	12	22	21	22	22	12	22	12	12	22	11	11	22	21	12	11	21	22	22
190	0	39.110	70.044	12	12	21	21	21	11	12	11	12	12	21	12	22	22	12	22	11	21	21	22	21	22	22	22	21	12	22	11	12	21	12	11	11	12	11	21	21	11	22	22	22	12	22	11	21	22	12	11	12	21	12	21	12	22	22	12	22	21	12	12	12	11	11	21	22	11	21	22	22	12	22	21	22	22	12	22	12	12	22	11	11	22	21	12	11	21	22	22
189	0	39.110	70.044	12	12	21	21	21	11	12	11	12	12	21	12	22	22	12	22	11	21	21	22	21	22	22	22	21	12	22	11	12	21	12	11	11	12	11	21	21	11	22	22	22	12	22	11	21	22	12	11	12	21	12	21	12	22	22	12	22	21	12	12	12	11	11	21	22	11	21	22	22	12	22	21	22	22	12	22	12	12	22	11	11	22	21	12	11	21	22	22
192	0	41.492	70.044	12	12	21	21	21	11	12	11	12	12	21	12	22	22	12	22	11	21	21	22	21	12	22	22	21	12	22	11	12	21	12	11	11	12	11	21	21	11	22	22	22	12	22	11	21	22	12	11	12	21	12	21	12	22	12	12	22	21	12	12	12	11	11	21	22	11	21	22	22	12	22	21	22	22	12	22	12	12	22	11	11	22	21	12	11	21	22	22
191	0	41.492	70.044	12	12	21	21	21	11	12	11	12	12	21	12	22	22	12	22	11	21	21	22	21	12	22	22	21	12	22	11	12	21	12	11	11	12	11	21	21	11	22	22	22	12	22	11	21	22	12	11	12	21	12	21	12	22	12	12	22	21	12	12	12	11	11	21	22	11	21	22	22	12	22	21	22	22	12	22	12	12	22	11	11	22	21	12	11	21	22	22
193	0	41.492	70.044	12	12	21	21	21	11	12	11	12	12	21	12	22	22	12	22	11	21	21	22	21	12	22	22	21	12	22	11	12	21	12	11	11	12	11	21	21	11	22	22	22	12	22	11	21	22	12	11	12	21	12	21	12	22	12	12	22	21	12	12	12	11	11	21	22	11	21	22	22	12	22	21	22	22	12	22	12	12	22	11	11	22	21	12	11	21	22	22
194	0	42.668	71.221	12	12	21	21	21	11	12	11	12	12	21	12	22	22	12	22	11	21	21	22	21	12	22	22	21	12	22	11	12	21	12	11	11	12	11	21	21	11	22	22	22	12	22	11	21	22	12	11	12	21	12	21	12	22	12	12	22	21	12	11	12	11	11	21	22	11	21	22	22	12	22	21	22	22	12	12	12	12	22	11	11	22	21	12	11	21	22	22
195	0	42.668	76.103	12	12	22	22	21	11	12	11	12	12	21	12	22	22	12	22	11	21	22	22	22	12	22	22	21	12	22	11	12	21	12	11	11	12	11	21	21	11	22	22	22	12	22	11	21	22	12	11	12	21	12	21	12	22	12	12	22	21	12	11	12	11	11	21	22	11	21	22	22	12	22	21	22	22	12	12	12	12	22	11	11	22	21	12	11	21	22	22
197	0	43.845	77.279	12	12	22	22	21	11	12	11	12	12	21	12	12	22	12	22	11	21	22	22	22	12	22	22	21	12	22	11	12	21	12	11	11	12	11	21	21	11	22	22	22	12	22	11	21	22	12	11	12	21	12	21	12	22	12	12	21	21	12	11	12	11	11	21	22	11	21	22	22	12	22	21	22	22	12	12	12	12	22	11	11	22	21	12	11	21	22	22
198	0	43.845	77.279	12	12	22	22	21	11	12	11	12	12	21	12	12	22	12	22	11	21	22	22	22	12	22	22	21	12	22	11	12	21	12	11	11	12	11	21	21	11	22	22	22	12	22	11	21	22	12	11	12	21	12	21	12	22	12	12	21	21	12	11	12	11	11	21	22	11	21	22	22	12	22	21	22	22	12	12	12	12	22	11	11	22	21	12	11	21	22	22
199	0	43.845	77.279	12	12	22	22	21	11	12	11	12	12	21	12	12	22	12	22	11	21	22	22	22	12	22	22	21	12	22	11	12	21	12	11	11	12	11	21	21	11	22	22	22	12	22	11	21	22	12	11	12	21	12	21	12	22	12	12	21	21	12	11	12	11	11	21	22	11	21	22	22	12	22	21	22	22	12	12	12	12	22	11	11	22	21	12	11	21	22	22
196	0	43.845	77.279	12	12	22	22	21	11	12	11	12	12	21	12	12	22	12	22	11	21	22	22	22	12	22	22	21	12	22	11	12	21	12	11	11	12	11	21	21	11	22	22	22	12	22	11	21	22	12	11	12	21	12	21	12	22	12	12	21	21	12	11	12	11	11	21	22	11	21	22	22	12	22	21	22	22	12	12	12	12	22	11	11	22	21	12	11	21	22	22
200	0	45.021	77.279	12	12	22	22	21	11	12	11	12	12	21	12	12	22	12	12	11	21	22	22	22	12	22	22	21	12	22	11	12	21	12	11	11	12	11	21	21	11	22	22	22	12	22	11	21	22	12	11	12	21	12	21	12	22	12	12	21	21	12	11	12	11	11	21	22	11	21	22	22	12	22	21	22	22	12	12	12	12	22	11	11	22	21	12	11	21	22	22
201	0	45.021	77.279	12	12	22	22	21	11	12	11	12	12	21	12	12	22	12	12	11	21	22	22	22	12	22	22	21	12	22	11	12	21	12	11	11	12	11	21	21	11	22	22	22	12	22	11	21	22	12	11	12	21	12	21	12	22	12	12	21	21	12	11	12	11	11	21	22	11	21	22	22	12	22	21	22	22	12	12	12	12	22	11	11	22	21	12	11	21	22	22
202	0	45.021	77.279	12	12	22	22	21	11	12	11	12	12	21	12	12	22	12	12	11	21	22	22	22	12	22	22	21	12	22	11	12	21	12	11	11	12	11	21	21	11	22	22	22	12	22	11	21	22	12	11	12	21	12	21	12	22	12	12	21	21	12	11	12	11	11	21	22	11	21	22	22	12	22	21	22	22	12	12	12	12	22	11	11	22	21	12	11	21	22	22
203	0	45.021	77.279	12	12	22	22	21	11	12	11	12	12	21	12	12	22	12	12	11	21	22	22	22	12	22	22	21	12	22	11	12	21	12	11	11	12	11	21	21	11	22	22	22	12	22	11	21	22	12	11	12	21	12	21	12	22	12	12	21	21	12	11	12	11	11	21	22	11	21	22	22	12	22	21	22	22	12	12	12	12	22	11	11	22	21	12	11	21	22	22
213	0	47.403	78.456	12	12	22	22	21	11	12	11	12	12	21	12	12	22	12	12	11	21	22	22	22	12	22	22	21	12	22	11	12	22	12	11	11	12	11	21	21	11	22	22	22	12	22	11	11	22	12	11	12	21	12	21	12	22	12	12	21	21	12	11	12	11	11	11	22	11	21	22	22	12	22	21	22	22	12	12	12	12	22	11	11	22	21	12	11	21	22	22
204	0	48.579	78.456	12	12	22	22	21	11	12	11	12	12	21	12	12	22	12	12	11	21	22	22	22	12	22	22	21	12	22	11	12	22	12	11	11	12	11	21	21	21	22	22	22	12	22	11	11	22	12	11	12	21	12	21	12	22	12	12	21	21	12	11	12	11	11	11	22	11	21	22	22	12	22	21	22	22	12	12	12	12	22	11	11	22	21	12	11	21	22	22
212	0	48.579	78.456	12	12	22	22	21	11	12	11	12	12	21	12	12	22	12	12	11	21	22	22	22	12	22	22	21	12	22	11	12	22	12	11	11	12	11	21	21	21	22	22	22	12	22	11	11	22	12	11	12	21	12	21	12	22	12	12	21	21	12	11	12	11	11	11	22	11	21	22	22	12	22	21	22	22	12	12	12	12	22	11	11	22	21	12	11	21	22	22
210	0	53.461	78.456	12	12	22	22	21	11	12	11	12	22	21	12	12	22	12	12	11	21	22	12	22	12	22	22	21	12	22	21	12	22	12	11	11	12	11	21	21	21	22	22	22	12	22	11	11	22	12	11	12	21	12	21	12	22	12	12	21	21	12	11	12	11	11	11	22	11	11	22	22	12	22	21	22	22	12	12	12	12	22	11	11	22	21	12	11	21	22	22
208	0	53.461	78.456	12	12	22	22	21	11	12	11	12	22	21	12	12	22	12	12	11	21	22	12	22	12	22	22	21	12	22	21	12	22	12	11	11	12	11	21	21	21	22	22	22	12	22	11	11	22	12	11	12	21	12	21	12	22	12	12	21	21	12	11	12	11	11	11	22	11	11	22	22	12	22	21	22	22	12	12	12	12	22	11	11	22	21	12	11	21	22	22
206	0	53.461	78.456	12	12	22	22	21	11	12	11	12	22	21	12	12	22	12	12	11	21	22	12	22	12	22	22	21	12	22	21	12	22	12	11	11	12	11	21	21	21	22	22	22	12	22	11	11	22	12	11	12	21	12	21	12	22	12	12	21	21	12	11	12	11	11	11	22	11	11	22	22	12	22	21	22	22	12	12	12	12	22	11	11	22	21	12	11	21	22	22
209	0	53.461	78.456	12	12	22	22	21	11	12	11	12	22	21	12	12	22	12	12	11	21	22	12	22	12	22	22	21	12	22	21	12	22	12	11	11	12	11	21	21	21	22	22	22	12	22	11	11	22	12	11	12	21	12	21	12	22	12	12	21	21	12	11	12	11	11	11	22	11	11	22	22	12	22	21	22	22	12	12	12	12	22	11	11	22	21	12	11	21	22	22
207	0	53.461	78.456	12	12	22	22	21	11	12	11	12	22	21	12	12	22	12	12	11	21	22	12	22	12	22	22	21	12	22	21	12	22	12	11	11	12	11	21	21	21	22	22	22	12	22	11	11	22	12	11	12	21	12	21	12	22	12	12	21	21	12	11	12	11	11	11	22	11	11	22	22	12	22	21	22	22	12	12	12	12	22	11	11	22	21	12	11	21	22	22
205	0	53.461	78.456	12	12	22	22	21	11	12	11	12	22	21	12	12	22	12	12	11	21	22	12	22	12	22	22	21	12	22	21	12	22	12	11	11	12	11	21	21	21	22	22	22	12	22	11	11	22	12	11	12	21	12	21	12	22	12	12	21	21	12	11	12	11	11	11	22	11	11	22	22	12	22	21	22	22	12	12	12	12	22	11	11	22	21	12	11	21	22	22
211	0	53.461	78.456	12	12	22	22	21	11	12	11	12	22	21	12	12	22	12	12	11	21	22	12	22	12	22	22	21	12	22	21	12	22	12	11	11	12	11	21	21	21	22	22	22	12	22	11	11	22	12	11	12	21	12	21	12	22	12	12	21	21	12	11	12	11	11	11	22	11	11	22	22	12	22	21	22	22	12	12	12	12	22	11	11	22	21	12	11	21	22	22
216	0	57.077	79.632	12	12	22	22	21	11	12	11	12	21	11	12	12	22	12	12	11	21	22	22	22	12	22	22	21	12	22	21	12	22	12	11	11	12	11	21	21	11	22	22	22	12	22	11	11	22	12	11	12	21	12	21	12	22	12	12	21	21	12	11	12	11	11	11	22	11	11	22	22	12	22	21	22	22	12	12	12	12	22	11	11	22	21	12	11	21	22	22
220	0	58.254	80.809	12	12	22	22	21	11	12	11	12	11	11	12	12	22	12	12	11	21	22	22	22	12	22	22	21	12	22	21	12	22	12	11	11	12	11	21	21	11	22	22	22	12	22	12	11	22	12	11	12	21	12	21	12	22	12	12	21	21	12	11	12	11	11	11	22	11	11	22	22	12	22	21	22	22	12	12	12	12	22	11	11	22	21	12	11	21	22	22
221	0	58.254	80.809	12	12	22	22	21	11	12	11	12	11	11	12	12	22	12	12	11	21	22	22	22	12	22	22	21	12	22	21	12	22	12	11	11	12	11	21	21	11	22	22	22	12	22	12	11	22	12	11	12	21	12	21	12	22	12	12	21	21	12	11	12	11	11	11	22	11	11	22	22	12	22	21	22	22	12	12	12	12	22	11	11	22	21	12	11	21	22	22
222	0	58.254	80.809	12	12	22	22	21	11	12	11	12	11	11	12	12	22	12	12	11	21	22	22	22	12	22	22	21	12	22	21	12	22	12	11	11	12	11	21	21	11	22	22	22	12	22	12	11	22	12	11	12	21	12	21	12	22	12	12	21	21	12	11	12	11	11	11	22	11	11	22	22	12	22	21	22	22	12	12	12	12	22	11	11	22	21	12	11	21	22	22
219	0	59.430	80.809	12	12	22	22	21	11	12	11	12	11	11	12	12	22	12	12	11	21	22	22	22	12	22	22	21	12	22	11	12	22	12	11	11	12	11	21	21	11	22	22	22	12	22	12	11	22	12	11	12	21	12	21	12	22	12	12	21	21	12	11	12	11	11	11	22	11	11	22	22	12	22	21	22	22	12	12	12	12	22	11	11	22	21	12	11	21	22	22
217	0	59.430	80.809	12	12	22	22	21	11	12	11	12	11	11	12	12	22	12	12	11	21	22	22	22	12	22	22	21	12	22	11	12	22	12	11	11	12	11	21	21	11	22	22	22	12	22	12	11	22	12	11	12	21	12	21	12	22	12	12	21	21	12	11	12	11	11	11	22	11	11	22	22	12	22	21	22	22	12	12	12	12	22	11	11	22	21	12	11	21	22	22
218	0	59.430	80.809	12	12	22	22	21	11	12	11	12	11	11	12	12	22	12	12	11	21	22	22	22	12	22	22	21	12	22	11	12	22	12	11	11	12	11	21	21	11	22	22	22	12	22	12	11	22	12	11	12	21	12	21	12	22	12	12	21	21	12	11	12	11	11	11	22	11	11	22	22	12	22	21	22	22	12	12	12	12	22	11	11	22	21	12	11	21	22	22
223	0	59.430	81.985	12	12	22	22	21	11	12	11	12	11	11	11	12	22	12	12	11	21	22	22	22	12	22	22	21	12	22	11	12	22	12	11	11	12	11	21	21	11	22	22	22	12	22	12	11	22	12	11	12	21	12	21	12	22	12	12	21	21	12	11	12	11	11	11	22	11	11	22	22	12	22	21	22	22	12	12	12	12	22	11	11	22	21	12	11	21	22	22
225	0	60.607	81.985	12	12	22	22	21	11	12	11	12	21	11	11	12	22	12	12	11	21	22	22	22	12	22	22	21	12	22	11	12	22	12	11	11	12	11	21	21	11	22	22	22	12	22	12	11	22	12	11	12	21	12	21	12	22	12	12	21	21	12	11	12	11	11	11	22	11	11	22	22	12	22	21	22	22	12	12	12	12	22	11	11	22	21	12	11	21	22	22
231	0	60.607	83.162	12	12	22	22	21	11	12	11	12	21	11	11	12	22	12	12	11	21	22	22	22	12	22	22	21	12	22	11	12	22	12	11	11	12	11	21	21	11	22	22	22	12	22	12	11	22	12	11	12	21	12	21	12	22	12	12	21	21	12	11	12	11	11	11	22	11	11	22	22	12	22	21	22	22	12	12	12	12	22	11	11	22	21	12	11	22	22	22
230	0	60.607	83.162	12	12	22	22	21	11	12	11	12	21	11	11	12	22	12	12	11	21	22	22	22	12	22	22	21	12	22	11	12	22	12	11	11	12	11	21	21	11	22	22	22	12	22	12	11	22	12	11	12	21	12	21	12	22	12	12	21	21	12	11	12	11	11	11	22	11	11	22	22	12	22	21	22	22	12	12	12	12	22	11	11	22	21	12	11	22	22	22
226	0	60.607	83.162	12	12	22	22	21	11	12	11	12	21	11	11	12	22	12	12	11	21	22	22	22	12	22	22	21	12	22	11	12	22	12	11	11	12	11	21	21	11	22	22	22	12	22	12	11	22	12	11	12	21	12	21	12	22	12	12	21	21	12	11	12	11	11	11	22	11	11	22	22	12	22	21	22	22	12	12	12	12	22	11	11	22	21	12	11	22	22	22
229	0	62.988	83.162	12	12	22	22	21	11	12	21	12	21	11	11	12	22	12	12	11	21	22	22	22	12	22	22	21	12	12	11	12	22	12	11	11	12	11	21	21	11	22	22	22	12	22	12	11	22	12	11	12	21	12	21	12	22	12	12	21	21	12	11	12	11	11	11	22	11	11	22	22	12	22	21	22	22	12	12	12	12	22	11	11	22	21	12	11	22	22	22
227	0	62.988	83.162	12	12	22	22	21	11	12	21	12	21	11	11	12	22	12	12	11	21	22	22	22	12	22	22	21	12	12	11	12	22	12	11	11	12	11	21	21	11	22	22	22	12	22	12	11	22	12	11	12	21	12	21	12	22	12	12	21	21	12	11	12	11	11	11	22	11	11	22	22	12	22	21	22	22	12	12	12	12	22	11	11	22	21	12	11	22	22	22
228	0	62.988	83.162	12	12	22	22	21	11	12	21	12	21	11	11	12	22	12	12	11	21	22	22	22	12	22	22	21	12	12	11	12	22	12	11	11	12	11	21	21	11	22	22	22	12	22	12	11	22	12	11	12	21	12	21	12	22	12	12	21	21	12	11	12	11	11	11	22	11	11	22	22	12	22	21	22	22	12	12	12	12	22	11	11	22	21	12	11	22	22	22
214	0	64.165	83.162	12	12	22	22	21	11	12	21	12	21	11	11	12	22	12	12	11	21	22	22	22	12	22	22	21	12	12	11	12	22	12	11	11	12	11	21	21	11	22	22	22	12	22	12	11	22	12	11	12	21	12	21	12	22	12	12	21	21	12	11	12	11	11	11	22	11	11	22	22	12	22	21	22	22	12	12	12	12	22	11	11	22	21	12	11	12	22	22
215	0	64.165	83.162	12	12	22	22	21	11	12	21	12	21	11	11	12	22	12	12	11	21	22	22	22	12	22	22	21	12	12	11	12	22	12	11	11	12	11	21	21	11	22	22	22	12	22	12	11	22	12	11	12	21	12	21	12	22	12	12	21	21	12	11	12	11	11	11	22	11	11	22	22	12	22	21	22	22	12	12	12	12	22	11	11	22	21	12	11	12	22	22
224	0	66.546	83.162	12	12	22	22	21	11	12	21	12	11	11	11	12	22	12	12	11	21	22	22	22	12	22	22	21	12	12	11	12	22	12	11	11	12	11	21	21	11	22	22	22	12	22	12	11	22	12	11	12	21	12	21	12	22	12	12	21	21	12	11	12	11	11	11	22	11	11	22	22	12	12	21	22	22	12	12	12	12	22	11	11	22	21	12	11	12	22	22
233	0	67.723	86.778	12	12	22	22	21	11	12	21	12	11	11	11	12	22	12	12	11	21	22	22	22	12	22	22	21	12	12	11	12	22	12	11	11	12	11	21	21	11	22	22	22	12	12	12	11	22	11	11	12	21	12	22	12	22	12	12	21	21	12	11	12	11	11	11	22	11	11	22	22	12	12	21	22	22	12	12	12	11	22	11	11	22	21	12	11	12	22	22
234	0	67.723	86.778	12	12	22	22	21	11	12	21	12	11	11	11	12	22	12	12	11	21	22	22	22	12	22	22	21	12	12	11	12	22	12	11	11	12	11	21	21	11	22	22	22	12	12	12	11	22	11	11	12	21	12	22	12	22	12	12	21	21	12	11	12	11	11	11	22	11	11	22	22	12	12	21	22	22	12	12	12	11	22	11	11	22	21	12	11	12	22	22
235	0	68.899	86.778	12	12	22	22	21	11	12	21	12	11	11	11	12	22	12	12	11	21	22	22	22	12	22	22	11	12	12	11	12	22	12	11	11	12	11	21	21	11	22	22	22	12	12	12	11	22	11	11	12	21	12	22	12	22	12	12	21	21	12	11	12	11	11	11	22	11	11	22	22	12	12	21	22	22	12	12	12	11	22	11	11	22	21	12	11	12	22	22
236	0	68.899	86.778	12	12	22	22	21	11	12	21	12	11	11	11	12	22	12	12	11	21	22	22	22	12	22	22	11	12	12	11	12	22	12	11	11	12	11	21	21	11	22	22	22	12	12	12	11	22	11	11	12	21	12	22	12	22	12	12	21	21	12	11	12	11	11	11	22	11	11	22	22	12	12	21	22	22	12	12	12	11	22	11	11	22	21	12	11	12	22	22
237	0	68.899	87.954	12	12	22	22	21	11	12	21	12	11	11	11	12	22	12	12	11	21	22	22	22	12	22	22	11	12	12	11	12	22	12	11	11	12	11	21	21	11	22	22	22	12	12	12	11	22	11	11	12	21	12	22	12	22	12	12	21	21	12	11	12	11	11	11	22	11	11	22	22	12	12	21	22	22	12	12	11	11	22	11	11	22	21	12	11	12	22	22
254	0	68.899	87.954	12	12	22	22	21	11	12	21	12	11	11	11	12	22	12	12	11	21	22	22	22	12	22	22	11	12	12	11	12	22	12	11	11	12	11	21	21	11	22	22	22	12	12	12	11	22	11	11	12	21	12	22	12	22	12	12	21	21	12	11	12	11	11	11	22	11	11	22	22	12	12	21	22	22	12	12	11	11	22	11	11	22	21	12	11	12	22	22
248	0	68.899	87.954	12	12	22	22	21	11	12	21	12	11	11	11	12	22	12	12	11	21	22	22	22	12	22	22	11	12	12	11	12	22	12	11	11	12	11	21	21	11	22	22	22	12	12	12	11	22	11	11	12	21	12	22	12	22	12	12	21	21	12	11	12	11	11	11	22	11	11	22	22	12	12	21	22	22	12	12	11	11	22	11	11	22	21	12	11	12	22	22
253	0	68.899	87.954	12	12	22	22	21	11	12	21	12	11	11	11	12	22	12	12	11	21	22	22	22	12	22	22	11	12	12	11	12	22	12	11	11	12	11	21	21	11	22	22	22	12	12	12	11	22	11	11	12	21	12	22	12	22	12	12	21	21	12	11	12	11	11	11	22	11	11	22	22	12	12	21	22	22	12	12	11	11	22	11	11	22	21	12	11	12	22	22
232	0	70.076	87.954	12	12	22	22	21	11	12	11	12	11	11	11	12	22	12	12	11	21	22	22	22	12	22	22	11	12	12	11	12	22	12	11	11	12	11	21	21	11	22	22	22	12	12	12	11	22	11	11	12	21	12	22	12	22	12	12	21	21	12	11	12	11	11	11	22	11	11	22	22	12	12	21	22	22	12	12	11	11	22	11	11	22	21	12	11	12	22	22
241	0	72.457	87.954	12	12	22	22	11	11	12	11	12	11	11	11	12	12	12	12	11	21	22	22	22	12	22	22	11	12	12	11	12	22	12	11	11	12	11	21	21	11	22	22	22	12	12	12	11	22	11	11	12	21	12	22	12	22	12	12	21	21	12	11	12	11	11	11	22	11	11	22	22	12	12	21	22	22	12	12	11	11	22	11	11	22	21	12	11	12	22	22
239	0	72.457	87.954	12	12	22	22	11	11	12	11	12	11	11	11	12	12	12	12	11	21	22	22	22	12	22	22	11	12	12	11	12	22	12	11	11	12	11	21	21	11	22	22	22	12	12	12	11	22	11	11	12	21	12	22	12	22	12	12	21	21	12	11	12	11	11	11	22	11	11	22	22	12	12	21	22	22	12	12	11	11	22	11	11	22	21	12	11	12	22	22
242	0	72.457	87.954	12	12	22	22	11	11	12	11	12	11	11	11	12	12	12	12	11	21	22	22	22	12	22	22	11	12	12	11	12	22	12	11	11	12	11	21	21	11	22	22	22	12	12	12	11	22	11	11	12	21	12	22	12	22	12	12	21	21	12	11	12	11	11	11	22	11	11	22	22	12	12	21	22	22	12	12	11	11	22	11	11	22	21	12	11	12	22	22
256	0	72.457	89.131	12	12	22	22	12	11	12	11	12	11	11	11	12	12	12	12	11	21	22	22	22	12	22	22	11	12	12	11	12	22	12	11	11	12	11	21	21	11	22	22	22	12	12	12	11	22	11	11	12	21	12	22	12	22	12	12	21	21	12	11	12	11	11	11	22	11	11	22	22	12	12	21	22	22	12	12	11	11	22	11	11	22	21	12	11	12	22	22
255	0	72.457	89.131	12	12	22	22	12	11	12	11	12	11	11	11	12	12	12	12	11	21	22	22	22	12	22	22	11	12	12	11	12	22	12	11	11	12	11	21	21	11	22	22	22	12	12	12	11	22	11	11	12	21	12	22	12	22	12	12	21	21	12	11	12	11	11	11	22	11	11	22	22	12	12	21	22	22	12	12	11	11	22	11	11	22	21	12	11	12	22	22
247	0	72.457	89.131	12	12	22	22	12	11	12	11	12	11	11	11	12	12	12	12	11	21	22	22	22	12	22	22	11	12	12	11	12	22	12	11	11	12	11	21	21	11	22	22	22	12	12	12	11	22	11	11	12	21	12	22	12	22	12	12	21	21	12	11	12	11	11	11	22	11	11	22	22	12	12	21	22	22	12	12	11	11	22	11	11	22	21	12	11	12	22	22
252	0	72.457	89.131	12	12	22	22	12	11	12	11	12	11	11	11	12	12	12	12	11	21	22	22	22	12	22	22	11	12	12	11	12	22	12	11	11	12	11	21	21	11	22	22	22	12	12	12	11	22	11	11	12	21	12	22	12	22	12	12	21	21	12	11	12	11	11	11	22	11	11	22	22	12	12	21	22	22	12	12	11	11	22	11	11	22	21	12	11	12	22	22
249	0	72.457	89.131	12	12	22	22	12	11	12	11	12	11	11	11	12	12	12	12	11	21	22	22	22	12	22	22	11	12	12	11	12	22	12	11	11	12	11	21	21	11	22	22	22	12	12	12	11	22	11	11	12	21	12	22	12	22	12	12	21	21	12	11	12	11	11	11	22	11	11	22	22	12	12	21	22	22	12	12	11	11	22	11	11	22	21	12	11	12	22	22
238	0	72.457	89.131	12	12	22	22	12	11	12	11	12	11	11	11	12	12	12	12	11	21	22	22	22	12	22	22	11	12	12	11	12	22	12	11	11	12	11	21	21	11	22	22	22	12	12	12	11	22	11	11	12	21	12	22	12	22	12	12	21	21	12	11	12	11	11	11	22	11	11	22	22	12	12	21	22	22	12	12	11	11	22	11	11	22	21	12	11	12	22	22
240	0	72.457	89.131	12	12	22	22	12	11	12	11	12	11	11	11	12	12	12	12	11	21	22	22	22	12	22	22	11	12	12	11	12	22	12	11	11	12	11	21	21	11	22	22	22	12	12	12	11	22	11	11	12	21	12	22	12	22	12	12	21	21	12	11	12	11	11	11	22	11	11	22	22	12	12	21	22	22	12	12	11	11	22	11	11	22	21	12	11	12	22	22
250	0	72.457	89.131	12	12	22	22	12	11	12	11	12	11	11	11	12	12	12	12	11	21	22	22	22	12	22	22	11	12	12	11	12	22	12	11	11	12	11	21	21	11	22	22	22	12	12	12	11	22	11	11	12	21	12	22	12	22	12	12	21	21	12	11	12	11	11	11	22	11	11	22	22	12	12	21	22	22	12	12	11	11	22	11	11	22	21	12	11	12	22	22
257	0	72.457	89.131	12	12	22	22	12	11	12	11	12	11	11	11	12	12	12	12	11	21	22	22	22	12	22	22	11	12	12	11	12	22	12	11	11	12	11	21	21	11	22	22	22	12	12	12	11	22	11	11	12	21	12	22	12	22	12	12	21	21	12	11	12	11	11	11	22	11	11	22	22	12	12	21	22	22	12	12	11	11	22	11	11	22	21	12	11	12	22	22
251	0	72.457	89.131	12	12	22	22	12	11	12	11	12	11	11	11	12	12	12	12	11	21	22	22	22	12	22	22	11	12	12	11	12	22	12	11	11	12	11	21	21	11	22	22	22	12	12	12	11	22	11	11	12	21	12	22	12	22	12	12	21	21	12	11	12	11	11	11	22	11	11	22	22	12	12	21	22	22	12	12	11	11	22	11	11	22	21	12	11	12	22	22
246	0	73.634	89.131	12	12	22	22	12	11	12	11	12	11	11	11	12	12	12	12	11	21	22	22	22	12	22	22	11	12	12	11	12	22	12	11	11	12	11	11	21	11	22	22	22	12	12	12	11	22	11	11	12	21	12	22	12	22	12	12	21	21	12	11	12	11	11	11	22	11	11	22	22	12	12	21	22	22	12	12	11	11	22	11	11	22	21	12	11	12	22	22
243	0	78.515	90.308	12	12	22	12	12	11	12	11	12	11	11	11	12	12	12	12	11	11	22	22	22	12	22	22	11	12	12	11	12	22	12	11	11	12	11	11	21	11	22	22	22	12	12	12	11	22	11	11	11	11	12	22	12	22	12	12	11	21	12	11	12	11	11	11	22	11	11	22	22	12	12	21	22	22	12	12	11	11	22	11	11	22	21	12	11	12	22	22
244	0	78.515	90.308	12	12	22	12	12	11	12	11	12	11	11	11	12	12	12	12	11	11	22	22	22	12	22	22	11	12	12	11	12	22	12	11	11	12	11	11	21	11	22	22	22	12	12	12	11	22	11	11	11	11	12	22	12	22	12	12	11	21	12	11	12	11	11	11	22	11	11	22	22	12	12	21	22	22	12	12	11	11	22	11	11	22	21	12	11	12	22	22
245	0	78.515	90.308	12	12	22	12	12	11	12	11	12	11	11	11	12	12	12	12	11	11	22	22	22	12	22	22	11	12	12	11	12	22	12	11	11	12	11	11	21	11	22	22	22	12	12	12	11	22	11	11	11	11	12	22	12	22	12	12	11	21	12	11	12	11	11	11	22	11	11	22	22	12	12	21	22	22	12	12	11	11	22	11	11	22	21	12	11	12	22	22
