#java OrderMarkers2 data=data_fil.call map=map.txt scale=2M/N randSeed=3967611834686674718
#*** LG = 1 likelihood = -4393.5332
#marker_number	male_position	female_position	( 0.0 )[	phased data]
2	0.000	0.000	( 0 )	1111000000010010101100111011010001101110110100011101100100100100011111101100100010010000011011110000110000001000001101011110100110110101000011110101001100011000110110110000 0 0
3	0.000	1.177	( 0 )	1111000000010010101100111011010001101110110100011101100100100100011111101100100010010000011011110000110000001000001101011110100110110101000111110101001100011000110110110000 0 1
1	0.000	1.177	( 0 )	1111000000010010101100111011010001101110110100011101100100100100011111101100100010010000011011110000110000001000001101011110100110110101000111110101001100011000110110110000 0 0
4	1.177	1.177	( 0 )	1111000000010110101100111011010001101110110100011101100100100100011111101100100010010000011011110000110000001000001101011110100110110101000111110101001100011000110110110000 1 0
5	2.353	2.353	( 0 )	1111000000010110101100111011010001101110110100011101100100100100111111101100100010010000011011110000100000001000001101011110100110110101000111110101001100011000110110110000 1 1
7	2.353	2.353	( 0 )	1111000000010110101100111011010001101110110100011101100100100100111111101100100010010000011011110000100000001000001101011110100110110101000111110101001100011000110110110000 0 0
6	2.353	2.353	( 0 )	1111000000010110101100111011010001101110110100011101100100100100111111101100100010010000011011110000100000001000001101011110100110110101000111110101001100011000110110110000 0 0
11	3.530	3.530	( 0 )	1111000000110110101100111011010001101110110100011101100100100100111111101100100010010000011011110000100000001000001101011110101110110101000111110101001100011000110110110000 1 1
10	3.530	3.530	( 0 )	1111000000110110101100111011010001101110110100011101100100100100111111101100100010010000011011110000100000001000001101011110101110110101000111110101001100011000110110110000 0 0
9	3.530	3.530	( 0 )	1111000000110110101100111011010001101110110100011101100100100100111111101100100010010000011011110000100000001000001101011110101110110101000111110101001100011000110110110000 0 0
8	3.530	3.530	( 0 )	1111000000110110101100111011010001101110110100011101100100100100111111101100100010010000011011110000100000001000001101011110101110110101000111110101001100011000110110110000 0 0
12	3.530	4.706	( 0 )	1111000000110110101100111011010001101110110100011101100100100100111111101100100010010000011011110100100000001000001101011110101110110101000111110101001100011000110110110000 0 1
13	3.530	4.706	( 0 )	1111000000110110101100111011010001101110110100011101100100100100111111101100100010010000011011110100100000001000001101011110101110110101000111110101001100011000110110110000 0 0
14	3.530	5.883	( 0 )	1111000000110110101100111011010001101110110100011101100100100100111111101100100010010000011011110100100000001000001101011110101110110101000111110101001100011000110110110001 0 1
15	3.530	5.883	( 0 )	1111000000110110101100111011010001101110110100011101100100100100111111101100100010010000011011110100100000001000001101011110101110110101000111110101001100011000110110110001 0 0
16	3.530	8.264	( 0 )	1111000000110110101100111011010001101110110100011101100100100100111111101100100010010000011011110100100000011000001101011110101100110101000111110101001100011000110110110001 0 2
17	3.530	10.645	( 0 )	1111000000110110101100111011010001101110110100011101100100100100111111101100100010010000011011110100100000111000001101011110101100110101000111110101001100011100110110110001 0 2
18	3.530	10.645	( 0 )	1111000000110110101100111011010001101110110100011101100100100100111111101100100010010000011011110100100000111000001101011110101100110101000111110101001100011100110110110001 0 0
19	3.530	10.645	( 0 )	1111000000110110101100111011010001101110110100011101100100100100111111101100100010010000011011110100100000111000001101011110101100110101000111110101001100011100110110110001 0 0
21	4.706	11.822	( 0 )	1111000000110110101100101011010001101110110100011101100100100100111111101100100010010000011011110100100000111000001101011110111100110101000111110101001100011100110110110001 1 1
22	4.706	11.822	( 0 )	1111000000110110101100101011010001101110110100011101100100100100111111101100100010010000011011110100100000111000001101011110111100110101000111110101001100011100110110110001 0 0
20	4.706	11.822	( 0 )	1111000000110110101100101011010001101110110100011101100100100100111111101100100010010000011011110100100000111000001101011110111100110101000111110101001100011100110110110001 0 0
24	5.883	11.822	( 0 )	1111000000110110101100101011010001101110110100011101100100000100111111101100100010010000011011110100100000111000001101011110111100110101000111110101001100011100110110110001 1 0
23	5.883	11.822	( 0 )	1111000000110110101100101011010001101110110100011101100100000100111111101100100010010000011011110100100000111000001101011110111100110101000111110101001100011100110110110001 0 0
27	5.883	12.998	( 0 )	1111000000110110101100101011010001101110110100011101100100000100111111101100100010010000011011110100100000111000001101010110111100110101000111110101001100011100110110110001 0 1
25	5.883	12.998	( 0 )	1111000000110110101100101011010001101110110100011101100100000100111111101100100010010000011011110100100000111000001101010110111100110101000111110101001100011100110110110001 0 0
28	5.883	12.998	( 0 )	1111000000110110101100101011010001101110110100011101100100000100111111101100100010010000011011110100100000111000001101010110111100110101000111110101001100011100110110110001 0 0
26	5.883	14.175	( 0 )	1111000000110110101100101011010001101110110100011101100100000100111111101100100010010000011011110100100000111000001101010110111100110101000111110101101100011100110110110001 0 1
30	5.883	14.175	( 0 )	1111000000110110101100101011010001101110110100011101100100000100111111101100100010010000011011110100100000111000001101010110111100110101000111110101101100011100110110110001 0 0
29	5.883	14.175	( 0 )	1111000000110110101100101011010001101110110100011101100100000100111111101100100010010000011011110100100000111000001101010110111100110101000111110101101100011100110110110001 0 0
34	8.264	17.791	( 0 )	1111000100110110101100101011010001101110111100011101100100000100111111101100100010010000011011110100100000111000001001010110111100110101000111110101101111011100110110110001 2 3
32	8.264	17.791	( 0 )	1111000100110110101100101011010001101110111100011101100100000100111111101100100010010000011011110100100000111000001001010110111100110101000111110101101111011100110110110001 0 0
33	8.264	17.791	( 0 )	1111000100110110101100101011010001101110111100011101100100000100111111101100100010010000011011110100100000111000001001010110111100110101000111110101101111011100110110110001 0 0
31	8.264	17.791	( 0 )	1111000100110110101100101011010001101110111100011101100100000100111111101100100010010000011011110100100000111000001001010110111100110101000111110101101111011100110110110001 0 0
37	8.264	20.172	( 0 )	1111000100110110101100101011010001101110111100011101100100000100111111101100100010010000011011110100100000111000001001010110111000110101000111111101101111011100110110110001 0 2
38	8.264	20.172	( 0 )	1111000100110110101100101011010001101110111100011101100100000100111111101100100010010000011011110100100000111000001001010110111000110101000111111101101111011100110110110001 0 0
35	8.264	20.172	( 0 )	1111000100110110101100101011010001101110111100011101100100000100111111101100100010010000011011110100100000111000001001010110111000110101000111111101101111011100110110110001 0 0
36	8.264	20.172	( 0 )	1111000100110110101100101011010001101110111100011101100100000100111111101100100010010000011011110100100000111000001001010110111000110101000111111101101111011100110110110001 0 0
39	8.264	21.349	( 0 )	1111000100110110101100101011010001101110111100011101100100000100111111101100100010010000011011110100000000111000001001010110111000110101000111111101101111011100110110110001 0 1
40	8.264	21.349	( 0 )	1111000100110110101100101011010001101110111100011101100100000100111111101100100010010000011011110100000000111000001001010110111000110101000111111101101111011100110110110001 0 0
41	10.645	21.349	( 0 )	1111000100110110101111101011010001101110111100011101100100000100111111101100100010010000011011110100000000111000001001010110111000110101000111111101101111011100110110110001 2 0
42	10.645	21.349	( 0 )	1111000100110110101111101011010001101110111100011101100100000100111111101100100010010000011011110100000000111000001001010110111000110101000111111101101111011100110110110001 0 0
54	10.645	22.525	( 0 )	1111000100110110101111101011010001101110111100011101100100000100111111101100100010010000011011110100000000111000001001010110111000110101010111111101101111011100110110110001 0 1
53	10.645	22.525	( 0 )	1111000100110110101111101011010001101110111100011101100100000100111111101100100010010000011011110100000000111000001001010110111000110101010111111101101111011100110110110001 0 0
43	10.645	22.525	( 0 )	1111000100110110101111101011010001101110111100011101100100000100111111101100100010010000011011110100000000111000001001010110111000110101010111111101101111011100110110110001 0 0
52	10.645	22.525	( 0 )	1111000100110110101111101011010001101110111100011101100100000100111111101100100010010000011011110100000000111000001001010110111000110101010111111101101111011100110110110001 0 0
44	10.645	22.525	( 0 )	1111000100110110101111101011010001101110111100011101100100000100111111101100100010010000011011110100000000111000001001010110111000110101010111111101101111011100110110110001 0 0
50	10.645	23.702	( 0 )	1111000100110110101111101011010001101110111100011101100100000100111111101100100010010000011011010100000000111000001001010110111000110101010111111101101111011100110110110001 0 1
49	10.645	23.702	( 0 )	1111000100110110101111101011010001101110111100011101100100000100111111101100100010010000011011010100000000111000001001010110111000110101010111111101101111011100110110110001 0 0
48	10.645	23.702	( 0 )	1111000100110110101111101011010001101110111100011101100100000100111111101100100010010000011011010100000000111000001001010110111000110101010111111101101111011100110110110001 0 0
46	10.645	23.702	( 0 )	1111000100110110101111101011010001101110111100011101100100000100111111101100100010010000011011010100000000111000001001010110111000110101010111111101101111011100110110110001 0 0
45	10.645	23.702	( 0 )	1111000100110110101111101011010001101110111100011101100100000100111111101100100010010000011011010100000000111000001001010110111000110101010111111101101111011100110110110001 0 0
51	10.645	23.702	( 0 )	1111000100110110101111101011010001101110111100011101100100000100111111101100100010010000011011010100000000111000001001010110111000110101010111111101101111011100110110110001 0 0
47	10.645	24.879	( 0 )	1111000100110110101111101011010001101110111100011101100100000100111111101100100010010000011011010100000000111000001001010110111000100101010111111101101111011100110110110001 0 1
60	13.027	24.879	( 0 )	1111000110110100101111101011010001101110111100011101100100000100111111101100100010010000011011010100000000111000001001010110111000100101010111111101101111011100110110110001 2 0
55	13.027	27.260	( 0 )	1111000110110100101111101011010001101110111100011101100100000100111111101100100010010000011011010100000000111001001001010110111000100101010111111101101111111100110110110001 0 2
57	13.027	27.260	( 0 )	1111000110110100101111101011010001101110111100011101100100000100111111101100100010010000011011010100000000111001001001010110111000100101010111111101101111111100110110110001 0 0
56	13.027	27.260	( 0 )	1111000110110100101111101011010001101110111100011101100100000100111111101100100010010000011011010100000000111001001001010110111000100101010111111101101111111100110110110001 0 0
59	14.203	27.260	( 0 )	1111000110110100101111101011010001101110111000011101100100000100111111101100100010010000011011010100000000111001001001010110111000100101010111111101101111111100110110110001 1 0
58	14.203	27.260	( 0 )	1111000110110100101111101011010001101110111000011101100100000100111111101100100010010000011011010100000000111001001001010110111000100101010111111101101111111100110110110001 0 0
62	17.819	29.641	( 0 )	1111000110110100111111101011010001101110111000011101100100010100111011101100100010010000011011010100000000111101001001010110111000100111010111111101101111111100110110110001 3 2
64	17.819	29.641	( 0 )	1111000110110100111111101011010001101110111000011101100100010100111011101100100010010000011011010100000000111101001001010110111000100111010111111101101111111100110110110001 0 0
61	17.819	29.641	( 0 )	1111000110110100111111101011010001101110111000011101100100010100111011101100100010010000011011010100000000111101001001010110111000100111010111111101101111111100110110110001 0 0
63	17.819	29.641	( 0 )	1111000110110100111111101011010001101110111000011101100100010100111011101100100010010000011011010100000000111101001001010110111000100111010111111101101111111100110110110001 0 0
66	17.819	30.818	( 0 )	1111000110110100111111101011010001101110111000011101100100010100111011101100100010010000011011010100000000111101001001010110111000100111010111111101101111111100110111110001 0 1
77	17.819	30.818	( 0 )	1111000110110100111111101011010001101110111000011101100100010100111011101100100010010000011011010100000000111101001001010110111000100111010111111101101111111100110111110001 0 0
69	17.819	30.818	( 0 )	1111000110110100111111101011010001101110111000011101100100010100111011101100100010010000011011010100000000111101001001010110111000100111010111111101101111111100110111110001 0 0
67	17.819	30.818	( 0 )	1111000110110100111111101011010001101110111000011101100100010100111011101100100010010000011011010100000000111101001001010110111000100111010111111101101111111100110111110001 0 0
76	17.819	30.818	( 0 )	1111000110110100111111101011010001101110111000011101100100010100111011101100100010010000011011010100000000111101001001010110111000100111010111111101101111111100110111110001 0 0
71	17.819	30.818	( 0 )	1111000110110100111111101011010001101110111000011101100100010100111011101100100010010000011011010100000000111101001001010110111000100111010111111101101111111100110111110001 0 0
74	17.819	30.818	( 0 )	1111000110110100111111101011010001101110111000011101100100010100111011101100100010010000011011010100000000111101001001010110111000100111010111111101101111111100110111110001 0 0
73	17.819	30.818	( 0 )	1111000110110100111111101011010001101110111000011101100100010100111011101100100010010000011011010100000000111101001001010110111000100111010111111101101111111100110111110001 0 0
72	17.819	30.818	( 0 )	1111000110110100111111101011010001101110111000011101100100010100111011101100100010010000011011010100000000111101001001010110111000100111010111111101101111111100110111110001 0 0
75	17.819	30.818	( 0 )	1111000110110100111111101011010001101110111000011101100100010100111011101100100010010000011011010100000000111101001001010110111000100111010111111101101111111100110111110001 0 0
70	17.819	30.818	( 0 )	1111000110110100111111101011010001101110111000011101100100010100111011101100100010010000011011010100000000111101001001010110111000100111010111111101101111111100110111110001 0 0
68	17.819	30.818	( 0 )	1111000110110100111111101011010001101110111000011101100100010100111011101100100010010000011011010100000000111101001001010110111000100111010111111101101111111100110111110001 0 0
65	17.819	30.818	( 0 )	1111000110110100111111101011010001101110111000011101100100010100111011101100100010010000011011010100000000111101001001010110111000100111010111111101101111111100110111110001 0 0
82	18.996	33.199	( 0 )	1111000110110100111111101011010001101110111000011101100100010100111011101100100110010000011011010100000000111101001001010110111000100110010111111001101111111100110111110001 1 2
79	18.996	33.199	( 0 )	1111000110110100111111101011010001101110111000011101100100010100111011101100100110010000011011010100000000111101001001010110111000100110010111111001101111111100110111110001 0 0
83	18.996	33.199	( 0 )	1111000110110100111111101011010001101110111000011101100100010100111011101100100110010000011011010100000000111101001001010110111000100110010111111001101111111100110111110001 0 0
78	18.996	33.199	( 0 )	1111000110110100111111101011010001101110111000011101100100010100111011101100100110010000011011010100000000111101001001010110111000100110010111111001101111111100110111110001 0 0
81	18.996	33.199	( 0 )	1111000110110100111111101011010001101110111000011101100100010100111011101100100110010000011011010100000000111101001001010110111000100110010111111001101111111100110111110001 0 0
80	18.996	33.199	( 0 )	1111000110110100111111101011010001101110111000011101100100010100111011101100100110010000011011010100000000111101001001010110111000100110010111111001101111111100110111110001 0 0
85	20.172	34.376	( 0 )	1111000010110100111111101011010001101110111000011101100100010100111011101100100110010000011011011100000000111101001001010110111000100110010111111001101111111100110111110001 1 1
84	20.172	34.376	( 0 )	1111000010110100111111101011010001101110111000011101100100010100111011101100100110010000011011011100000000111101001001010110111000100110010111111001101111111100110111110001 0 0
86	20.172	34.376	( 0 )	1111000010110100111111101011010001101110111000011101100100010100111011101100100110010000011011011100000000111101001001010110111000100110010111111001101111111100110111110001 0 0
88	21.349	34.376	( 0 )	1111000010110100111111101011010001101110111000011101100100010100111011101100100110010100011011011100000000111101001001010110111000100110010111111001101111111100110111110001 1 0
91	21.349	35.552	( 0 )	1111000010110100111111101011010001101110111000011101100100010100111011101100100110010100011011011100000000111101001001010110111000100110010111111001101111111101110111110001 0 1
93	21.349	35.552	( 0 )	1111000010110100111111101011010001101110111000011101100100010100111011101100100110010100011011011100000000111101001001010110111000100110010111111001101111111101110111110001 0 0
94	21.349	35.552	( 0 )	1111000010110100111111101011010001101110111000011101100100010100111011101100100110010100011011011100000000111101001001010110111000100110010111111001101111111101110111110001 0 0
87	21.349	35.552	( 0 )	1111000010110100111111101011010001101110111000011101100100010100111011101100100110010100011011011100000000111101001001010110111000100110010111111001101111111101110111110001 0 0
95	21.349	35.552	( 0 )	1111000010110100111111101011010001101110111000011101100100010100111011101100100110010100011011011100000000111101001001010110111000100110010111111001101111111101110111110001 0 0
92	21.349	35.552	( 0 )	1111000010110100111111101011010001101110111000011101100100010100111011101100100110010100011011011100000000111101001001010110111000100110010111111001101111111101110111110001 0 0
90	21.349	35.552	( 0 )	1111000010110100111111101011010001101110111000011101100100010100111011101100100110010100011011011100000000111101001001010110111000100110010111111001101111111101110111110001 0 0
89	21.349	35.552	( 0 )	1111000010110100111111101011010001101110111000011101100100010100111011101100100110010100011011011100000000111101001001010110111000100110010111111001101111111101110111110001 0 0
103	22.525	36.729	( 0 )	1111000010110100111111101011010001101110111000011101100100010100111011111100100110010100011011011100000000111101001001010110111000100110010111111001101111111111110111110001 1 1
114	22.525	36.729	( 0 )	1111000010110100111111101011010001101110111000011101100100010100111011111100100110010100011011011100000000111101001001010110111000100110010111111001101111111111110111110001 0 0
101	22.525	36.729	( 0 )	1111000010110100111111101011010001101110111000011101100100010100111011111100100110010100011011011100000000111101001001010110111000100110010111111001101111111111110111110001 0 0
110	22.525	36.729	( 0 )	1111000010110100111111101011010001101110111000011101100100010100111011111100100110010100011011011100000000111101001001010110111000100110010111111001101111111111110111110001 0 0
99	22.525	36.729	( 0 )	1111000010110100111111101011010001101110111000011101100100010100111011111100100110010100011011011100000000111101001001010110111000100110010111111001101111111111110111110001 0 0
100	22.525	36.729	( 0 )	1111000010110100111111101011010001101110111000011101100100010100111011111100100110010100011011011100000000111101001001010110111000100110010111111001101111111111110111110001 0 0
112	22.525	36.729	( 0 )	1111000010110100111111101011010001101110111000011101100100010100111011111100100110010100011011011100000000111101001001010110111000100110010111111001101111111111110111110001 0 0
104	22.525	36.729	( 0 )	1111000010110100111111101011010001101110111000011101100100010100111011111100100110010100011011011100000000111101001001010110111000100110010111111001101111111111110111110001 0 0
111	22.525	36.729	( 0 )	1111000010110100111111101011010001101110111000011101100100010100111011111100100110010100011011011100000000111101001001010110111000100110010111111001101111111111110111110001 0 0
102	22.525	36.729	( 0 )	1111000010110100111111101011010001101110111000011101100100010100111011111100100110010100011011011100000000111101001001010110111000100110010111111001101111111111110111110001 0 0
113	22.525	36.729	( 0 )	1111000010110100111111101011010001101110111000011101100100010100111011111100100110010100011011011100000000111101001001010110111000100110010111111001101111111111110111110001 0 0
98	23.702	36.729	( 0 )	1111010010110100111111101011010001101110111000011101100100010100111011111100100110010100011011011100000000111101001001010110111000100110010111111001101111111111110111110001 1 0
97	23.702	36.729	( 0 )	1111010010110100111111101011010001101110111000011101100100010100111011111100100110010100011011011100000000111101001001010110111000100110010111111001101111111111110111110001 0 0
96	23.702	36.729	( 0 )	1111010010110100111111101011010001101110111000011101100100010100111011111100100110010100011011011100000000111101001001010110111000100110010111111001101111111111110111110001 0 0
109	23.702	36.729	( 0 )	1111010010110100111111101011010001101110111000011101100100010100111011111100100110010100011011011100000000111101001001010110111000100110010111111001101111111111110111110001 0 0
105	23.702	36.729	( 0 )	1111010010110100111111101011010001101110111000011101100100010100111011111100100110010100011011011100000000111101001001010110111000100110010111111001101111111111110111110001 0 0
106	23.702	36.729	( 0 )	1111010010110100111111101011010001101110111000011101100100010100111011111100100110010100011011011100000000111101001001010110111000100110010111111001101111111111110111110001 0 0
107	23.702	36.729	( 0 )	1111010010110100111111101011010001101110111000011101100100010100111011111100100110010100011011011100000000111101001001010110111000100110010111111001101111111111110111110001 0 0
108	23.702	36.729	( 0 )	1111010010110100111111101011010001101110111000011101100100010100111011111100100110010100011011011100000000111101001001010110111000100110010111111001101111111111110111110001 0 0
118	23.702	39.110	( 0 )	1111010010110100111111101011010001101110111000011101100100010100111011111100100110010100011011011100000000111101001001010110111000100010011111111001101111111111110111110001 0 2
117	26.083	39.110	( 0 )	1111000010110101111111101011010001101110111000011101100100010100111011111100100110010100011011011100000000111101001001010110111000100010011111111001101111111111110111110001 2 0
116	26.083	39.110	( 0 )	1111000010110101111111101011010001101110111000011101100100010100111011111100100110010100011011011100000000111101001001010110111000100010011111111001101111111111110111110001 0 0
119	26.083	39.110	( 0 )	1111000010110101111111101011010001101110111000011101100100010100111011111100100110010100011011011100000000111101001001010110111000100010011111111001101111111111110111110001 0 0
115	26.083	39.110	( 0 )	1111000010110101111111101011010001101110111000011101100100010100111011111100100110010100011011011100000000111101001001010110111000100010011111111001101111111111110111110001 0 0
124	26.083	40.287	( 0 )	1111000010110101111111101011010001101110111000011101100100010100111011111100100110010100011011011100000000111101001001010110111000100010011111111000101111111111110111110001 0 1
123	26.083	40.287	( 0 )	1111000010110101111111101011010001101110111000011101100100010100111011111100100110010100011011011100000000111101001001010110111000100010011111111000101111111111110111110001 0 0
122	26.083	41.463	( 0 )	1111000010110101111111101011010001101110111000011101100100010100111011111100100110010100011011011100000000111101001001010110111000100010011111111000101111111111110101110001 0 1
121	26.083	41.463	( 0 )	1111000010110101111111101011010001101110111000011101100100010100111011111100100110010100011011011100000000111101001001010110111000100010011111111000101111111111110101110001 0 0
120	26.083	41.463	( 0 )	1111000010110101111111101011010001101110111000011101100100010100111011111100100110010100011011011100000000111101001001010110111000100010011111111000101111111111110101110001 0 0
128	28.465	43.845	( 0 )	1111000010110101111111101011010001101110111000011101100100010110111011110100100110010100001011011101000000111101001001010110111000100010011111111000101111111111110101110001 2 2
126	28.465	43.845	( 0 )	1111000010110101111111101011010001101110111000011101100100010110111011110100100110010100001011011101000000111101001001010110111000100010011111111000101111111111110101110001 0 0
129	28.465	43.845	( 0 )	1111000010110101111111101011010001101110111000011101100100010110111011110100100110010100001011011101000000111101001001010110111000100010011111111000101111111111110101110001 0 0
125	28.465	43.845	( 0 )	1111000010110101111111101011010001101110111000011101100100010110111011110100100110010100001011011101000000111101001001010110111000100010011111111000101111111111110101110001 0 0
130	28.465	43.845	( 0 )	1111000010110101111111101011010001101110111000011101100100010110111011110100100110010100001011011101000000111101001001010110111000100010011111111000101111111111110101110001 0 0
127	28.465	45.021	( 0 )	1111000010110101111111101011010001101110111000011101100100010110111011110100100110010100001011011101000000111101001001010110111000100010011111111000101111111111110101010001 0 1
131	28.465	48.637	( 0 )	1111000010110101111111101011010001101110111000011101100100010110111011110100100110010100001011011101000000111101001001010010111000100010011111111000101111111111111101010011 0 3
133	28.465	48.637	( 0 )	1111000010110101111111101011010001101110111000011101100100010110111011110100100110010100001011011101000000111101001001010010111000100010011111111000101111111111111101010011 0 0
132	28.465	48.637	( 0 )	1111000010110101111111101011010001101110111000011101100100010110111011110100100110010100001011011101000000111101001001010010111000100010011111111000101111111111111101010011 0 0
134	28.465	49.814	( 0 )	1111000010110101111111101011010001101110111000011101100100010110111011110100100110010100001011011101000000111101001001010011111000100010011111111000101111111111111101010011 0 1
135	28.465	49.814	( 0 )	1111000010110101111111101011010001101110111000011101100100010110111011110100100110010100001011011101000000111101001001010011111000100010011111111000101111111111111101010011 0 0
137	28.465	50.990	( 0 )	1111000010110101111111101011010001101110111000011101100100010110111011110100100110010100001011011101000000111101001001010011111000101010011111111000101111111111111101010011 0 1
136	28.465	50.990	( 0 )	1111000010110101111111101011010001101110111000011101100100010110111011110100100110010100001011011101000000111101001001010011111000101010011111111000101111111111111101010011 0 0
140	28.465	52.167	( 0 )	1111000010110101111111101011010001101110111000011101100100010110111011110100100110010100001011011101000000110101001001010011111000101010011111111000101111111111111101010011 0 1
139	28.465	52.167	( 0 )	1111000010110101111111101011010001101110111000011101100100010110111011110100100110010100001011011101000000110101001001010011111000101010011111111000101111111111111101010011 0 0
144	28.465	52.167	( 0 )	1111000010110101111111101011010001101110111000011101100100010110111011110100100110010100001011011101000000110101001001010011111000101010011111111000101111111111111101010011 0 0
142	28.465	52.167	( 0 )	1111000010110101111111101011010001101110111000011101100100010110111011110100100110010100001011011101000000110101001001010011111000101010011111111000101111111111111101010011 0 0
141	28.465	52.167	( 0 )	1111000010110101111111101011010001101110111000011101100100010110111011110100100110010100001011011101000000110101001001010011111000101010011111111000101111111111111101010011 0 0
138	28.465	52.167	( 0 )	1111000010110101111111101011010001101110111000011101100100010110111011110100100110010100001011011101000000110101001001010011111000101010011111111000101111111111111101010011 0 0
143	28.465	52.167	( 0 )	1111000010110101111111101011010001101110111000011101100100010110111011110100100110010100001011011101000000110101001001010011111000101010011111111000101111111111111101010011 0 0
145	28.465	54.548	( 0 )	1111000010110101111111101011010001101110111000011101100100010110111011110100100110010100001011011101000000110101101001010011111000101010011110111000101111111111111101010011 0 2
147	28.465	54.548	( 0 )	1111000010110101111111101011010001101110111000011101100100010110111011110100100110010100001011011101000000110101101001010011111000101010011110111000101111111111111101010011 0 0
150	28.465	54.548	( 0 )	1111000010110101111111101011010001101110111000011101100100010110111011110100100110010100001011011101000000110101101001010011111000101010011110111000101111111111111101010011 0 0
148	28.465	54.548	( 0 )	1111000010110101111111101011010001101110111000011101100100010110111011110100100110010100001011011101000000110101101001010011111000101010011110111000101111111111111101010011 0 0
158	28.465	54.548	( 0 )	1111000010110101111111101011010001101110111000011101100100010110111011110100100110010100001011011101000000110101101001010011111000101010011110111000101111111111111101010011 0 0
146	28.465	54.548	( 0 )	1111000010110101111111101011010001101110111000011101100100010110111011110100100110010100001011011101000000110101101001010011111000101010011110111000101111111111111101010011 0 0
149	28.465	54.548	( 0 )	1111000010110101111111101011010001101110111000011101100100010110111011110100100110010100001011011101000000110101101001010011111000101010011110111000101111111111111101010011 0 0
151	28.465	54.548	( 0 )	1111000010110101111111101011010001101110111000011101100100010110111011110100100110010100001011011101000000110101101001010011111000101010011110111000101111111111111101010011 0 0
153	28.465	56.930	( 0 )	1111000010110101111111101011010001101110111000011101100100010110111011110100100110010100001111011101000000110101101001010011111000101010011110111000101111111111111001010011 0 2
157	28.465	56.930	( 0 )	1111000010110101111111101011010001101110111000011101100100010110111011110100100110010100001111011101000000110101101001010011111000101010011110111000101111111111111001010011 0 0
152	28.465	56.930	( 0 )	1111000010110101111111101011010001101110111000011101100100010110111011110100100110010100001111011101000000110101101001010011111000101010011110111000101111111111111001010011 0 0
155	28.465	56.930	( 0 )	1111000010110101111111101011010001101110111000011101100100010110111011110100100110010100001111011101000000110101101001010011111000101010011110111000101111111111111001010011 0 0
154	28.465	56.930	( 0 )	1111000010110101111111101011010001101110111000011101100100010110111011110100100110010100001111011101000000110101101001010011111000101010011110111000101111111111111001010011 0 0
156	28.465	56.930	( 0 )	1111000010110101111111101011010001101110111000011101100100010110111011110100100110010100001111011101000000110101101001010011111000101010011110111000101111111111111001010011 0 0
160	28.465	60.546	( 0 )	1111000010110101111111101011010001101110111000011101100100010110111011110100100110010100001111011101000101110101101001010011111000101010011110111000100111111111111001010011 0 3
159	28.465	60.546	( 0 )	1111000010110101111111101011010001101110111000011101100100010110111011110100100110010100001111011101000101110101101001010011111000101010011110111000100111111111111001010011 0 0
163	30.846	60.546	( 0 )	1111000010110101111111101011010001101110101000010101100100010110111011110100100110010100001111011101000101110101101001010011111000101010011110111000100111111111111001010011 2 0
165	32.023	60.546	( 0 )	1111000010110101111111101011010001101110101000010101100100010110111011110100100110011100001111011101000101110101101001010011111000101010011110111000100111111111111001010011 1 0
166	32.023	60.546	( 0 )	1111000010110101111111101011010001101110101000010101100100010110111011110100100110011100001111011101000101110101101001010011111000101010011110111000100111111111111001010011 0 0
162	32.023	60.546	( 0 )	1111000010110101111111101011010001101110101000010101100100010110111011110100100110011100001111011101000101110101101001010011111000101010011110111000100111111111111001010011 0 0
161	32.023	60.546	( 0 )	1111000010110101111111101011010001101110101000010101100100010110111011110100100110011100001111011101000101110101101001010011111000101010011110111000100111111111111001010011 0 0
164	32.023	61.722	( 0 )	1111000010110101111111101011010001101110101000010101100100010110111011110100100110011100001111011101000101110111101001010011111000101010011110111000100111111111111001010011 0 1
167	33.199	61.722	( 0 )	1111000010110101111111101011010001101110101000010101100100000110111011110100100110011100001111011101000101110111101001010011111000101010011110111000100111111111111001010011 1 0
179	33.199	62.899	( 0 )	1111000010110101111111101011010001101110101000010101100100000110111011110100100110011100001111011111000101110111101001010011111000101010011110111000100111111111111001010011 0 1
170	33.199	62.899	( 0 )	1111000010110101111111101011010001101110101000010101100100000110111011110100100110011100001111011111000101110111101001010011111000101010011110111000100111111111111001010011 0 0
168	33.199	62.899	( 0 )	1111000010110101111111101011010001101110101000010101100100000110111011110100100110011100001111011111000101110111101001010011111000101010011110111000100111111111111001010011 0 0
177	33.199	62.899	( 0 )	1111000010110101111111101011010001101110101000010101100100000110111011110100100110011100001111011111000101110111101001010011111000101010011110111000100111111111111001010011 0 0
178	33.199	62.899	( 0 )	1111000010110101111111101011010001101110101000010101100100000110111011110100100110011100001111011111000101110111101001010011111000101010011110111000100111111111111001010011 0 0
174	33.199	64.075	( 0 )	1111000010110101111111101011010001101110101000010101100100000110111011110100100110011100001011011111000101110111101001010011111000101010011110111000100111111111111001010011 0 1
172	33.199	64.075	( 0 )	1111000010110101111111101011010001101110101000010101100100000110111011110100100110011100001011011111000101110111101001010011111000101010011110111000100111111111111001010011 0 0
173	33.199	64.075	( 0 )	1111000010110101111111101011010001101110101000010101100100000110111011110100100110011100001011011111000101110111101001010011111000101010011110111000100111111111111001010011 0 0
169	33.199	64.075	( 0 )	1111000010110101111111101011010001101110101000010101100100000110111011110100100110011100001011011111000101110111101001010011111000101010011110111000100111111111111001010011 0 0
171	33.199	64.075	( 0 )	1111000010110101111111101011010001101110101000010101100100000110111011110100100110011100001011011111000101110111101001010011111000101010011110111000100111111111111001010011 0 0
175	33.199	65.252	( 0 )	1111000010110101111111101011010001101110101000010101100100000110111011110100100110011100001011011111000101110111101001010011111000101010011110111000100111101111111001010011 0 1
183	33.199	65.252	( 0 )	1111000010110101111111101011010001101110101000010101100100000110111011110100100110011100001011011111000101110111101001010011111000101010011110111000100111101111111001010011 0 0
181	33.199	65.252	( 0 )	1111000010110101111111101011010001101110101000010101100100000110111011110100100110011100001011011111000101110111101001010011111000101010011110111000100111101111111001010011 0 0
176	33.199	65.252	( 0 )	1111000010110101111111101011010001101110101000010101100100000110111011110100100110011100001011011111000101110111101001010011111000101010011110111000100111101111111001010011 0 0
182	34.376	65.252	( 0 )	1110000010110101111111101011010001101110101000010101100100000110111011110100100110011100001011011111000101110111101001010011111000101010011110111000100111101111111001010011 1 0
180	34.376	65.252	( 0 )	1110000010110101111111101011010001101110101000010101100100000110111011110100100110011100001011011111000101110111101001010011111000101010011110111000100111101111111001010011 0 0
184	35.552	68.868	( 0 )	1110000010110101111111101011010001101110101000010101101100000110111011110100100110011100001011011111000101110110101001000011111001101010011110111000100111101111111001010011 1 3
185	36.729	68.868	( 0 )	1110000010110101111111101001010001101110101000010101101100000110111011110100100110011100001011011111000101110110101001000011111001101010011110111000100111101111111001010011 1 0
186	36.729	68.868	( 0 )	1110000010110101111111101001010001101110101000010101101100000110111011110100100110011100001011011111000101110110101001000011111001101010011110111000100111101111111001010011 0 0
187	36.729	68.868	( 0 )	1110000010110101111111101001010001101110101000010101101100000110111011110100100110011100001011011111000101110110101001000011111001101010011110111000100111101111111001010011 0 0
188	39.110	70.044	( 0 )	1110000010110101111111101001000001101110101100010101101100000110111011110100100110011100001011011111000101110110101001000011111001101010111110111000100111101111111001010011 2 1
190	39.110	70.044	( 0 )	1110000010110101111111101001000001101110101100010101101100000110111011110100100110011100001011011111000101110110101001000011111001101010111110111000100111101111111001010011 0 0
189	39.110	70.044	( 0 )	1110000010110101111111101001000001101110101100010101101100000110111011110100100110011100001011011111000101110110101001000011111001101010111110111000100111101111111001010011 0 0
192	41.492	70.044	( 0 )	1110000010110101111011101001000001101110101100010101001100000110111011110100100110011100001011011111000101110110101001000011111001101010111110111000100111101111111001010011 2 0
191	41.492	70.044	( 0 )	1110000010110101111011101001000001101110101100010101001100000110111011110100100110011100001011011111000101110110101001000011111001101010111110111000100111101111111001010011 0 0
193	41.492	70.044	( 0 )	1110000010110101111011101001000001101110101100010101001100000110111011110100100110011100001011011111000101110110101001000011111001101010111110111000100111101111111001010011 0 0
194	42.668	71.221	( 0 )	1110000010110101111011101001000001101110101100010101001100000110111011110000100110011100001011011111000101110110101001000011111001101010111110101000100111101111111001010011 1 1
195	42.668	76.103	( 0 )	1110000010110101111011101001000001101110101100010101001100000110111011110000100110011111001011011111001111110110101001000011111001101010111110101000100111101111111001010011 0 4
197	43.845	77.279	( 0 )	1110000010010101111011101001000001101110101100010101001100000110111011110000100110011111001011011111001111110110101001000011111001101010111100101000100111101111111001010011 1 1
198	43.845	77.279	( 0 )	1110000010010101111011101001000001101110101100010101001100000110111011110000100110011111001011011111001111110110101001000011111001101010111100101000100111101111111001010011 0 0
199	43.845	77.279	( 0 )	1110000010010101111011101001000001101110101100010101001100000110111011110000100110011111001011011111001111110110101001000011111001101010111100101000100111101111111001010011 0 0
196	43.845	77.279	( 0 )	1110000010010101111011101001000001101110101100010101001100000110111011110000100110011111001011011111001111110110101001000011111001101010111100101000100111101111111001010011 0 0
200	45.021	77.279	( 0 )	1110000010010001111011101001000001101110101100010101001100000110111011110000100110011111001011011111001111110110101001000011111001101010111100101000100111101111111001010011 1 0
201	45.021	77.279	( 0 )	1110000010010001111011101001000001101110101100010101001100000110111011110000100110011111001011011111001111110110101001000011111001101010111100101000100111101111111001010011 0 0
202	45.021	77.279	( 0 )	1110000010010001111011101001000001101110101100010101001100000110111011110000100110011111001011011111001111110110101001000011111001101010111100101000100111101111111001010011 0 0
203	45.021	77.279	( 0 )	1110000010010001111011101001000001101110101100010101001100000110111011110000100110011111001011011111001111110110101001000011111001101010111100101000100111101111111001010011 0 0
213	47.403	78.456	( 0 )	1110000010010001111011101001000001101110100100010101001100000010111011110000100110011111001011011111001111110110111001000011111001101010111100101000100111101111111001010011 2 1
204	48.579	78.456	( 0 )	1110000010010001111011101001000001111110100100010101001100000010111011110000100110011111001011011111001111110110111001000011111001101010111100101000100111101111111001010011 1 0
212	48.579	78.456	( 0 )	1110000010010001111011101001000001111110100100010101001100000010111011110000100110011111001011011111001111110110111001000011111001101010111100101000100111101111111001010011 0 0
210	53.461	78.456	( 0 )	1110000110010001101011101101000001111110100100010101001100000010011011110000100110011111001011011111001111110110111001000011111001101010111100101000100111101111111001010011 4 0
208	53.461	78.456	( 0 )	1110000110010001101011101101000001111110100100010101001100000010011011110000100110011111001011011111001111110110111001000011111001101010111100101000100111101111111001010011 0 0
206	53.461	78.456	( 0 )	1110000110010001101011101101000001111110100100010101001100000010011011110000100110011111001011011111001111110110111001000011111001101010111100101000100111101111111001010011 0 0
209	53.461	78.456	( 0 )	1110000110010001101011101101000001111110100100010101001100000010011011110000100110011111001011011111001111110110111001000011111001101010111100101000100111101111111001010011 0 0
207	53.461	78.456	( 0 )	1110000110010001101011101101000001111110100100010101001100000010011011110000100110011111001011011111001111110110111001000011111001101010111100101000100111101111111001010011 0 0
205	53.461	78.456	( 0 )	1110000110010001101011101101000001111110100100010101001100000010011011110000100110011111001011011111001111110110111001000011111001101010111100101000100111101111111001010011 0 0
211	53.461	78.456	( 0 )	1110000110010001101011101101000001111110100100010101001100000010011011110000100110011111001011011111001111110110111001000011111001101010111100101000100111101111111001010011 0 0
216	57.077	79.632	( 0 )	1110000100010001111011101101000001101110100100010101001100000010011011110000100110011111001010011111001111110110111001000011111001101010111100101000100111101111111001010011 3 1
220	58.254	80.809	( 0 )	1110000000010001111011101101000001101110100100010101001100000010011011110000100110011111001010011111001111110110111001000011111101101010111100101000100111101111111001010011 1 1
221	58.254	80.809	( 0 )	1110000000010001111011101101000001101110100100010101001100000010011011110000100110011111001010011111001111110110111001000011111101101010111100101000100111101111111001010011 0 0
222	58.254	80.809	( 0 )	1110000000010001111011101101000001101110100100010101001100000010011011110000100110011111001010011111001111110110111001000011111101101010111100101000100111101111111001010011 0 0
219	59.430	80.809	( 0 )	1110000000010001111011101001000001101110100100010101001100000010011011110000100110011111001010011111001111110110111001000011111101101010111100101000100111101111111001010011 1 0
217	59.430	80.809	( 0 )	1110000000010001111011101001000001101110100100010101001100000010011011110000100110011111001010011111001111110110111001000011111101101010111100101000100111101111111001010011 0 0
218	59.430	80.809	( 0 )	1110000000010001111011101001000001101110100100010101001100000010011011110000100110011111001010011111001111110110111001000011111101101010111100101000100111101111111001010011 0 0
223	59.430	81.985	( 0 )	1110000000010001111011101001000001101110100100010101001100000010011011110000100110011111001010001111001111110110111001000011111101101010111100101000100111101111111001010011 0 1
225	60.607	81.985	( 0 )	1110000100010001111011101001000001101110100100010101001100000010011011110000100110011111001010001111001111110110111001000011111101101010111100101000100111101111111001010011 1 0
231	60.607	83.162	( 0 )	1110000100010001111011101001000001101110100100010101001100000010011011110000100110011111001010001111001111110110111001000011111101101010111100101000100111101111111001010111 0 1
230	60.607	83.162	( 0 )	1110000100010001111011101001000001101110100100010101001100000010011011110000100110011111001010001111001111110110111001000011111101101010111100101000100111101111111001010111 0 0
226	60.607	83.162	( 0 )	1110000100010001111011101001000001101110100100010101001100000010011011110000100110011111001010001111001111110110111001000011111101101010111100101000100111101111111001010111 0 0
229	62.988	83.162	( 0 )	1110010100010001111011100001000001101110100100010101001100000010011011110000100110011111001010001111001111110110111001000011111101101010111100101000100111101111111001010111 2 0
227	62.988	83.162	( 0 )	1110010100010001111011100001000001101110100100010101001100000010011011110000100110011111001010001111001111110110111001000011111101101010111100101000100111101111111001010111 0 0
228	62.988	83.162	( 0 )	1110010100010001111011100001000001101110100100010101001100000010011011110000100110011111001010001111001111110110111001000011111101101010111100101000100111101111111001010111 0 0
214	64.165	83.162	( 0 )	1110010100010001111011100001000001101110100100010101001100000010011011110000100110001111001010001111001111110110111001000011111101101010111100101000100111101111111001010111 1 0
215	64.165	83.162	( 0 )	1110010100010001111011100001000001101110100100010101001100000010011011110000100110001111001010001111001111110110111001000011111101101010111100101000100111101111111001010111 0 0
224	66.546	83.162	( 0 )	1110010000010001111011100001000001101110100100010101001100000010011001110000100110001111001010001111001111110110111001000011111101101010111100101000100111101111111001010111 2 0
233	67.723	86.778	( 0 )	1110010000010001111011100001000001101110000100010101001100000010011001110000100110001111001010001111001111110110111001000011111101001011111100101000100111101111101001010111 1 3
234	67.723	86.778	( 0 )	1110010000010001111011100001000001101110000100010101001100000010011001110000100110001111001010001111001111110110111001000011111101001011111100101000100111101111101001010111 0 0
235	68.899	86.778	( 0 )	1110010000010001111011000001000001101110000100010101001100000010011001110000100110001111001010001111001111110110111001000011111101001011111100101000100111101111101001010111 1 0
236	68.899	86.778	( 0 )	1110010000010001111011000001000001101110000100010101001100000010011001110000100110001111001010001111001111110110111001000011111101001011111100101000100111101111101001010111 0 0
237	68.899	87.954	( 0 )	1110010000010001111011000001000001101110000100010101001100000010011001110000100110001111001010001111001111110110111001000011111101001011111100101000100111101111001001010111 0 1
254	68.899	87.954	( 0 )	1110010000010001111011000001000001101110000100010101001100000010011001110000100110001111001010001111001111110110111001000011111101001011111100101000100111101111001001010111 0 0
248	68.899	87.954	( 0 )	1110010000010001111011000001000001101110000100010101001100000010011001110000100110001111001010001111001111110110111001000011111101001011111100101000100111101111001001010111 0 0
253	68.899	87.954	( 0 )	1110010000010001111011000001000001101110000100010101001100000010011001110000100110001111001010001111001111110110111001000011111101001011111100101000100111101111001001010111 0 0
232	70.076	87.954	( 0 )	1110000000010001111011000001000001101110000100010101001100000010011001110000100110001111001010001111001111110110111001000011111101001011111100101000100111101111001001010111 1 0
241	72.457	87.954	( 0 )	1100000000000001111011000001000001101110000100010101001100000010011001110000100110001111001010001111001111110110111001000011111101001011111100101000100111101111001001010111 2 0
239	72.457	87.954	( 0 )	1100000000000001111011000001000001101110000100010101001100000010011001110000100110001111001010001111001111110110111001000011111101001011111100101000100111101111001001010111 0 0
242	72.457	87.954	( 0 )	1100000000000001111011000001000001101110000100010101001100000010011001110000100110001111001010001111001111110110111001000011111101001011111100101000100111101111001001010111 0 0
256	72.457	89.131	( 0 )	1100000000000001111011000001000001101110000100010101001100000010011001110000100110001111101010001111001111110110111001000011111101001011111100101000100111101111001001010111 0 1
255	72.457	89.131	( 0 )	1100000000000001111011000001000001101110000100010101001100000010011001110000100110001111101010001111001111110110111001000011111101001011111100101000100111101111001001010111 0 0
247	72.457	89.131	( 0 )	1100000000000001111011000001000001101110000100010101001100000010011001110000100110001111101010001111001111110110111001000011111101001011111100101000100111101111001001010111 0 0
252	72.457	89.131	( 0 )	1100000000000001111011000001000001101110000100010101001100000010011001110000100110001111101010001111001111110110111001000011111101001011111100101000100111101111001001010111 0 0
249	72.457	89.131	( 0 )	1100000000000001111011000001000001101110000100010101001100000010011001110000100110001111101010001111001111110110111001000011111101001011111100101000100111101111001001010111 0 0
238	72.457	89.131	( 0 )	1100000000000001111011000001000001101110000100010101001100000010011001110000100110001111101010001111001111110110111001000011111101001011111100101000100111101111001001010111 0 0
240	72.457	89.131	( 0 )	1100000000000001111011000001000001101110000100010101001100000010011001110000100110001111101010001111001111110110111001000011111101001011111100101000100111101111001001010111 0 0
250	72.457	89.131	( 0 )	1100000000000001111011000001000001101110000100010101001100000010011001110000100110001111101010001111001111110110111001000011111101001011111100101000100111101111001001010111 0 0
257	72.457	89.131	( 0 )	1100000000000001111011000001000001101110000100010101001100000010011001110000100110001111101010001111001111110110111001000011111101001011111100101000100111101111001001010111 0 0
251	72.457	89.131	( 0 )	1100000000000001111011000001000001101110000100010101001100000010011001110000100110001111101010001111001111110110111001000011111101001011111100101000100111101111001001010111 0 0
246	73.634	89.131	( 0 )	1100000000000001111011000001000000101110000100010101001100000010011001110000100110001111101010001111001111110110111001000011111101001011111100101000100111101111001001010111 1 0
243	78.515	90.308	( 0 )	1000000000000000111011000001000000101110000100000101000100000010011001110000100110001111101010001111001111110110111001000011111101000011111100101000100111101111001001010111 4 1
244	78.515	90.308	( 0 )	1000000000000000111011000001000000101110000100000101000100000010011001110000100110001111101010001111001111110110111001000011111101000011111100101000100111101111001001010111 0 0
245	78.515	90.308	( 0 )	1000000000000000111011000001000000101110000100000101000100000010011001110000100110001111101010001111001111110110111001000011111101000011111100101000100111101111001001010111 0 0
